       -0.06952    -0.00483603       -0.09384    -0.00694534        0.29184      0.0253118        0.29184      0.0253118    -0.00140979     4.6489e-07   -1.17563e-06     -0.0164028        75.9603
     -0.0892692    -0.00136923       -0.09384    -0.00694534              0              0      0.0657526     0.00534544    -0.00147798   -0.000259411     -0.0328055     -0.0271776        86.6223
     -0.0908769    -0.00348281       -0.09384    -0.00694534              0              0      0.0344379      0.0642317     -0.0067003     -0.0153026     -0.0215497     -0.0264275        82.2261
     -0.0918896    -0.00337915       -0.09384    -0.00572348              0      0.0293248      0.0256772     0.00613924      -0.018824     -0.0102487     -0.0313053     -0.0166092        76.9476
     -0.0898569    -0.00215577     -0.0926133    -0.00572348      0.0294399              0      0.0240257      0.0779137     -0.0265161     -0.0127314    -0.00191288     -0.0153832        78.0762
     -0.0858156   -0.000377725     -0.0913867    -0.00450161      0.0294399      0.0293248      0.0914619      0.0505727     -0.0313053   -0.000619304     -0.0288534     -0.0394532        74.8364
     -0.0862092    -0.00341014       -0.09016    -0.00450161      0.0294401              0      0.0321096   -0.000784555     -0.0253535      -0.010858      -0.050053     -0.0438582        79.5091
     -0.0867081    0.000158716       -0.09016    -0.00327974              0      0.0293248      0.0602055      0.0495969      -0.030288     -0.0233793     -0.0376637     -0.0334179        84.7979
     -0.0858029     0.00389796     -0.0889333    -0.00205788      0.0294399      0.0293248       0.026726      0.0979567     -0.0208863     -0.0183582     -0.0291721     -0.0447813        78.3801
     -0.0798502     0.00399503       -0.08648    -0.00083601      0.0588799      0.0293248       0.104158       0.053249     -0.0194631     -0.0128276     -0.0603911     -0.0633363        73.5234
     -0.0786707     0.00345331     -0.0852533    0.000385857      0.0294401      0.0293248       0.102279      0.0189238    -0.00358131      -0.031131     -0.0662825     -0.0443427        78.9482
     -0.0799803     0.00621738     -0.0840267     0.00160772      0.0294399      0.0293248      0.0310585       0.073433    -0.00981953     -0.0347433     -0.0224052     -0.0137269        73.7603
     -0.0813325     0.00184243        -0.0828     0.00160772      0.0294399              0     -0.0152488     -0.0206146     -0.0343224     -0.0138176    -0.00504903      0.0241804        88.4445
     -0.0719818     0.00891329       -0.07912     0.00405146        0.08832      0.0586496       0.102653      0.0893409     -0.0366435    -0.00252141      0.0534096      0.0500569        72.5216
     -0.0737351     0.00494976     -0.0778933     0.00405146      0.0294403              0      0.0484654      0.0079477    -0.00449314      0.0235481      0.0467014      0.0398393        75.4704
     -0.0757016     0.00288231     -0.0766667     0.00405146      0.0294399              0    0.000611445     -0.0186476      0.0159291      0.0231001      0.0329766       0.025939        80.5858
     -0.0757045   -0.000657382     -0.0766667     0.00405146              0              0      0.0464892     -0.0998634      0.0354738      0.0119409      0.0189009      0.0479717        97.4937
     -0.0771976     0.00601211     -0.0766667     0.00649517              0      0.0586491    -0.00669969    -0.00581771      0.0517664     0.00507282      0.0770431      0.0956669        93.2788
     -0.0778869      0.0093842     -0.0766667     0.00771704              0      0.0293248     -0.0252421      0.0513179      0.0257075       0.031985       0.114288      0.0959616        93.2457
     -0.0744789     0.00413773       -0.07544     0.00771704      0.0294399              0   -0.000379648     -0.0746648    -0.00860944      0.0527816      0.0776315      0.0775704        88.9109
       -0.07241    0.000934867     -0.0742133     0.00649517      0.0294401     -0.0293248     0.00348135     -0.0682602     -0.0293112      0.0350429      0.0775099      0.0710111        91.2778
     -0.0652418   -0.000839836       -0.07176     0.00649517      0.0588799              0       0.099491      -0.135207     -0.0316668      0.0318949      0.0645118      0.0891132        81.5645
     -0.0660833     0.00216692       -0.07176     0.00649517              0              0      0.0979158     -0.0339113     -0.0138864      0.0272562       0.113714       0.109479         77.961
     -0.0682696     0.00254048       -0.07176     0.00649517              0              0      0.0411361     -0.0533852    -0.00813558      0.0496422       0.105248      0.0943918        77.4705
     -0.0708572    0.000763367       -0.07176     0.00527332              0     -0.0293243    -0.00995824      -0.045041      -0.023397      0.0488425      0.0835347      0.0571418        67.2834
     -0.0640871    -0.00762538     -0.0693067     0.00160772      0.0588799     -0.0879744      0.0701115      -0.129694     -0.0334701      0.0353762      0.0307479      0.0163364        58.5677
     -0.0635402    -0.00494596       -0.06808    0.000385857      0.0294401     -0.0293248      0.0583921     -0.0630785     -0.0193593     0.00936185     0.00192499     -0.0138088        73.6617
     -0.0658486    -0.00501716       -0.06808    -0.00083601              0     -0.0293248       0.034481     -0.0641301   -0.000856067    -0.00851609     -0.0295423     -0.0295415        65.3053
     -0.0644356    -0.00121382     -0.0668533    -0.00083601      0.0294403              0      0.0310746     0.00167023       0.011484     -0.0230992     -0.0295405     -0.0311782        72.9375
     -0.0654727    -0.00798853     -0.0668533    -0.00450161              0     -0.0879744      0.0303545     -0.0308232      0.0160093     -0.0236864     -0.0328157     -0.0397683        78.4576
     -0.0651554    -0.00782293     -0.0656267    -0.00572348      0.0294396     -0.0293248     -0.0162872     -0.0322495      0.0162135     -0.0237188     -0.0467208     -0.0419412          68.03
     -0.0616736    -0.00777523        -0.0644    -0.00694534      0.0294403     -0.0293248      0.0487532    -0.00194346     0.00310168     -0.0295131     -0.0371608     -0.0343167        63.1149
     -0.0613342     -0.0097993     -0.0631733    -0.00816719      0.0294401     -0.0293243     0.00766265     -0.0277029     0.00660429     -0.0268072     -0.0314727     -0.0175876        62.9544
     -0.0571762     -0.0131787       -0.06072     -0.0106109      0.0588799     -0.0586496       0.038519     -0.0170525   -0.000624086     -0.0207512    -0.00370234    -0.00167873         59.084
     -0.0559799     -0.0143764     -0.0594933     -0.0118328      0.0294401     -0.0293248      0.0540635     -0.0358242     0.00554917    -0.00559558     0.00034523     0.00712776        61.1156
     -0.0577691     -0.0174879     -0.0594933     -0.0142765              0     -0.0586496      0.0293929     -0.0228806      0.0145402    -0.00325764      0.0139103     0.00451231        73.9703
     -0.0566797     -0.0186145     -0.0582667     -0.0154984      0.0294397     -0.0293248      0.0073972     -0.0462349      0.0121521     0.00178193    -0.00488451    -0.00569931        57.5576
     -0.0542572     -0.0193518       -0.05704     -0.0167203      0.0294401     -0.0293248      0.0389858     -0.0305498   -0.000193025    -0.00554241    -0.00651432    -0.00739805         65.658
     -0.0532139     -0.0210415     -0.0558133     -0.0179421      0.0294402     -0.0293248      0.0245565       -0.04686    -0.00163319    -0.00792314     -0.0082818    0.000571251             67
     -0.0506702     -0.0212675     -0.0545867      -0.019164      0.0294397     -0.0293248      0.0612393      -0.015971     -0.0025399    -0.00714792     0.00942326     0.00862455        70.6193
     -0.0542275     -0.0222445     -0.0545867     -0.0203859              0     -0.0293248     -0.0137889     -0.0166561     0.00297925     0.00197636     0.00782633     0.00099802        59.4635
     -0.0491985     -0.0258641     -0.0521333     -0.0228296      0.0588803     -0.0586491      0.0301075     -0.0259972   -0.000844027     0.00216042    -0.00583067     -0.0212037        67.0985
     -0.0491168     -0.0266256     -0.0521333     -0.0240514              0     -0.0293248      0.0702135     -0.0396614      0.0106847    -0.00492049     -0.0365765     -0.0388625        69.4497
     -0.0488548     -0.0280908     -0.0509067     -0.0252733      0.0294397     -0.0293248      0.0140095      -0.046353      0.0276299     -0.0203093     -0.0411494     -0.0273036        62.5798
     -0.0538097     -0.0237325     -0.0521333     -0.0252733     -0.0294397              0     -0.0252385      0.0424696      0.0108316     -0.0229296     -0.0134589     -0.0193232         66.033
     -0.0472075     -0.0299435       -0.04968      -0.027717      0.0588799     -0.0586496      0.0193546     -0.0296786   -2.74431e-05    -0.00973715     -0.0251867     -0.0253259        66.1852
     -0.0489801     -0.0308227       -0.04968     -0.0289389              0     -0.0293248     0.00774469     -0.0231685    -0.00208833      -0.014971     -0.0254652     -0.0217928        65.4239
     -0.0459405      -0.029477     -0.0484533     -0.0301608      0.0294402     -0.0293248      0.0393239      0.0375547     0.00625143     -0.0163007     -0.0181205     -0.0382963        58.8545
     -0.0469933     -0.0283337     -0.0484533     -0.0301608              0              0      0.0287127      0.0214955       0.016952     -0.0133453     -0.0584717     -0.0703934        64.8933
     -0.0519272     -0.0286165       -0.04968     -0.0301608     -0.0294402              0     -0.0405802     0.00994163      0.0191574     -0.0244655     -0.0823141     -0.0773609        74.6215
     -0.0497048     -0.0228116       -0.04968     -0.0289389              0      0.0293248     0.00887069       0.101134     0.00685487     -0.0387764     -0.0724076     -0.0819383        67.3257
      -0.049582     -0.0226445       -0.04968      -0.027717              0      0.0293248    -0.00494996       0.047074     0.00533781     -0.0349027     -0.0914682     -0.0787807         72.972
     -0.0519733      -0.019784     -0.0509067     -0.0264952     -0.0294401      0.0293248    -0.00941913       0.104224    -0.00144043     -0.0435052     -0.0660936      -0.065241        72.0546
     -0.0520764       -0.01665     -0.0509067     -0.0240514              0      0.0586496     -0.0307384      0.0866583    -0.00138464     -0.0332153     -0.0643882     -0.0542679        72.8999
     -0.0520567    -0.00907352     -0.0521333     -0.0203859     -0.0294397       0.087974      0.0317392        0.16852   -0.000303532     -0.0301616     -0.0441477     -0.0560015        73.8986
     -0.0543377     -0.0106258       -0.05336      -0.019164     -0.0294401      0.0293248     -0.0117987       0.116924      0.0165226     -0.0220786     -0.0678562     -0.0837746        68.6149
     -0.0548593    -0.00893307     -0.0545867     -0.0167203     -0.0294402      0.0586496      0.0116466      0.0857471     0.00677655     -0.0318244      -0.099693     -0.0970727        73.2187
     -0.0532747   -0.000239252     -0.0545867     -0.0118328              0       0.117299      0.0131772       0.143372    -0.00804355     -0.0526437     -0.0944501     -0.0848087        77.4845
     -0.0530535   -0.000207723     -0.0545867    -0.00938906              0      0.0586496     0.00832105       0.113041     -0.0283518     -0.0512936     -0.0751677     -0.0598835        359.013
     -0.0522479     0.00429552     -0.0545867    -0.00572348              0      0.0879739      0.0300075       0.128405     -0.0382016     -0.0401161     -0.0445978     -0.0305394        175.524
     -0.0499906     0.00597664     -0.0545867    -0.00327974              0      0.0586496      0.0835902       0.133525      -0.031067     -0.0245984     -0.0164811     -0.0185784        545.525
     -0.0504545      0.0121992       -0.05336     0.00160772      0.0294402       0.117299     0.00928666       0.126377     -0.0165315     -0.0110871      -0.020676     -0.0197691        68.1825
      -0.051588      0.0166781       -0.05336     0.00527332              0      0.0879744      0.0320979       0.168742     -0.0174194     -0.0122039     -0.0188626     -0.0428855        67.1091
     -0.0498271      0.0140203       -0.05336     0.00771704              0      0.0586491      0.0791903      0.0464522      0.0107101     -0.0166993     -0.0669089     -0.0568317         88.186
     -0.0503339      0.0173001     -0.0521333      0.0113826      0.0294401      0.0879744     0.00144127      0.0506102      0.0243339     -0.0428099     -0.0467511     -0.0135538        67.3063
     -0.0529186      0.0343624       -0.05336      0.0199357     -0.0294401       0.205274        0.02796       0.184953      0.0072144     -0.0342931      0.0196433      0.0394511        78.1027
     -0.0490786      0.0351151     -0.0521333      0.0236013      0.0294401       0.087974      0.0368713       0.168459     0.00368807    0.000595677      0.0592599      0.0464778        54.2555
     -0.0470154      0.0307708     -0.0509067       0.026045      0.0294397      0.0586496      0.0453527      0.0353374     -0.0128227      0.0210038        0.03369      0.0356135        749.331
     -0.0477096      0.0329356     -0.0509067      0.0284887              0      0.0586496      0.0414573      0.0654883     -0.0252054     0.00840269      0.0375371      0.0244679        163.431
     -0.0403157      0.0469019     -0.0484533      0.0358199      0.0588803       0.175948       0.120052       0.129336     -0.0277995     0.00634896      0.0113997    7.62939e-06        45.1331
     -0.0437004      0.0460385     -0.0484533      0.0394855              0      0.0879743      0.0556684       0.057145     -0.0237993    -0.00825025     -0.0113872    -0.00275954        43.0426
     -0.0441451      0.0484623     -0.0484533      0.0431511              0      0.0879744      0.0642778      0.0485974      -0.027941      -0.018898     0.00586748      0.0269628        43.8031
     -0.0408239      0.0533961     -0.0472267      0.0468167      0.0294397      0.0879744      0.0935671      0.0904353       -0.02474     -0.0117376      0.0480571      0.0536861        42.5672
     -0.0363579      0.0657899     -0.0447733      0.0541479      0.0588804       0.175948        0.11268       0.145121     -0.0211743      0.0104091      0.0593138      0.0537291        44.1627
      -0.039871      0.0611031     -0.0447733      0.0565916              0      0.0586496      0.0622832       0.039335     -0.0222855      0.0167986      0.0481439      0.0495129        36.1195
     -0.0348026      0.0610049       -0.04232      0.0590354      0.0588799      0.0586495       0.098156     0.00854558     -0.0270189      0.0108693      0.0508819      0.0589623        33.7008
      -0.033745      0.0663755     -0.0410933       0.062701      0.0294401      0.0879745       0.106818      0.0421893     -0.0267086     0.00929843      0.0670424      0.0686994        32.2337
     -0.0308921      0.0675812       -0.03864      0.0651447      0.0588799       0.058649      0.0936427      0.0245629     -0.0210839       0.017267      0.0703559      0.0679641        26.2966
      -0.028424      0.0813582     -0.0361867      0.0724759      0.0588799       0.175949      0.0990537       0.103669      -0.021977      0.0197397      0.0655718      0.0582972         38.004
     -0.0256005      0.0791205     -0.0337333      0.0749196      0.0588803      0.0586497       0.109052      0.0454231     -0.0187015      0.0176514      0.0510225      0.0416207         28.028
     -0.0243124      0.0795421       -0.03128      0.0773633      0.0588799      0.0586492      0.0816134      0.0096496     -0.0115836      0.0102435      0.0322189      0.0330639         29.583
     -0.0154931      0.0937898     -0.0263733      0.0846945        0.11776       0.175949       0.146025       0.101321    -0.00671389    3.51548e-05      0.0339084      0.0371938        44.8556
     -0.0158293      0.0910334       -0.02392      0.0871383      0.0588799      0.0586497       0.103737      0.0328369     0.00346455     0.00125431      0.0404797      0.0506701        39.5335
      -0.014583      0.0958657     -0.0214667      0.0908039      0.0588799      0.0879743      0.0858796      0.0648142     0.00303874     0.00462471      0.0608606      0.0603118        38.0402
     -0.0125214      0.0987568     -0.0190133      0.0944695      0.0588803       0.087974      0.0793849      0.0391172    -0.00113895      0.0149884       0.059763      0.0623903         37.194
    -0.00408413       0.104482     -0.0141067      0.0993569        0.11776       0.117299       0.123223      0.0466757    -0.00494161      0.0157453      0.0650177      0.0721788        38.8333
      -0.004141       0.103412     -0.0116533       0.101801      0.0588803      0.0586495      0.0928295     0.00475499    -0.00513556      0.0167005      0.0793405      0.0890203        32.7055
    -0.00157128       0.105341        -0.0092       0.104244      0.0588799      0.0586495       0.106447      0.0100364    -0.00286892      0.0259801         0.0987      0.0996413          33.87
   -7.59065e-05       0.106116    -0.00674667       0.106688      0.0588799      0.0586492      0.0785327     -0.0289259     0.00145528      0.0358364       0.100583       0.107591         31.574
     0.00830324       0.112342       -0.00184       0.110354        0.11776      0.0879745       0.127425      0.0269759    -0.00308373      0.0371636       0.114599       0.107243        30.2326
     0.00829135       0.109895    0.000613327       0.111576      0.0588799      0.0293248      0.0944119     -0.0381983    -0.00389161      0.0424263      0.0998874      0.0953698        25.8716
     0.00975012        0.11054     0.00306665       0.112797      0.0588799      0.0293248      0.0809398      -0.035687    -0.00423756       0.037225      0.0908523      0.0829091        24.8475
      0.0116439       0.111437        0.00552       0.114019      0.0588803      0.0293248      0.0738005     -0.0479061    -0.00336328       0.031674       0.074966      0.0718026        27.1302
      0.0161763       0.112541     0.00797333       0.115241      0.0588798      0.0293248       0.129851     -0.0501234     0.00429664      0.0225602      0.0686393      0.0718942        33.7707
      0.0214675       0.114969        0.01288       0.116463        0.11776      0.0293249      0.0777944     -0.0203868       0.012384      0.0203553      0.0751486      0.0717835        27.0624
      0.0215751       0.113717      0.0153333       0.116463      0.0588799              0      0.0763828      -0.039265    -0.00339558      0.0224334       0.068419      0.0621877        23.1738
      0.0243865       0.113234      0.0177867       0.116463      0.0588799              0      0.0909021     -0.0478926     0.00330624      0.0206746      0.0559568      0.0506454        23.1323
      0.0313817       0.113349      0.0226933       0.116463        0.11776              0      0.0983967     -0.0458736      0.0144889      0.0142888      0.0453334      0.0415263        21.8811
      0.0315912       0.113663      0.0251467       0.116463      0.0588799              0      0.0860045     -0.0416974      0.0160877      0.0087217      0.0377192      0.0362244        23.8794
      0.0329366       0.113447         0.0276       0.116463      0.0588803              0      0.0639519     -0.0496804      0.0208413     0.00529586      0.0347295      0.0404758        25.7781
      0.0352109       0.113828      0.0300533       0.116463      0.0588799              0       0.064269     -0.0369475      0.0182626      0.0038272      0.0462222      0.0508437        24.0001
      0.0404344       0.110387      0.0337333       0.115241        0.08832     -0.0293249      0.0775287     -0.0701872      0.0148877     0.00826954      0.0554657      0.0632825        20.6931
      0.0390492       0.111928        0.03496       0.115241      0.0294401              0      0.0507734     -0.0401564     0.00913379      0.0135567      0.0710993      0.0709825        24.2976
       0.042864       0.109033      0.0374133       0.114019      0.0588799     -0.0293248      0.0695889     -0.0667316     0.00720415       0.021055      0.0708652      0.0680666        18.5222
        0.04536       0.109531      0.0398667       0.114019      0.0588799              0      0.0640915     -0.0683773     0.00603661      0.0217256      0.0652676      0.0664916        19.0502
      0.0477895       0.104461        0.04232       0.111576      0.0588803     -0.0586495      0.0650086     -0.0901224     0.00421641      0.0190852      0.0677156       0.064734        15.3957
      0.0476124       0.104185      0.0435467       0.110354      0.0294397     -0.0293248      0.0541363     -0.0822588     0.00546417      0.0192467      0.0617533      0.0582662        15.3082
      0.0477296        0.10375      0.0447733       0.109132      0.0294401     -0.0293248       0.032277     -0.0674028      0.0105976       0.017306      0.0547791      0.0469518        16.2085
      0.0455452      0.0998054      0.0447733       0.106688              0     -0.0586497      0.0089401     -0.0904768       0.012541      0.0137634       0.039124      0.0330844        16.7418
      0.0505768      0.0970646      0.0472267       0.104244      0.0588799     -0.0586492      0.0391058     -0.0948229      0.0174103     0.00591539      0.0270443       0.025013          14.71
      0.0487897      0.0973328      0.0472267       0.103023              0     -0.0293248      0.0313486     -0.0807903       0.022176   -0.000793231      0.0229816      0.0290647        26.6819
       0.046684      0.0973446      0.0472267       0.101801              0     -0.0293248     -0.0186647     -0.0541111      0.0261439    -0.00239242      0.0351481      0.0372071        21.7715
      0.0464163      0.0966443      0.0472267       0.100579              0     -0.0293248      -0.013294     -0.0471102      0.0183546     0.00229524      0.0392661      0.0362926        19.7337
        0.04996      0.0893326      0.0484533      0.0969132      0.0294402     -0.0879743      0.0208137     -0.0952597      0.0176421     0.00500129      0.0333185      0.0299125         14.097
       0.048902       0.090397      0.0484533      0.0956913              0     -0.0293249     0.00731249     -0.0700378      0.0201033     0.00293123      0.0265064      0.0254107           15.5
      0.0514556      0.0895925        0.04968      0.0944695      0.0294402     -0.0293248      0.0211339     -0.0685124      0.0202825   -0.000686657      0.0243144      0.0288415        13.4142
      0.0500623      0.0886447        0.04968      0.0932476              0     -0.0293248     0.00269503     -0.0613528      0.0179523    -0.00181175      0.0333691      0.0389595        14.9054
      0.0497844      0.0846187        0.04968      0.0908039              0     -0.0586492    0.000112398     -0.0776838      0.0145437     0.00166117      0.0445499      0.0475082        13.0223
      0.0505722      0.0841491        0.04968       0.089582              0     -0.0293248      0.0197038     -0.0732115      0.0128339     0.00864815      0.0504661      0.0542088        12.9763
      0.0476512      0.0828507      0.0484533      0.0883601     -0.0294402     -0.0293248    -0.00774485      -0.074267      0.0127761      0.0117775      0.0579515      0.0614858        15.3202
      0.0479214      0.0793849      0.0484533      0.0859164              0     -0.0586495     -0.0175532     -0.0757748     0.00694332      0.0152259      0.0650201      0.0581245        16.8055
      0.0493396      0.0809229      0.0484533      0.0859164              0              0      0.0201825     -0.0809914     0.00079224      0.0185044       0.051229      0.0558915        13.3633
      0.0525763      0.0735246        0.04968      0.0822508      0.0294402     -0.0879745       0.038913       -0.10735     0.00718365      0.0133154      0.0605536      0.0600977        11.9318
      0.0505966      0.0745012        0.04968      0.0810289              0     -0.0293248     0.00678667     -0.0870998     0.00937567      0.0156696      0.0596423       0.059135        12.3507
      0.0470428      0.0742141      0.0484533      0.0798071     -0.0294402     -0.0293248     -0.0177091     -0.0707732     0.00935695      0.0162382      0.0586271      0.0540633        18.7181
      0.0500696      0.0698622        0.04968      0.0773633      0.0294402     -0.0586495    -0.00568193      -0.102304      0.0124488      0.0160131       0.049499      0.0489984        16.0249
       0.050018      0.0684509        0.04968      0.0749196              0     -0.0586492      0.0164706     -0.0697223      0.0186939      0.0114419      0.0484977      0.0358763        19.0847
      0.0506435       0.072143        0.04968      0.0749196              0              0      0.0282781     -0.0358152      0.0323583      0.0101287      0.0232544      0.0100017          24.54
      0.0493781      0.0694522        0.04968      0.0736978              0     -0.0293248     -0.0112961     -0.0673833      0.0325901    -0.00154353      -0.003251     -0.0017547        30.8765
      0.0547338      0.0684789      0.0521333      0.0724759      0.0588799     -0.0293249      0.0197136     -0.0557263     0.00903675     -0.0161125   -0.000258287     0.00820208        17.5389
      0.0543763      0.0711733      0.0521333      0.0724759              0              0      0.0405822     -0.0125618    -0.00165703     -0.0137215      0.0166621      0.0203385        17.5595
      0.0570058      0.0672404        0.05336       0.071254      0.0294397     -0.0293248      0.0458279     -0.0659584    -0.00075009    -0.00476505      0.0240145      0.0403605        16.4895
      0.0584877      0.0689088      0.0545867       0.071254      0.0294402              0       0.047225     -0.0246343    -0.00547841   -1.39594e-05      0.0567074      0.0629678         17.381
      0.0634532      0.0664178        0.05704      0.0700322      0.0588799     -0.0293248      0.0858781     -0.0406724    -0.00968316      0.0149621      0.0692282      0.0649009        18.4766
      0.0632467      0.0668739      0.0582667      0.0700322      0.0294401              0      0.0608434     -0.0451282    -0.00907483      0.0219263      0.0605731      0.0548091        14.9315
      0.0667307      0.0665524        0.06072      0.0700322      0.0588799              0      0.0730289     -0.0544265    -0.00908997      0.0180646      0.0490451      0.0478768        15.2951
      0.0670884       0.067573      0.0619467      0.0700322      0.0294402              0      0.0726968     -0.0290339    -0.00475576     0.00988554      0.0467081       0.039609        10.6526
      0.0729939      0.0710696      0.0656267       0.071254        0.08832      0.0293248      0.0870483    -0.00505873     0.00259385     0.00843118      0.0325108      0.0236788        14.7237
      0.0715604      0.0700073      0.0668533       0.071254      0.0294401              0      0.0622276     -0.0216249     0.00395379     0.00211333      0.0148468     0.00999641        18.8532
      0.0736683      0.0698605      0.0693067       0.071254      0.0588799              0       0.042072     -0.0241932     0.00808356    -0.00700046     0.00514603      0.0062561        20.9383
      0.0766089      0.0737877        0.07176      0.0724759      0.0588799      0.0293248      0.0635137      0.0194835     0.00987491     -0.0117661      0.0073657     0.00425243        25.6949
      0.0787762      0.0771482      0.0742133      0.0749196      0.0588804      0.0586497       0.054924     0.00731967      0.0205856     -0.0111463     0.00113964      0.0153112        31.4923
      0.0790128      0.0765653        0.07544      0.0761415      0.0294397      0.0293248      0.0566149    -0.00829341      0.0265155     -0.0131956      0.0294833      0.0518456         25.429
      0.0781691      0.0761932      0.0766667      0.0761415      0.0294401              0     0.00264296      0.0191828      0.0273335   -0.000821722      0.0742083      0.0713868        19.7265
      0.0804553      0.0762065      0.0778933      0.0773633      0.0294401      0.0293244       0.039222     -0.0335865      0.0144617      0.0219405      0.0685663      0.0743165        17.4639
      0.0793124      0.0753248        0.07912      0.0773633      0.0294397              0     -0.0308355     -0.0174613      0.0125426      0.0210754      0.0800667       0.068471        19.5506
       0.082915      0.0740848      0.0803467      0.0773633      0.0294401              0      0.0528049     -0.0542045     0.00666401      0.0229713      0.0568738      0.0519624        13.5363
      0.0804585      0.0769212      0.0803467      0.0785852              0      0.0293248    -0.00393725     -0.0293725      0.0285983       0.013432      0.0470514      0.0442958        13.0197
      0.0768664      0.0767669        0.07912      0.0785852     -0.0294401              0     -0.0218224     -0.0222219      0.0318536     0.00677453      0.0415401      0.0343199        19.8027
      0.0754333      0.0784275      0.0778933      0.0798071     -0.0294397      0.0293248     -0.0230558     -0.0373775      0.0328728     0.00397669      0.0270996       0.034627        22.1546
      0.0761323      0.0774779      0.0778933      0.0798071              0              0     -0.0333049     -0.0347676      0.0263176     -0.0024376      0.0421548      0.0498891        17.8057
      0.0748936      0.0802809      0.0766667      0.0810289     -0.0294401      0.0293248      -0.015593     -0.0137859      0.0102911     0.00337731      0.0576234      0.0625544        18.4898
      0.0731417      0.0782964        0.07544      0.0810289     -0.0294401              0     -0.0365495     -0.0434256       0.006214      0.0120636      0.0674853      0.0725904        18.3387
      0.0738725      0.0743443      0.0742133      0.0798071     -0.0294397     -0.0293248      0.0159377     -0.0766376   -0.000177647      0.0170439      0.0776958      0.0835042        20.9175
      0.0720414      0.0748686      0.0729867      0.0798071     -0.0294401              0        -0.0164     -0.0711946     0.00170216      0.0230101       0.089313      0.0939212        24.1266
      0.0708275      0.0750859        0.07176      0.0798071     -0.0294403              0    -0.00924642     -0.0646295    -0.00640371       0.028467      0.0985289      0.0981603        24.0819
      0.0698378      0.0757934      0.0705333      0.0798071     -0.0294396              0    -0.00495113     -0.0486085    -0.00805559      0.0331551      0.0977921      0.0866332        22.5928
      0.0668154      0.0691842        0.06808      0.0773633     -0.0588804     -0.0586495     0.00289998      -0.115904      -0.005492      0.0331099      0.0754747      0.0703621        19.9536
       0.064593      0.0691596      0.0668533      0.0761415     -0.0294397     -0.0293244     -0.0458573      -0.092149    -0.00116613      0.0222431       0.065249      0.0583568        13.0272
      0.0637739      0.0719047      0.0656267      0.0761415     -0.0294401              0     -0.0186118      -0.057426    -0.00727477      0.0161728      0.0514646      0.0438848        12.9126
      0.0649896      0.0699438      0.0656267      0.0749196              0     -0.0293248     -0.0106964     -0.0691182     0.00876734     0.00821446       0.036305      0.0321918        11.6382
      0.0616267      0.0681528      0.0631733      0.0736978     -0.0588799     -0.0293248      0.0145943     -0.0827878      0.0220327     0.00108873       0.028079      0.0351114        21.3482
      0.0609206      0.0708529      0.0619467      0.0736978     -0.0294401              0    -0.00265307     -0.0334368      0.0354038     -0.0029018      0.0421438      0.0436358        24.8026
      0.0577717      0.0695462        0.06072      0.0736978     -0.0294402              0     -0.0575998     -0.0767062      0.0174597     0.00296627      0.0451269      0.0630045        19.8709
      0.0617266      0.0690188        0.06072      0.0724759              0     -0.0293249      0.0259871     -0.0214612     -0.0105558     0.00601767      0.0808816      0.0729585        20.5844
      0.0649871      0.0689319      0.0619467      0.0724759      0.0294402              0      0.0265041     -0.0578365     -0.0123232      0.0222863      0.0650353      0.0614667        23.6934
      0.0654006      0.0668504      0.0619467       0.071254              0     -0.0293248      0.0586493     -0.0503669     -0.0179496      0.0140905      0.0578976       0.045496        14.2637
      0.0644702       0.065007      0.0619467      0.0700322              0     -0.0293248      0.0300219     -0.0721718     -0.0079191     0.00961338      0.0330949      0.0265026         13.511
      0.0671864      0.0677284      0.0631733      0.0700322      0.0294401              0      0.0565653     -0.0262269    -0.00553968    -0.00234128      0.0199103     0.00957394        14.0374
      0.0650606      0.0719217      0.0631733       0.071254              0      0.0293248      0.0216469     0.00584423     0.00129661    -0.00940372   -0.000762848    -0.00912829        22.9343
      0.0668999      0.0713733         0.0644       0.071254      0.0294397              0      0.0291181    -0.00148658     0.00554738     -0.0186956     -0.0174936      -0.020892        28.0673
      0.0661575      0.0718038         0.0644      0.0724759              0      0.0293248      0.0347497     -0.0426025      0.0148126     -0.0282124     -0.0242904     0.00684786        34.1882
      0.0686946      0.0753407      0.0656267      0.0736978      0.0294401      0.0293249      0.0449399      0.0343194      0.0231338     -0.0301024      0.0379848      0.0517507        23.6212
      0.0693646      0.0801052      0.0668533      0.0761415      0.0294401      0.0586495      0.0233872      0.0586817      0.0190263    -0.00126339       0.065516      0.0619378        21.5328
      0.0714971      0.0750514        0.06808      0.0761415      0.0294397              0      0.0467533     -0.0256018     0.00647662      0.0149332      0.0583606      0.0582781        16.8628
      0.0746882      0.0769115      0.0705333      0.0773633      0.0588804      0.0293244      0.0339274    -0.00720465     0.00186608      0.0107056      0.0581956      0.0516815        18.5844
      0.0753608      0.0793235        0.07176      0.0785852      0.0294396      0.0293248      0.0486979      0.0139227    -0.00201657     0.00871133       0.045167      0.0289121        17.1889
      0.0765309      0.0838042      0.0729867      0.0810289      0.0294403      0.0586495      0.0501951      0.0293476      0.0150208   -0.000680697      0.0126576    -0.00164718         23.983
        0.07092      0.0834255        0.07176      0.0822508     -0.0294403      0.0293248     -0.0098322    -0.00137478       0.025946     -0.0176463     -0.0159519     -0.0142649        35.6683
      0.0695442      0.0874628        0.07176      0.0846945              0      0.0586495     -0.0449637      0.0210404      0.0285197     -0.0316342     -0.0125783     0.00199366         42.858
      0.0723464        0.08804        0.07176      0.0859164              0      0.0293249       0.037302       0.025298      0.0291657     -0.0304376      0.0165663      0.0294757        30.2658
      0.0687267       0.093513      0.0705333       0.089582     -0.0294396      0.0879743     -0.0246291      0.0333246       0.041499     -0.0148729      0.0423846      0.0615907         33.717
      0.0656562      0.0944985      0.0693067      0.0920257     -0.0294403      0.0586492      -0.060677      0.0264232      0.0264352    -0.00100781      0.0807972       0.092123        32.7024
       0.064536       0.089804        0.06808      0.0920257     -0.0294401              0     -0.0519198      -0.035321     0.00875172      0.0169868       0.103448        0.10904        30.4968
      0.0683659      0.0914016        0.06808      0.0932476              0      0.0293248      0.0203501     -0.0223247     0.00989208       0.030545       0.114633       0.108863        28.0139
      0.0634438      0.0910525      0.0656267      0.0944695     -0.0588799      0.0293248     -0.0169164     -0.0644855       0.021644      0.0355173       0.103096       0.104524        28.8913
      0.0614612      0.0925553         0.0644      0.0956913     -0.0294401      0.0293248     -0.0496014     -0.0457132      0.0200608       0.030586       0.105952         0.1011        25.3474
       0.058102      0.0931038      0.0619467      0.0969132     -0.0588799      0.0293249      -0.042455     -0.0690158      0.0081738      0.0302056      0.0962496       0.098886        23.2562
      0.0626751      0.0928441      0.0619467      0.0969132              0              0      0.0260728     -0.0483628       0.010349      0.0269312       0.101523      0.0933204        24.2163
      0.0551787      0.0965755      0.0582667      0.0981351       -0.08832      0.0293248     -0.0278359     -0.0162481      0.0127862      0.0273259      0.0851173      0.0654678         22.105
       0.055059      0.0907068        0.05704      0.0969132     -0.0294401     -0.0293248     -0.0325048      -0.103823     0.00149104      0.0187027      0.0458183       0.044488         19.322
      0.0587616      0.0921227        0.05704      0.0969132              0              0      0.0331836     -0.0710658     -0.0137449   -0.000244987      0.0431576        0.04812        22.4891
      0.0554777      0.0933299      0.0558133      0.0969132     -0.0294397              0     -0.0155239     -0.0507133      -0.013218    -0.00313891      0.0530825       0.057775        24.9077
      0.0560578      0.0915577      0.0545867      0.0956913     -0.0294401     -0.0293249      0.0474146     -0.0468057     -0.0129863     0.00286387      0.0624681      0.0581059        15.1921
      0.0564958      0.0922655      0.0545867      0.0956913              0              0      0.0212412     -0.0515565     0.00277266     0.00816737      0.0537429       0.051414         15.627
      0.0561179      0.0894732      0.0545867      0.0944695              0     -0.0293248      0.0187918     -0.0692116    -0.00237455      0.0038886      0.0490851      0.0484462        14.5348
      0.0562431       0.088896      0.0545867      0.0932476              0     -0.0293248      0.0245774     -0.0494316    -0.00148823     0.00135051      0.0478077      0.0389585        12.6438
      0.0560429      0.0871063      0.0545867      0.0920257              0     -0.0293248      0.0211664     -0.0717074      0.0036386     0.00056504      0.0301089      0.0283747        12.1769
      0.0586922      0.0868066      0.0558133      0.0908039      0.0294401     -0.0293244      0.0381846     -0.0459655      0.0089427     -0.0077206      0.0266404      0.0198078        15.0941
       0.057338      0.0858613      0.0558133       0.089582              0     -0.0293248      0.0233842     -0.0494072       0.013325     -0.0103792      0.0129752     0.00867414        17.3088
      0.0594824      0.0846167        0.05704      0.0883601      0.0294397     -0.0293248      0.0289564     -0.0521125      0.0148523     -0.0162904     0.00437355     0.00592232        15.4899
      0.0588497      0.0868422        0.05704      0.0883601              0              0      0.0325504     -0.0196417      0.0141037     -0.0207062     0.00747108     0.00936174        22.1064
      0.0607945      0.0844675      0.0582667      0.0871383      0.0294401     -0.0293248      0.0251322     -0.0348087      0.0136404      -0.019528      0.0112529      0.0140872         18.967
      0.0628163      0.0853356      0.0594933      0.0871383      0.0294402              0       0.043625      -0.029117     0.00486753     -0.0173048       0.016922       0.024241        20.2405
      0.0641637      0.0845414        0.06072      0.0871383      0.0294397              0      0.0409692      -0.046736     0.00333354     -0.0141959      0.0315595      0.0484319        20.6499
      0.0666429       0.085633      0.0619467      0.0871383      0.0294402              0      0.0730846    -0.00766879     0.00340865    -0.00683285      0.0653048      0.0660677         17.471
       0.063413      0.0870311      0.0619467      0.0883601              0      0.0293248     0.00512656     -0.0309999      0.0073236     0.00960325      0.0668306      0.0715432        14.8902
      0.0633785      0.0827242      0.0619467      0.0871383              0     -0.0293248      0.0243416      -0.055489    -0.00176623      0.0115176      0.0762553      0.0741215        14.2371
      0.0659136      0.0834442      0.0631733      0.0871383      0.0294401              0      0.0327023     -0.0509139     0.00407169      0.0145388      0.0719872       0.066638        12.4719
       0.064969      0.0839234      0.0631733      0.0871383              0              0      0.0311448     -0.0429431      0.0086138      0.0132276      0.0612884      0.0525084        12.4689
      0.0612847      0.0812627      0.0619467      0.0859164     -0.0294401     -0.0293248    -0.00572574      -0.063115      0.0142537      0.0077418      0.0437284      0.0356731        16.9858
      0.0620905      0.0821227      0.0619467      0.0859164              0              0     0.00208088     -0.0621731      0.0130334     -0.0010878      0.0276179      0.0304174        12.9403
      0.0594441      0.0835486        0.06072      0.0859164     -0.0294402              0     -0.0148264     -0.0297399     0.00968931    -0.00910116      0.0332165      0.0329638        13.2077
       0.058212      0.0841715      0.0594933      0.0859164     -0.0294397              0     -0.0104958     -0.0236665     0.00753353    -0.00674678       0.032711       0.030736        13.6495
      0.0598288      0.0839561      0.0594933      0.0859164              0              0     0.00546584      -0.031257     0.00742075    -0.00644614      0.0287609      0.0298738        13.1494
      0.0574349      0.0839366      0.0582667      0.0859164     -0.0294402              0    -0.00708979     -0.0297592     0.00524757    -0.00738312      0.0309863      0.0334091        14.1369
      0.0589262      0.0834527      0.0582667      0.0859164              0              0       0.011148     -0.0408087      0.0041872    -0.00724818      0.0358315      0.0435309        13.8491
      0.0564493       0.087149        0.05704      0.0871383     -0.0294401      0.0293248    -0.00338078     0.00428696     0.00416694    -0.00528051      0.0512304      0.0490956        15.7693
      0.0607304      0.0853752      0.0582667      0.0871383      0.0294401              0      0.0322171     -0.0293721     0.00415156     0.00229942      0.0469608      0.0459981        12.1088
      0.0598816      0.0846778      0.0582667      0.0871383              0              0      0.0224295      -0.037157     0.00379894      0.0016204      0.0450358      0.0450068        12.0966
      0.0590606      0.0848623      0.0582667      0.0871383              0              0      0.0058498     -0.0307427     0.00379727    4.96983e-05      0.0449777      0.0421362        12.0633
      0.0625887      0.0848009      0.0594933      0.0871383      0.0294402              0      0.0473114     -0.0349878     0.00404248   -0.000408542      0.0392952      0.0377145        11.7081
       0.060868      0.0875984      0.0594933      0.0883601              0      0.0293248      0.0164568     -0.0178842      0.0107939    -0.00311042      0.0361328      0.0375538        15.8821
      0.0603031      0.0868465      0.0594933      0.0883601              0              0      0.0117268     -0.0202264      0.0110868    -0.00483073      0.0389748      0.0372934        14.0317
      0.0630223      0.0860887        0.06072      0.0883601      0.0294397              0      0.0280175     -0.0378382      0.0109504    -0.00439299      0.0356121      0.0386119        13.1684
      0.0616868      0.0864211        0.06072      0.0883601              0              0      0.0124229     -0.0243031      0.0106606    -0.00477113      0.0416117      0.0402818         14.551
      0.0611011      0.0861578        0.06072      0.0883601              0              0     0.00343203     -0.0341315      0.0108075    -0.00219632      0.0389514      0.0393467        13.9364
      0.0614534      0.0862176        0.06072      0.0883601              0              0      0.0157413     -0.0300989      0.0122612    -0.00253571       0.039742      0.0391021        14.0304
      0.0609725      0.0858849        0.06072      0.0883601              0              0    0.000524795     -0.0393091      0.0152321    -0.00255824      0.0384622      0.0412202         13.241
      0.0578824       0.085768      0.0594933      0.0883601     -0.0294397              0      -0.019795     -0.0387882      0.0133742    -0.00272597      0.0439792      0.0478277        15.6569
       0.056568      0.0861222      0.0582667      0.0883601     -0.0294402              0     -0.0157005     -0.0284964      0.0131422   -0.000950587      0.0516768      0.0506601        17.3002
      0.0578235      0.0855351      0.0582667      0.0883601              0              0    -0.00808781     -0.0448179       0.013325     0.00294791      0.0496435      0.0516853        13.5254
      0.0559339      0.0855446        0.05704      0.0883601     -0.0294401              0    -0.00563429     -0.0394785      0.0107525     0.00263284      0.0537271      0.0541806        15.6521
      0.0577284      0.0859525        0.05704      0.0883601              0              0      0.0147143     -0.0305299      0.0107001     0.00359403      0.0546346      0.0498676        13.3718
      0.0576515      0.0844295        0.05704      0.0883601              0              0     0.00299384     -0.0709207     0.00737462      0.0040543      0.0451012       0.054842         12.432
      0.0579852      0.0822813        0.05704      0.0871383              0     -0.0293248      0.0121649     -0.0589968    -0.00123444    0.000916827      0.0645828      0.0669985        12.7991
       0.058083      0.0836818        0.05704      0.0871383              0              0      0.0129368     -0.0460953    -0.00177469     0.00845586      0.0694151      0.0673089         11.714
       0.058645      0.0810928        0.05704      0.0859164              0     -0.0293248      0.0291076     -0.0621465    -0.00177624      0.0086193      0.0652027      0.0590415        10.1455
       0.060693      0.0822656      0.0582667      0.0859164      0.0294401              0      0.0248828     -0.0523124    -0.00177624      0.0086193      0.0528803      0.0472097        10.0296
      0.0590478       0.083284      0.0582667      0.0859164              0              0     0.00876524     -0.0341657    -0.00177624      0.0086193      0.0415397      0.0328856        11.8228
      0.0617267      0.0801093      0.0594933      0.0846945      0.0294402     -0.0293249      0.0307089     -0.0697717    -0.00177624      0.0086193      0.0242314      0.0253901        10.8086
      0.0628981      0.0823406        0.06072      0.0846945      0.0294397              0      0.0252814     -0.0287336    -0.00177624      0.0086193      0.0265489      0.0247846        13.1864
      0.0637687       0.080153      0.0619467      0.0834727      0.0294402     -0.0293248      0.0190457     -0.0433123    -0.00177624      0.0086193      0.0230203      0.0213466        13.5265
      0.0650322      0.0812985      0.0631733      0.0834727      0.0294401              0      0.0226147     -0.0334794    -0.00177624      0.0086193      0.0196729      0.0220284        14.6803
      0.0655439      0.0793097         0.0644      0.0822508      0.0294397     -0.0293248     0.00470845     -0.0336333    -0.00177624      0.0086193       0.024384      0.0220342        12.8022
      0.0675927      0.0774104      0.0656267      0.0810289      0.0294401     -0.0293248      0.0310372     -0.0499268    -0.00177624      0.0086193      0.0196843      0.0207067        12.2444
      0.0649409      0.0763806      0.0656267      0.0798071              0     -0.0293248     -0.0190765     -0.0409281    -0.00177624      0.0086193       0.021729      0.0196524        13.4966
      0.0646525      0.0777235      0.0656267      0.0798071              0              0     -0.0120424      -0.032544    -0.00177624      0.0086193      0.0175757      0.0199451        14.0289
      0.0652855      0.0781774      0.0656267      0.0798071              0              0     0.00196263     -0.0238973    -0.00177624      0.0086193      0.0223145      0.0257912        14.9983
      0.0651539      0.0749932      0.0656267      0.0785852              0     -0.0293248     -0.0075665     -0.0509122    -0.00177624      0.0086193      0.0292678      0.0358324        11.6455
      0.0626597      0.0763464         0.0644      0.0785852     -0.0294401              0     -0.0189555     -0.0284249    -0.00177624      0.0086193      0.0423975      0.0450082        13.1892
      0.0644057      0.0762005         0.0644      0.0785852              0              0    0.000872138     -0.0358684    -0.00177624      0.0086193      0.0476184      0.0504479        13.2566
       0.065971       0.072391         0.0644      0.0773633              0     -0.0293248      0.0287175     -0.0734606    -0.00177624      0.0086193       0.053278      0.0614591         15.649
      0.0629404      0.0748344      0.0631733      0.0773633     -0.0294397              0     -0.0071785     -0.0207244    -0.00177624      0.0086193      0.0696402      0.0611639        18.5663
       0.063909      0.0709303      0.0631733      0.0761415              0     -0.0293244     0.00395142     -0.0806799    -0.00177624      0.0086193      0.0526881      0.0528293        15.2466
      0.0649113      0.0729467      0.0631733      0.0761415              0              0      0.0287787     -0.0375643    -0.00177624      0.0086193      0.0529699      0.0461121        11.2473
      0.0653128      0.0738947      0.0631733      0.0761415              0              0      0.0371373     -0.0296112    -0.00177624      0.0086193      0.0392542      0.0300012        15.0305
      0.0643911      0.0739917      0.0631733      0.0761415              0              0      0.0152152     -0.0341444    -0.00177624      0.0086193      0.0207481      0.0160899        17.5615
      0.0617165      0.0720995      0.0619467      0.0761415     -0.0294401              0     0.00834786     -0.0823428    -0.00177624      0.0086193      0.0114322      0.0354371        23.2431
      0.0620941      0.0753609      0.0619467      0.0761415              0              0    -0.00341096      0.0165314    -0.00177624      0.0086193      0.0594411      0.0541549        15.6732
      0.0623552      0.0738638      0.0619467      0.0761415              0              0     0.00410488      -0.044003    -0.00177624      0.0086193      0.0488696      0.0516677        13.0637
      0.0638052      0.0767492      0.0619467      0.0773633              0      0.0293244      0.0374889    -0.00747842    -0.00177624      0.0086193      0.0544662      0.0510545        13.6457
      0.0630751       0.071402      0.0619467      0.0761415              0     -0.0293244     0.00890545     -0.0758991    -0.00177624      0.0086193      0.0476432      0.0544276         10.591
      0.0627584      0.0733838      0.0619467      0.0761415              0              0     0.00744112     -0.0279341    -0.00177624      0.0086193      0.0612121      0.0559883        11.4999
      0.0634077      0.0731834      0.0619467      0.0761415              0              0      0.0257341     -0.0467189    -0.00177624      0.0086193       0.050765      0.0489783        10.4877
      0.0630641      0.0734083      0.0619467      0.0761415              0              0      0.0145082      -0.037701    -0.00177624      0.0086193      0.0471916      0.0437179        10.7341
      0.0592646      0.0740374        0.06072      0.0761415     -0.0294402              0     -0.0217728     -0.0268344    -0.00177624      0.0086193      0.0402441      0.0329685        16.2653
       0.061659      0.0744113        0.06072      0.0761415              0              0      0.0285176     -0.0242131    -0.00177624      0.0086193      0.0256925      0.0184417        16.5695
      0.0610891       0.074288        0.06072      0.0761415              0              0   -6.12484e-05      -0.031967    -0.00177624      0.0086193      0.0111909      0.0110464         16.061
       0.061142      0.0739508        0.06072      0.0761415              0              0     0.00629615     -0.0400748    -0.00177624      0.0086193      0.0109015      0.0216775        15.4128
      0.0619564      0.0747921        0.06072      0.0761415              0              0      0.0226084     -0.0143524    -0.00177624      0.0086193      0.0324535      0.0375409        13.1617
      0.0617893       0.073971        0.06072      0.0761415              0              0      0.0114442     -0.0369702    -0.00177624      0.0086193      0.0426283      0.0517077        12.0965
      0.0624955      0.0735994        0.06072      0.0761415              0              0      0.0296127     -0.0350216    -0.00177624      0.0086193      0.0607872      0.0663419        11.9761
      0.0622539      0.0740097        0.06072      0.0761415              0              0      0.0170816     -0.0214987    -0.00177624      0.0086193      0.0718961       0.065155        12.6831
      0.0631981      0.0724492        0.06072      0.0761415              0              0      0.0430798     -0.0635687    -0.00177624      0.0086193      0.0584154      0.0610228        10.7039
      0.0646157      0.0735903      0.0619467      0.0761415      0.0294402              0      0.0184854     -0.0247371    -0.00177624      0.0086193      0.0636296      0.0529742         11.502
      0.0636764      0.0734429      0.0619467      0.0761415              0              0      0.0269761     -0.0425061    -0.00177624      0.0086193      0.0423198      0.0351233        9.30239
      0.0600348       0.073546        0.06072      0.0761415     -0.0294402              0    -0.00627343     -0.0396232    -0.00177624      0.0086193      0.0279264      0.0245719        14.8125
      0.0617332      0.0749217        0.06072      0.0761415              0              0      0.0290309     -0.0105411    -0.00177624      0.0086193      0.0212169      0.0118527        18.5131
       0.058815      0.0739466        0.06072      0.0761415              0              0     -0.0513257     -0.0459839    -0.00177624      0.0086193     0.00248909      0.0102358        20.7319
      0.0613273      0.0737364        0.06072      0.0761415              0              0      0.0351056     -0.0411942    -0.00177624      0.0086193      0.0179834      0.0345459        21.4042
      0.0602256       0.074272        0.06072      0.0761415              0              0     -0.0155185     -0.0225654    -0.00177624      0.0086193      0.0511079      0.0612459        15.9255
      0.0605644      0.0739909        0.06072      0.0761415              0              0     0.00246551     -0.0271273    -0.00177624      0.0086193       0.071384      0.0742531        16.3685
       0.061397      0.0732975        0.06072      0.0761415              0              0       0.012963     -0.0387231    -0.00177624      0.0086193      0.0771222      0.0746784        19.8302
      0.0610845      0.0724889        0.06072      0.0761415              0              0    -0.00368434     -0.0545572    -0.00177624      0.0086193      0.0722356      0.0695462        21.4324
      0.0633046      0.0728697        0.06072      0.0761415              0              0      0.0518685     -0.0423462    -0.00177624      0.0086193      0.0668573      0.0591626        19.4506
      0.0634908      0.0721547        0.06072      0.0761415              0              0      0.0359982     -0.0660129    -0.00177624      0.0086193      0.0514688      0.0526185        20.7062
      0.0632857      0.0723519        0.06072      0.0761415              0              0      0.0302951     -0.0559729    -0.00177624      0.0086193      0.0537686       0.057054         22.988
      0.0631219      0.0744889        0.06072      0.0761415              0              0      0.0275326    -0.00638761    -0.00177624      0.0086193      0.0603395      0.0449104        20.4429
       0.064195      0.0741231        0.06072      0.0761415              0              0      0.0590666     -0.0339854    -0.00177624      0.0086193      0.0294824      0.0188565        17.9227
       0.065975      0.0739184      0.0619467      0.0761415      0.0294402              0      0.0466289     -0.0377107    -0.00177624      0.0086193     0.00823069     0.00614119        21.1833
       0.061082      0.0746773        0.06072      0.0761415     -0.0294402              0     0.00787142       -0.02225    -0.00177624      0.0086193     0.00405216     0.00558472        25.6048
      0.0614328      0.0754409        0.06072      0.0761415              0              0      0.0123935    -0.00869286    -0.00177624      0.0086193     0.00711679     0.00800848        24.6843
      0.0612877       0.076358        0.06072      0.0761415              0              0      0.0118908       0.010024    -0.00177624      0.0086193     0.00890017     0.00205278         20.191
      0.0610475      0.0756339        0.06072      0.0761415              0              0     0.00776228     -0.0144426    -0.00177624      0.0086193    -0.00479504    -0.00347873        19.1808
      0.0607285      0.0751876        0.06072      0.0761415              0              0   -0.000363524     -0.0197191    -0.00177624      0.0086193    -0.00216249     0.00694036        19.6069
      0.0612262      0.0752051        0.06072      0.0761415              0              0      0.0108843     -0.0147176    -0.00177624      0.0086193      0.0160427      0.0261784        16.4059
      0.0616748       0.075384        0.06072      0.0761415              0              0      0.0145322    -0.00620387    -0.00177624      0.0086193      0.0363145      0.0392823        13.6707
      0.0611657      0.0753216        0.06072      0.0761415              0              0    -0.00331697    -0.00644657    -0.00177624      0.0086193      0.0422492      0.0366216        12.6703
       0.062868      0.0733514        0.06072      0.0761415              0              0      0.0421781      -0.054524    -0.00177624      0.0086193      0.0309944      0.0401073        12.4152
       0.062062      0.0738113        0.06072      0.0761415              0              0     0.00959188     -0.0281433    -0.00177624      0.0086193      0.0492201      0.0520883        11.9736
      0.0649202      0.0742019      0.0619467      0.0761415      0.0294402              0      0.0378671     -0.0232427    -0.00177624      0.0086193      0.0549564      0.0509539        10.7053
      0.0607771      0.0744737        0.06072      0.0761415     -0.0294402              0      0.0052606     -0.0185348    -0.00177624      0.0086193      0.0469508      0.0359306        10.7534
      0.0612419      0.0741598        0.06072      0.0761415              0              0     0.00867503     -0.0317502    -0.00177624      0.0086193      0.0249109      0.0176897        12.7478
      0.0597352      0.0739275        0.06072      0.0761415              0              0     -0.0259995     -0.0387285    -0.00177624      0.0086193      0.0104685      0.0125976        17.0074
      0.0610817      0.0753589        0.06072      0.0761415              0              0      0.0221929    -0.00384927    -0.00177624      0.0086193      0.0147271      0.0103374        20.2914
      0.0592266      0.0752115        0.06072      0.0761415              0              0     -0.0334061     -0.0181543    -0.00177624      0.0086193     0.00594807     0.00695467        21.4978
      0.0625708      0.0753075      0.0619467      0.0761415      0.0294402              0      0.0132385     -0.0127309    -0.00177624      0.0086193      0.0079608      0.0104251        20.6588
      0.0589623      0.0769908        0.06072      0.0761415     -0.0294402              0     -0.0151183      0.0270583    -0.00177624      0.0086193      0.0128894    -0.00127106        23.0476
      0.0586544      0.0741211        0.06072      0.0761415              0              0     -0.0404248     -0.0565771    -0.00177624      0.0086193     -0.0154302     0.00171471        19.3311
      0.0587262      0.0756863        0.06072      0.0761415              0              0     -0.0346671     0.00626335    -0.00177624      0.0086193      0.0188575      0.0230899        18.9271
      0.0614233      0.0752451        0.06072      0.0761415              0              0      0.0311985     -0.0166574    -0.00177624      0.0086193      0.0273228      0.0336838        15.3071
      0.0610833      0.0745054        0.06072      0.0761415              0              0     0.00259174     -0.0246088    -0.00177624      0.0086193      0.0400443      0.0456109        12.0578
      0.0612202      0.0739518        0.06072      0.0761415              0              0     0.00669637     -0.0320472    -0.00177624      0.0086193       0.051178      0.0552511        15.1992
      0.0610703      0.0729163        0.06072      0.0761415              0              0    -0.00413343     -0.0519371    -0.00177624      0.0086193      0.0593247      0.0669627        17.0108
