       -0.11368      0.0514984       -0.10856      0.0118328     -0.0614399       0.475987     -0.0614399       0.475987    9.12057e-05   -1.18528e-05   -1.17563e-06      0.0118399
     -0.0903181     0.00447078       -0.10856      0.0118328              0              0       0.238252      -0.081954    9.12057e-05   -1.18528e-05      0.0236797      0.0328794
      -0.099517     0.00912285       -0.10856      0.0118328              0              0      0.0497212    -0.00417857     -0.0176467     0.00725312      0.0420785      0.0365405
      -0.102319     0.00930173       -0.10856      0.0106109              0     -0.0293248       0.101837    -0.00321103     -0.0486025      0.0185393       0.031003      0.0133815
     -0.0984768     0.00933683      -0.107333      0.0106109      0.0294399              0       0.125217     -0.0246267     -0.0558923      0.0155879     -0.0042401       -0.01545
     -0.0938474     0.00599349       -0.10488     0.00938908        0.05888     -0.0293248       0.145841     -0.0586493      -0.060455    -0.00294679     -0.0266597     -0.0220198
     -0.0896573      0.0123601      -0.102427      0.0106109      0.0588799      0.0293248       0.177402      0.0358506     -0.0695122     -0.0163559     -0.0173798     -0.0222116
     -0.0888768      0.0113599        -0.1012      0.0106109      0.0294401              0         0.1707    -0.00122376     -0.0759278     -0.0157627     -0.0270429     -0.0217384
     -0.0867519      0.0138967     -0.0987467      0.0118328      0.0588799      0.0293248       0.142445      0.0259798     -0.0813053     -0.0153394     -0.0164345     -0.0103407
     -0.0793118      0.0138857     -0.0950667      0.0118328        0.08832              0       0.226882      0.0386339     -0.0882763     -0.0144579    -0.00424678    -0.00771593
     -0.0771763      0.0135885     -0.0926133      0.0118328      0.0588802              0       0.210395      0.0259783     -0.0815933    -0.00655895      -0.011185     -0.0172902
     -0.0647511       0.015709     -0.0852533      0.0130547        0.17664      0.0293243       0.261643      0.0306354     -0.0799365    -0.00856941     -0.0233953     -0.0265405
     -0.0610831      0.0168643     -0.0803467      0.0142765        0.11776      0.0293248       0.256846      0.0251026     -0.0805383     -0.0153699     -0.0296858     -0.0256801
     -0.0555572      0.0190443       -0.07544      0.0154984        0.11776      0.0293248       0.272414      0.0522375     -0.0794712     -0.0195791      -0.021675     -0.0218793
     -0.0373529      0.0206775        -0.0644      0.0179421        0.26496      0.0586496       0.342607     0.00405899     -0.0760113     -0.0180105     -0.0220836     0.00216484
     -0.0381804       0.019946     -0.0594933       0.019164        0.11776      0.0293248        0.27753      0.0153313      -0.077886     -0.0164274       0.026412      0.0470529
     -0.0324686      0.0210931     -0.0521333      0.0203859        0.17664      0.0293248       0.220132       0.011472     -0.0802687     0.00722034      0.0676937      0.0838103
      -0.024781      0.0212562         -0.046      0.0216077         0.1472      0.0293248       0.309365    -0.00419026       -0.07957      0.0292013      0.0999265       0.107416
      0.0015695      0.0184767       -0.03128      0.0203859        0.35328     -0.0293248       0.419767     0.00092167     -0.0538522       0.044218       0.114904      0.0934315
     -0.0232959      0.0152022     -0.0361867      0.0203859       -0.11776              0       0.194273      -0.112804     -0.0441897      0.0528696      0.0719604      0.0749373
     -0.0436925      0.0140701       -0.04232       0.019164        -0.1472     -0.0293248     -0.0666509     -0.0397371     -0.0481728      0.0396243      0.0779142      0.0615969
     -0.0466682      0.0155261         -0.046       0.019164       -0.08832              0      0.0294978     -0.0555758     -0.0646409       0.031713      0.0452785      0.0317945
     -0.0564823      0.0113846     -0.0521333      0.0179421        -0.1472     -0.0293248     -0.0460995      -0.110155     -0.0493607       0.020341       0.018311       0.027142
     -0.0548542      0.0112354     -0.0545867      0.0167203     -0.0588803     -0.0293248      0.0241927     -0.0696139     -0.0415393     0.00620384      0.0359735      0.0434341
     -0.0577177      0.0106781       -0.05704      0.0154984     -0.0588799     -0.0293248    -0.00455825     -0.0615348     -0.0309002      0.0139271      0.0508947      0.0556049
       -0.06143     0.00937323       -0.06072      0.0142765       -0.08832     -0.0293248      0.0246086     -0.0625929     -0.0286095       0.023722      0.0603147      0.0600157
     -0.0639742    -0.00210829        -0.0644     0.00938908       -0.08832      -0.117299      0.0393757      -0.157582     -0.0276533       0.028733      0.0597177      0.0677609
     -0.0642095    -0.00457595     -0.0656267     0.00694534     -0.0294403     -0.0586496    -0.00146799       -0.16709      -0.036946      0.0297679      0.0758042       0.100123
     -0.0619555    -0.00231599     -0.0668533     0.00450161     -0.0294396     -0.0586496        0.09073     -0.0394523     -0.0722359      0.0365583       0.124442       0.104085
     -0.0594767    -0.00928362     -0.0668533     0.00083601              0     -0.0879744      0.0967715      -0.145849     -0.0746698      0.0602428      0.0837274      0.0732083
     -0.0542647     -0.0211545        -0.0644    -0.00649517      0.0588799      -0.175948       0.122058       -0.16877     -0.0820159      0.0427004      0.0626893      0.0400023
     -0.0534689     -0.0182154     -0.0631733     -0.0089389      0.0294401     -0.0586496       0.131332      -0.124832     -0.0846374       0.025665      0.0173173      0.0008111
     -0.0514137      -0.020202     -0.0619467     -0.0126045      0.0294397     -0.0879744       0.154835     -0.0833744     -0.0708451     0.00859685     -0.0156953     -0.0376861
     -0.0504917     -0.0196546       -0.06072     -0.0150482      0.0294402     -0.0586496       0.148343     -0.0542832     -0.0477416     -0.0104898     -0.0596763     -0.0768515
     -0.0479392     -0.0331019     -0.0582667     -0.0223794      0.0588799      -0.175948       0.139448      -0.145216     -0.0290475     -0.0347063     -0.0940259     -0.0895185
      -0.050225     -0.0316867       -0.05704      -0.026045      0.0294401     -0.0879744      0.0801841     -0.0532133     -0.0268283     -0.0512549     -0.0850116     -0.0832912
     -0.0440441     -0.0291711     -0.0545867     -0.0284887      0.0588799     -0.0586494       0.170065      0.0169244     -0.0274643     -0.0472869     -0.0815707     -0.0894793
     -0.0403085     -0.0341823     -0.0509067     -0.0321543        0.08832     -0.0879744       0.118187     -0.0203238     -0.0232286     -0.0428261     -0.0973882     -0.0989655
     -0.0290129     -0.0472945     -0.0447733     -0.0394855         0.1472      -0.175949       0.211873     -0.0898369     -0.0361483      -0.047336      -0.100544     -0.0944259
     -0.0278308     -0.0441021     -0.0410933     -0.0419293        0.08832     -0.0586495        0.15823     -0.0107972     -0.0472337     -0.0518174     -0.0883084     -0.0855813
      -0.025097     -0.0445001     -0.0374133      -0.044373        0.08832     -0.0586495       0.151806      0.0156144     -0.0567921     -0.0467144     -0.0828541     -0.0851311
     -0.0115632     -0.0507784     -0.0300533     -0.0480386        0.17664     -0.0879744       0.247572      -0.035737     -0.0527985     -0.0424804     -0.0874078     -0.0779177
     -0.0119399     -0.0526199     -0.0251467     -0.0504823        0.11776     -0.0586494        0.13494     -0.0219938     -0.0441948     -0.0417831     -0.0684273     -0.0549649
    -0.00791074     -0.0454917     -0.0214667     -0.0504823        0.08832              0       0.210469       0.111444     -0.0340655     -0.0417443     -0.0415016     -0.0629596
    -0.00572468     -0.0507332     -0.0177867     -0.0517042        0.08832     -0.0293249       0.155928     -0.0115194     -0.0253522     -0.0311842     -0.0844193     -0.0789246
    -0.00350683     -0.0501219     -0.0141067     -0.0517042        0.08832              0       0.136237      0.0194824    -0.00609063     -0.0314788     -0.0734291      -0.059762
     0.00632401     -0.0484472    -0.00674667     -0.0517042        0.17664              0       0.134368      0.0554181     -0.0177405     -0.0447367      -0.046095     -0.0406986
      0.0120218      -0.045278       -0.00184     -0.0504823        0.11776      0.0293249       0.197433      0.0763717     -0.0294038     -0.0296115     -0.0353024     -0.0371158
      0.0179082     -0.0449405     0.00429333     -0.0492604         0.1472      0.0293248       0.152727      0.0494271     -0.0222112     -0.0218659     -0.0389292     -0.0339487
      0.0168715     -0.0466336     0.00797333     -0.0492604        0.08832              0      0.0957533        0.03857      -0.020396     -0.0220929     -0.0289679     -0.0263034
       0.033455     -0.0417805        0.01656     -0.0468167        0.20608      0.0586494       0.230563       0.060544     -0.0220289     -0.0216797      -0.023639     -0.0182936
      0.0343765     -0.0411911      0.0214667     -0.0455949        0.11776      0.0293248       0.160658       0.061381    -0.00646733     -0.0178674     -0.0129479      -0.013425
      0.0348215     -0.0431679      0.0251467      -0.044373        0.08832      0.0293249       0.122145     -0.0136707     0.00442554     -0.0130506     -0.0139026    -0.00944033
      0.0389358     -0.0481241      0.0288267     -0.0431511        0.08832      0.0293248       0.113386     -0.0741429      -0.005697     -0.0109337     -0.0049786     0.00756216
      0.0544336     -0.0384404        0.03864     -0.0407074        0.23552      0.0586494       0.169024      0.0362366     -0.0152435    -0.00901525       0.020102      0.0216498
      0.0554227     -0.0349839      0.0435467     -0.0382637        0.11776      0.0586496       0.149732      0.0340373     -0.0192387     0.00131364      0.0231967      0.0261774
      0.0589986     -0.0361732      0.0484533     -0.0382637        0.11776              0       0.130479      0.0479435    -0.00550782     0.00701387      0.0291581     0.00798273
      0.0606622     -0.0366848      0.0521333     -0.0370418        0.08832      0.0293248       0.115523     -0.0234901      0.0137779     0.00747008     -0.0131919    -0.00819993
      0.0696598     -0.0340749      0.0594933     -0.0358199        0.17664      0.0293248      0.0944756      0.0250398       0.023471    -0.00495332    -0.00320844    -0.00124175
      0.0712668     -0.0275901         0.0644     -0.0333762        0.11776      0.0586495       0.047044      0.0802175      0.0167709     -0.0108395    0.000725269    -0.00905458
      0.0769068     -0.0278644        0.06808     -0.0321543        0.08832      0.0293248       0.116649      0.0316485      0.0193734    -0.00445419     -0.0188345     -0.0176666
      0.0813178     -0.0272301      0.0729867     -0.0309325        0.11776      0.0293248      0.0834883      0.0512865      0.0220407      -0.010584     -0.0164973     -0.0179739
      0.0893897     -0.0255191        0.07912     -0.0297106         0.1472      0.0293248       0.125278      0.0585467      0.0153407     -0.0140467     -0.0194504     -0.0254506
      0.0895421     -0.0279228         0.0828     -0.0297106        0.08832              0      0.0700424       0.017944      0.0129236     -0.0128973      -0.031451     -0.0304324
      0.0897609     -0.0250213      0.0852533     -0.0284887      0.0588804      0.0293248      0.0558527      0.0485542        0.01553     -0.0174256     -0.0294146     -0.0310087
      0.0908634     -0.0268857      0.0877067     -0.0284887      0.0588799              0      0.0293144      0.0153681      0.0176417     -0.0213974     -0.0326027     -0.0265091
      0.0991585     -0.0233296      0.0926133     -0.0272669        0.11776      0.0293248      0.0764356      0.0615698      0.0202325     -0.0210294      -0.020415     -0.0244254
      0.0970657      -0.026047        0.09384      -0.026045      0.0294397      0.0293246      0.0479764     -0.0293721      0.0204029     -0.0175809     -0.0284354     -0.0229137
      0.0998703     -0.0257517      0.0950666      -0.026045      0.0294397              0      0.0678286      0.0120212      0.0201507     -0.0171741     -0.0173917     -0.0136185
         0.0984     -0.0229834      0.0962933     -0.0248232      0.0294406      0.0293248      0.0102605      0.0151114      0.0152451     -0.0161001    -0.00984528    0.000885963
       0.102092     -0.0206268      0.0987466     -0.0236013      0.0588793      0.0293248      0.0369614      0.0450765     0.00149227     -0.0102301      0.0116167      0.0137715
       0.100308     -0.0224419      0.0987466     -0.0236013              0              0      0.0252392      0.0174878   -0.000755896   -7.68049e-06      0.0159273      0.0130916
       0.102557     -0.0209715      0.0999733     -0.0223794      0.0294406      0.0293248       0.032472      0.0115822   -4.32624e-05     0.00262458      0.0102563      0.0109134
       0.100311     -0.0225089      0.0999733     -0.0223794              0              0    -0.00525293    -0.00343927    -0.00113772     0.00148959      0.0115705      0.0123477
         0.1003     -0.0197655      0.0999733     -0.0211576              0      0.0293248     0.00603265      0.0173365    -0.00602578    0.000477144      0.0131249      0.0115261
       0.100488     -0.0197484      0.0999733     -0.0211576              0              0      0.0107366      0.0323339    -0.00350164    0.000677534     0.00992727    -0.00696404
      0.0995633     -0.0176093      0.0999733     -0.0199357              0      0.0293248     -0.0106945      0.0234492     0.00394143    8.84022e-05     -0.0238547     -0.0335033
      0.0997883     -0.0191776      0.0999733     -0.0199357              0              0     0.00216449     0.00163736     0.00464703     -0.0164929     -0.0431524     -0.0410298
        0.10036     -0.0140955      0.0999733      -0.017492              0      0.0586496      0.0125927      0.0273407     0.00835944     -0.0269179      -0.038907     -0.0200944
        0.09693     -0.0114687      0.0987466     -0.0162701     -0.0294406      0.0293244     -0.0263807      0.0804401     0.00832535       -0.02521    -0.00128381    -0.00243027
      0.0989696     -0.0116514      0.0987466     -0.0150482              0      0.0293248     0.00961885      0.0363306    0.000755797     -0.0102178    -0.00357728   -0.000193697
      0.0993968      -0.011418      0.0987466     -0.0138264              0      0.0293248     0.00525126       0.026095    -0.00664805    -0.00334983     0.00319052     0.00882769
      0.0991367    -0.00919675      0.0987466     -0.0126045              0      0.0293248    -0.00287408      0.0558979     -0.0153799    -0.00319414      0.0144653      0.0043292
        0.10066    -0.00898287      0.0987466     -0.0113826              0      0.0293248      0.0391789      0.0219842     -0.0169325     0.00162024    -0.00580591    -0.00916339
      0.0970171    -0.00807471        0.09752     -0.0101608     -0.0294397      0.0293248    -0.00791303      0.0201599    -0.00750016    -0.00634616     -0.0125201    -0.00973422
      0.0979666    -0.00620251        0.09752     -0.0089389              0      0.0293248     0.00747672      0.0362369    -0.00468956     -0.0131304    -0.00694811    -0.00636054
      0.0951766     0.00093142      0.0962933     -0.0052733     -0.0294396      0.0879744     -0.0119995      0.0740287    -0.00511228     -0.0119974    -0.00577298    -0.00406039
      0.0965066    0.000210579      0.0962933    -0.00405144              0      0.0293248     0.00608401      0.0590483    -0.00296317     -0.0101811    -0.00234774    -0.00754102
      0.0967108    -0.00277386      0.0962933    -0.00405144              0              0     0.00692435      0.0114888    0.000846158    -0.00863903     -0.0127343      -0.012787
      0.0967762   -0.000762757      0.0962933    -0.00282957              0      0.0293248      0.0079771      0.0216597     0.00116504     -0.0123777     -0.0128394    -0.00834248
      0.0948082     0.00377573      0.0950666   -0.000385857     -0.0294406      0.0586491      0.0099285      0.0493601     0.00106968     -0.0130692    -0.00384536     0.00167608
      0.0950313     0.00386503      0.0950666     0.00083601              0      0.0293248     -0.0105111       0.037683   -0.000457515    -0.00934248     0.00719738      0.0106459
      0.0930317     0.00450139        0.09384     0.00205788     -0.0294397      0.0293248    -0.00519177      0.0300591     -0.0131452    -0.00350504      0.0140944       0.014986
      0.0962692     0.00355672      0.0950666     0.00327974      0.0294397      0.0293248   -0.000579167     -0.0226775     -0.0163394    0.000601717      0.0158777       0.019556
      0.0965115     0.00332961      0.0950666     0.00327974              0              0      0.0266394     0.00849131     -0.0131999     0.00193948      0.0232344      0.0229344
      0.0931019      0.0051746        0.09384     0.00450161     -0.0294397      0.0293248     -0.0181951   -0.000219684     -0.0116045     0.00516684       0.022635      0.0264025
       0.094997     0.00680338        0.09384     0.00572348              0      0.0293248      0.0274053      0.0130949     -0.0120152     0.00572128      0.0301695      0.0307593
      0.0977093     0.00576562      0.0950666     0.00572348      0.0294397              0      0.0301503     0.00541743     -0.0059713     0.00853974      0.0313492      0.0236731
      0.0965208     0.00722146      0.0950666     0.00694534              0      0.0293248      0.0217579    -0.00873512    -0.00410842      0.0102311      0.0159969       0.016973
      0.0958361     0.00920463      0.0950666     0.00816721              0      0.0293248     0.00803196      0.0115862    -0.00445448     0.00579066      0.0179496      0.0173259
      0.0954725     0.00713068      0.0950666     0.00816721              0              0     0.00401792     -0.0231189    -0.00415944     0.00316054      0.0167022      0.0234704
      0.0952067      0.0101788      0.0950666     0.00938908              0      0.0293248    0.000708253      0.0118556    -0.00221669     0.00329954      0.0302382       0.030817
      0.0948921      0.0114109      0.0950666      0.0106109              0      0.0293248    -0.00276955     0.00403453     0.00240744     0.00951321      0.0313964      0.0328197
      0.0942511      0.0134412      0.0950666      0.0118328              0      0.0293248     -0.0141817      0.0262801     0.00803221      0.0106688      0.0342436      0.0248871
      0.0911438      0.0117681        0.09384      0.0118328     -0.0294397              0      -0.031613     -0.0017305      0.0130192      0.0110267      0.0155301     0.00504303
      0.0923814      0.0109771        0.09384      0.0118328              0              0     -0.0157425     -0.0186747      0.0182979     0.00593395    -0.00544399    -0.00779706
       0.091806      0.0116983        0.09384      0.0118328              0              0     -0.0355506   -0.000206998      0.0205834    -0.00767343     -0.0101503     -0.0123155
      0.0904563      0.0185056      0.0926133      0.0142765     -0.0294397      0.0586491      -0.012831      0.0562429      0.0168184     -0.0100562     -0.0144807     -0.0199421
      0.0880393      0.0158128      0.0913866      0.0142765     -0.0294405              0     -0.0515007      0.0144313      0.0166396      -0.011355     -0.0254039     -0.0235596
      0.0905399      0.0151005      0.0913866      0.0142765              0              0     -0.0061655     0.00864867     0.00455679     -0.0168139     -0.0217159     -0.0158983
      0.0876862      0.0209468        0.09016      0.0167203     -0.0294397      0.0586496     -0.0404488       0.052302    -0.00221478     -0.0178324     -0.0100811    -0.00414849
      0.0866288      0.0191288      0.0889333      0.0167203     -0.0294397              0     -0.0265691      0.0417553    -0.00676905     -0.0130896     0.00178432    -0.00424447
      0.0899383      0.0200237      0.0889333      0.0179421              0      0.0293248      0.0317572      0.0159243    -0.00331413    -0.00517016     -0.0102721    -0.00700001
      0.0856842      0.0186242      0.0877067      0.0179421     -0.0294401              0     -0.0389038     0.00936854     0.00250138    -0.00976377    -0.00372814   -0.000795605
      0.0849892      0.0213171        0.08648       0.019164     -0.0294401      0.0293248     -0.0082398       0.027955    -0.00822305    -0.00867157     0.00213718     0.00282955
      0.0872629      0.0194133        0.08648       0.019164              0              0      0.0165199      -0.001336     -0.0104251    -0.00517409      0.0035224     0.00775194
      0.0843998      0.0188728      0.0852533       0.019164     -0.0294397              0     -0.0123118    -0.00454898     -0.0120613    -0.00432115      0.0119815       0.015635
      0.0858596      0.0193573      0.0852533       0.019164              0              0     0.00773271      0.0104422     -0.0182143    -0.00146799      0.0192885      0.0129347
      0.0873641      0.0180542      0.0852533       0.019164              0              0      0.0391361     -0.0258192     -0.0218141     0.00341625     0.00658083      0.0107417
       0.086624      0.0187295      0.0852533       0.019164              0              0      0.0114096    2.34796e-05     -0.0190921    -0.00125723      0.0149031      0.0123062
       0.086962      0.0158913      0.0852533      0.0179421              0     -0.0293248      0.0276819      -0.024676     -0.0221074    0.000642606     0.00970888     0.00584459
      0.0899759      0.0169086        0.08648      0.0179421      0.0294397              0      0.0469055     -0.0159464     -0.0194023   -0.000371746      0.0019803     0.00104761
      0.0913562      0.0148498      0.0877067      0.0167203      0.0294401     -0.0293248      0.0459004       -0.01909     -0.0161502    -0.00385695    0.000114441    -0.00390488
      0.0894233      0.0167058      0.0877067      0.0167203              0              0      0.0217998     0.00403292     -0.0146656    -0.00609451    -0.00792437     -0.0147409
      0.0915629      0.0163017      0.0889333      0.0167203      0.0294401              0      0.0315133     -0.0154247     -0.0124516     -0.0101156     -0.0215575     -0.0160852
      0.0933125      0.0150858        0.09016      0.0154984      0.0294397     -0.0293248      0.0435286      0.0109723    -0.00867473     -0.0166134     -0.0106126     -0.0182783
       0.093294      0.0130758      0.0913866      0.0142765      0.0294397     -0.0293248      0.0121697     -0.0164695     -0.0034573      -0.013065     -0.0259438     -0.0280783
       0.094958      0.0119465      0.0926133      0.0130547      0.0294405     -0.0293248      0.0346934    -0.00889292    -0.00290858     -0.0182354     -0.0302131      -0.032727
      0.0922409      0.0124016      0.0926133      0.0130547              0              0     -0.0127864     -0.0225286     0.00372494     -0.0225797     -0.0352407     -0.0196965
      0.0950359      0.0169709        0.09384      0.0142765      0.0294397      0.0293248      0.0194982      0.0449677     0.00850774     -0.0244267    -0.00415237    0.000443459
      0.0932754      0.0151721        0.09384      0.0142765              0              0    -0.00994368     0.00846128      0.0137506     -0.0111464     0.00503874       0.011075
      0.0925121      0.0147721        0.09384      0.0142765              0              0     -0.0215473      0.0125632       0.012293    -0.00489788      0.0171108      0.0150156
      0.0927824      0.0139434        0.09384      0.0142765              0              0     -0.0129296     -0.0072956      0.0088538   -0.000155023      0.0129204      0.0121436
      0.0929118      0.0149511        0.09384      0.0142765              0              0     -0.0138701      0.0217196     0.00647427    0.000914642      0.0113668    -0.00312751
      0.0929836      0.0158162        0.09384      0.0154984              0      0.0293248     -0.0134268      -0.020534     0.00359715   -0.000602892     -0.0176211    -0.00781331
      0.0929834      0.0157492        0.09384      0.0154984              0              0     -0.0154557     0.00969467    0.000174652     -0.0110891     0.00199604     0.00553608
      0.0935709      0.0190609        0.09384      0.0167203              0      0.0293248   -1.15954e-05      0.0341951    -0.00178193    -0.00783508      0.0090766     0.00592947
      0.0935502      0.0167703        0.09384      0.0167203              0              0    -0.00418872    -0.00693182    0.000152599    -0.00214284     0.00278282     0.00609159
      0.0930919      0.0137367        0.09384      0.0154984              0     -0.0293248     -0.0149259     -0.0176282    0.000327955    -0.00428038     0.00939989     0.00826883
      0.0938186      0.0139215        0.09384      0.0154984              0              0     0.00624793     -0.0303059   -0.000636686     -0.0029959      0.0071373      0.0153527
      0.0945864      0.0141887        0.09384      0.0154984              0              0      0.0179998     -0.0183559    4.69791e-05    -0.00195079      0.0235677      0.0313406
      0.0936628      0.0111541        0.09384      0.0142765              0     -0.0293248     -0.0123933     -0.0400953   -0.000812162     0.00279433      0.0391135      0.0438867
      0.0970044      0.0100858      0.0950666      0.0130547      0.0294397     -0.0293248       0.022613     -0.0260977     -0.0148463      0.0133135      0.0486603      0.0383968
      0.0963772     0.00788082      0.0950666      0.0118328              0     -0.0293243      0.0197766      -0.055418     -0.0190598      0.0186374      0.0281329      0.0213537
      0.0984505     0.00933908      0.0962933      0.0118328      0.0294406              0      0.0213318     -0.0375163     -0.0162901      0.0134177      0.0145745      0.0125775
      0.0975175     0.00786307      0.0962933      0.0106109              0     -0.0293248      0.0218877     -0.0303674     -0.0135068     0.00394804      0.0105801      0.0048337
      0.0995443     0.00744767        0.09752     0.00938908      0.0294396     -0.0293248      0.0223334     -0.0155349    -0.00806116     0.00128705     -0.0009123     -0.0135487
      0.0971211     0.00861122        0.09752     0.00938908              0              0      -0.014086     -0.0181285    -0.00503062    -0.00269931     -0.0261855     -0.0272631
      0.0992267     0.00592001      0.0987466     0.00816721      0.0294397     -0.0293248   -0.000543267     -0.0355229    -0.00375556      -0.016908     -0.0283407     -0.0181343
      0.0982491     0.00646422      0.0987466     0.00816721              0              0    -0.00147052     -0.0354086     0.00495733     -0.0185177    -0.00792689      0.0162477
       0.102209     0.00983294      0.0999733     0.00816721      0.0294406              0        0.04707      0.0558645      0.0163396    -0.00827282      0.0404234      0.0295606
       0.099626     0.00407266      0.0999733     0.00694534              0     -0.0293248     -0.0125109     -0.0561498      0.0177711      0.0164183      0.0187001      0.0246124
       0.102171     0.00226689         0.1012     0.00572348      0.0294397     -0.0293248     0.00443931     -0.0391394     0.00339604      0.0172957      0.0305257      0.0303597
        0.10119    0.000326979         0.1012     0.00450161              0     -0.0293248    -0.00912717     -0.0593944      -0.014507      0.0130209      0.0301943      0.0341396
        0.10777     0.00175298       0.103653     0.00450161      0.0588802              0       0.052394     -0.0385253     -0.0221397      0.0163261      0.0380845      0.0419359
       0.105915      0.0027994       0.103653     0.00450161              0              0      0.0357897     -0.0171146      -0.015702       0.019658      0.0457869      0.0410647
       0.106491    0.000467473        0.10488     0.00327974      0.0294397     -0.0293248     0.00602991     -0.0298206    -0.00882136      0.0233416      0.0363431      0.0228209
       0.106688     0.00154557        0.10488     0.00327974              0              0      0.0444229     -0.0264005    -0.00687992      0.0223436     0.00929928    -0.00027783
       0.108534   -0.000260894       0.106107     0.00205788      0.0294397     -0.0293248      0.0273771     -0.0273189    0.000684272       0.010853    -0.00985473     -0.0185273
       0.105091      0.0012632       0.106107     0.00205788              0              0     -0.0348184     -0.0166359    -0.00152623   -0.000981382     -0.0271999     -0.0251428
       0.109025     0.00272369       0.107333     0.00205788      0.0294405              0      0.0286593      0.0139727     -0.0135033     -0.0108334     -0.0230857     -0.0238177
       0.109048      0.0035227       0.107333     0.00205788              0              0      0.0374889      0.0243503   -0.000921239    -0.00957148     -0.0245496     -0.0287425
       0.111189     0.00240648        0.10856     0.00205788      0.0294397              0      0.0342472    -0.00735227     0.00591684    -0.00935476     -0.0329354     -0.0223931
       0.108017   -0.000113187        0.10856     0.00083601              0     -0.0293248     -0.0282534    -0.00691211   -0.000934829      -0.011539     -0.0118533    -0.00317827
       0.111645     0.00325367       0.109787     0.00205788      0.0294397      0.0293248      0.0255472     0.00929895     -0.0161281    -0.00706404     0.00549698      0.0177941
       0.114189     0.00341397       0.111013     0.00205788      0.0294406              0      0.0469069      0.0355119      -0.013118     0.00372297      0.0300908      0.0214419
       0.114688     0.00178055        0.11224     0.00205788      0.0294396              0      0.0263252     -0.0106993    -0.00042354      0.0172691       0.012794      0.0090661
       0.115421    -0.00143602       0.113467     0.00083601      0.0294397     -0.0293248      0.0209549     -0.0278279    0.000190149      0.0102783     0.00533772     0.00138855
       0.116515       0.002994       0.114693     0.00205788      0.0294406      0.0293248      0.0206871      0.0100146    0.000747453      0.0046844    -0.00256123    -0.00510927
       0.117604     0.00213954        0.11592     0.00205788      0.0294397              0      0.0186791    -0.00235163     0.00337566     0.00124402    -0.00765722    -0.00623054
       0.116094     0.00268288        0.11592     0.00205788              0              0     0.00452185      0.0138803     0.00547541    -0.00161927    -0.00480353    -0.00853802
       0.117365     0.00491557       0.117147     0.00327974      0.0294396      0.0293248     -0.0122983      0.0117421     0.00614191     -0.0019589     -0.0122723     -0.0070271
       0.116471     0.00382439       0.117147     0.00327974              0              0    -0.00714489     0.00799412     0.00352574    -0.00406151    -0.00178249     0.00224352
       0.116388     0.00354077       0.117147     0.00327974              0              0    -0.00753529     0.00474551     0.00643517    -0.00256651     0.00626945     0.00803328
       0.114982     0.00399316       0.117147     0.00327974              0              0     -0.0408072      0.0180193       0.010178     0.00214405      0.0097971     0.00173187
       0.112693     0.00366395        0.11592     0.00327974     -0.0294396              0     -0.0339191     0.00460196       0.010149     0.00446732    -0.00633438     -0.0137097
       0.113913      0.0031455        0.11592     0.00327974              0              0     -0.0263604    -0.00870871      0.0133534    0.000198909     -0.0210849     -0.0195533
       0.114118     0.00328523        0.11592     0.00327974              0              0     -0.0261158    -0.00317714      0.0147561    -0.00823193     -0.0180212     -0.0111787
       0.109146     0.00297753       0.113467     0.00327974     -0.0588804              0     -0.0478631    -0.00980372     0.00865091    -0.00924831    -0.00433608     0.00867224
       0.112371     0.00318883       0.113467     0.00327974              0              0      -0.010861     0.00281777     0.00318826     -0.0019527      0.0216804      0.0286331
       0.109321     0.00241108        0.11224     0.00327974     -0.0294397              0     -0.0506903     -0.0138369     -0.0071287      0.0112782      0.0355864      0.0404444
       0.110668     0.00201957        0.11224     0.00327974              0              0     -0.0293832     -0.0143352     -0.0186523      0.0201243      0.0453024       0.042799
        0.10976      0.0010421       0.111013     0.00327974     -0.0294396              0    0.000622971     -0.0366056     -0.0184342      0.0243376      0.0402956      0.0418167
       0.111891   -0.000853014       0.111013     0.00205788              0     -0.0293248      0.0271783     -0.0262338    -0.00211583      0.0245277      0.0433378      0.0324855
       0.109595      0.0016851       0.111013     0.00205788              0              0     -0.0394938     0.00775033     0.00417853      0.0237607      0.0216322    -0.00332558
       0.107483    0.000708996       0.109787     0.00205788     -0.0294406              0     -0.0230036       -0.03593     -0.0117544       0.014281     -0.0282823      -0.032338
       0.112161    -0.00158865       0.111013     0.00083601      0.0294406     -0.0293248      0.0142165     -0.0360375     -0.0137249    -0.00716429      -0.036392      -0.029652
       0.113383     0.00217991        0.11224     0.00083601      0.0294396              0     0.00279245      0.0340225     -0.0102717     -0.0186382     -0.0229122     -0.0290235
       0.113211     0.00243931        0.11224     0.00083601              0              0      0.0261038       0.020326     -0.0102649     -0.0126864      -0.035135     -0.0384134
       0.115275     0.00056688       0.113467   -0.000385857      0.0294397     -0.0293248      0.0191974      0.0264258    -0.00469135     -0.0131918      -0.041692     -0.0528368
       0.116733    -0.00285194       0.114693    -0.00160772      0.0294406     -0.0293248      0.0238135     -0.0324367    -0.00640785     -0.0194545     -0.0639821     -0.0513822
       0.115402    -0.00024065       0.114693    -0.00160772              0              0     0.00802456      0.0270386     -0.0120253     -0.0294068     -0.0387837     -0.0304607
       0.118082     0.00422081        0.11592   -0.000385857      0.0294397      0.0293248      0.0246577        0.07288      -0.016423     -0.0192193     -0.0221378     -0.0266745
       0.120359     0.00163652       0.117147   -0.000385857      0.0294396              0      0.0450693      0.0196156     -0.0190716    -0.00791078     -0.0312107     -0.0276536
       0.123887     0.00170956         0.1196   -0.000385857      0.0588804              0      0.0430787      0.0365001     -0.0196512    -0.00725417     -0.0240965     -0.0272724
       0.125607    0.000952925       0.120827   -0.000385857      0.0294397              0      0.0779135       0.013745     -0.0209397    -0.00935071     -0.0304487     -0.0283597
       0.124989    0.000619084       0.122053   -0.000385857      0.0294406              0      0.0221781      0.0115435     -0.0164792      -0.010318     -0.0262704     -0.0195642
       0.126414     0.00411981        0.12328     0.00083601      0.0294396      0.0293248      0.0413669      0.0491839     -0.0248341    -0.00905209      -0.012858     -0.0134044
       0.133563     0.00625389        0.12696     0.00205788      0.0883201      0.0293248      0.0799041      0.0618275     -0.0218311    -0.00280362     -0.0139508     -0.0230783
       0.132539     0.00393095       0.128187     0.00205788      0.0294396              0      0.0594953      0.0202503     -0.0174388    -0.00219398     -0.0322058     -0.0354862
       0.133841     0.00235329        0.13064     0.00205788      0.0588802              0      0.0172181    -0.00912534     -0.0126953    -0.00852018     -0.0387664     -0.0244933
       0.133633     0.00601712       0.131867     0.00327974      0.0294399      0.0293248      0.0205237      0.0415338     -0.0121413     -0.0149712     -0.0102214    -0.00285165
       0.138267     0.00881726        0.13432     0.00450161      0.0588802      0.0293248      0.0604291       0.070513     0.00336708    -0.00205915     0.00451803    -0.00498321
       0.137718     0.00857378       0.136773     0.00572348      0.0588802      0.0293248     -0.0202718      0.0256428      0.0177286     0.00667245      -0.014482     -0.0141391
       0.138505     0.00535492          0.138     0.00572348      0.0294399              0      0.0180886     -0.0198556      0.0157293     -0.0020222     -0.0137956    0.000863075
       0.140501       0.008959       0.140453     0.00694534      0.0588802      0.0293248     -0.0219519      0.0338071      0.0295472    -0.00364619      0.0155215      0.0199265
       0.141002      0.0103342        0.14168     0.00816721      0.0294396      0.0293248    -0.00557817      0.0273758      0.0334551     0.00694437      0.0243311       0.025012
       0.141479     0.00809471       0.142907     0.00816721      0.0294399              0     -0.0285272    -0.00267764      0.0347865      0.0160295      0.0256925      0.0248451
       0.140997     0.00725169       0.144133     0.00816721      0.0294406              0     -0.0662123      -0.014148      0.0312531      0.0163751      0.0239973      0.0223703
       0.140873     0.00773229       0.144133     0.00816721              0              0     -0.0361804    0.000429734      0.0254461      0.0156083      0.0207434       0.012063
       0.144526     0.00706116        0.14536     0.00816721      0.0294396              0    -0.00590846     -0.0235446      0.0325298      0.0144834     0.00338221     0.00300264
       0.146104     0.00508516       0.146587     0.00694534      0.0294396     -0.0293248      -0.011842     -0.0166179      0.0340484      0.0074944      0.0026226    -0.00282103
       0.143238     0.00295051       0.146587     0.00572348              0     -0.0293248     -0.0667954     -0.0420925      0.0221311     0.00377614    -0.00826485    -0.00450375
       0.144798     0.00539531       0.146587     0.00572348              0              0      -0.017212     0.00333376     0.00500513     0.00135023   -0.000742489    -0.00340033
       0.145099     0.00264622       0.146587     0.00450161              0     -0.0293248     -0.0237612     -0.0257333     0.00534416     0.00198037    -0.00605823    -0.00480185
       0.142105     0.00138757        0.14536     0.00327974     -0.0294396     -0.0293248     -0.0440873      -0.018493     0.00531531    0.000961849    -0.00354543    -0.00559631
       0.143406     0.00317979        0.14536     0.00327974              0              0     -0.0273201     0.00130862     0.00500513     0.00113768    -0.00764723     -0.0109687
       0.143767    0.000677177        0.14536     0.00205788              0     -0.0293248      -0.022353     -0.0158261     0.00554896    0.000182458     -0.0142901     -0.0164722
       0.140406     0.00225823       0.144133     0.00205788     -0.0294396              0     -0.0532736     0.00461455     0.00800825    -0.00285881     -0.0186542     -0.0202964
       0.141855     0.00236585       0.144133     0.00205788              0              0      -0.028822    0.000226484     0.00909735    -0.00549131     -0.0219386     -0.0178889
       0.142033     0.00262261       0.144133     0.00205788              0              0     -0.0303317     0.00836055      0.0137198     -0.0074771      -0.013839    -0.00943343
       0.141927     0.00358297       0.144133     0.00205788              0              0      -0.032181      0.0314745      0.0149284    -0.00572627    -0.00502781     -0.0115998
       0.139545     0.00230996       0.142907     0.00205788     -0.0294406              0     -0.0381474    -0.00646753      0.0149266   -3.83173e-05      -0.018172     -0.0142369
       0.140478     0.00276953       0.142907     0.00205788              0              0     -0.0374416      0.0145977      0.0149129     -0.0050227     -0.0103017     -0.0102107
       0.138304     0.00239894        0.14168     0.00205788     -0.0294399              0     -0.0423283    0.000870123      0.0105972    -0.00579791     -0.0101196    -0.00580372
       0.139955     0.00246493        0.14168     0.00205788              0              0     -0.0246883     0.00768143     0.00558628    -0.00367086    -0.00148806    0.000607491
       0.140215     0.00528114        0.14168     0.00327974              0      0.0293248     -0.0254469       0.025028    0.000568639    0.000321576     0.00270319     0.00355101
       0.141193     0.00350648        0.14168     0.00327974              0              0    -0.00128705   -0.000597199    -0.00177847     0.00274129      0.0043993     0.00763988
       0.141025     0.00300627        0.14168     0.00327974              0              0     -0.0118427    -0.00423653   -0.000791658     0.00376804      0.0108809      0.0135503
       0.143709     0.00582645       0.142907     0.00450161      0.0294399      0.0293248     0.00469209      0.0160924    -0.00133549     0.00680108      0.0162196      0.0165119
       0.146319     0.00384347       0.144133     0.00450161      0.0294406              0      0.0341839     -0.0155038    -0.00187396     0.00977702      0.0168037      0.0219302
       0.142638     0.00314085       0.144133     0.00450161              0              0     -0.0425595     -0.0220587   -0.000602354      0.0106565      0.0270567      0.0329828
       0.147482     0.00417161        0.14536     0.00450161      0.0294396              0       0.048764     0.00893467    -0.00366031      0.0154201      0.0389094      0.0298076
       0.148382     0.00383604       0.146587     0.00450161      0.0294396              0      0.0163518     -0.0100194     0.00933946      0.0212491      0.0207057      0.0107026
       0.149739     0.00110918       0.147813     0.00327974      0.0294406     -0.0293248      0.0245267     -0.0252638     0.00289513      0.0137675     0.00069952     -0.0100596
        0.14778       0.002382       0.147813     0.00327974              0              0    -0.00839266     -0.0172684    -0.00532555      0.0027718     -0.0208185     -0.0226368
       0.150203     0.00413584        0.14904     0.00327974      0.0294399              0     0.00594671      0.0190043     -0.0133619    -0.00768798     -0.0244554     -0.0306228
       0.150059     0.00375245        0.14904     0.00327974              0              0      0.0221329    -0.00296152     -0.0156678     -0.0117804     -0.0367902     -0.0310511
       0.151595     0.00471842       0.150267     0.00327974      0.0294396              0     0.00573031      0.0263436     -0.0069462     -0.0168936      -0.025311     -0.0240436
       0.157085     0.00535584        0.15272     0.00327974      0.0588802              0        0.06483      0.0354672    -0.00643669       -0.01311     -0.0227765     -0.0285969
       0.156621     0.00100968       0.153947     0.00205788      0.0294399     -0.0293248      0.0289102     -0.0230036    8.44108e-05      -0.010856     -0.0344176     -0.0262888
       0.155136     0.00351779       0.155173     0.00205788      0.0294406              0     -0.0289413      0.0338075   -0.000539292     -0.0136048     -0.0181592      -0.021482
       0.161248     0.00178581       0.157627     0.00205788      0.0588791              0      0.0615708      -0.022242     -0.0055164     -0.0114756     -0.0248043    -0.00967829
        0.16067     0.00322017       0.158853     0.00205788      0.0294406              0      0.0174397      0.0314538     0.00821782    -0.00930159     0.00544786     0.00453997
       0.161063     0.00314701        0.16008     0.00205788      0.0294399              0      0.0111496      0.0182942      0.0166907     0.00251836     0.00363159    -0.00231486
       0.161512    5.29613e-05       0.161307     0.00083601      0.0294396     -0.0293248    -0.00725459    -0.00395481      0.0153902     0.00379247    -0.00826106     -0.0178669
       0.161963     0.00120557       0.162533     0.00083601      0.0294406              0     -0.0226247     0.00472049     0.00940431    -0.00300186     -0.0274728     -0.0333085
        0.16392     0.00132594        0.16376     0.00083601      0.0294396              0     0.00113877    0.000737859     0.00805939     -0.0129648     -0.0391444     -0.0359453
        0.16559     0.00284302       0.164987     0.00083601      0.0294399              0      0.0074162      0.0376463      0.0140761      -0.018708     -0.0327462     -0.0376692
        0.16579     0.00545683       0.166213     0.00205788      0.0294403      0.0293248      -0.019064      0.0387927      0.0185143     -0.0186526     -0.0425923     -0.0398299
        0.16907    5.71494e-05       0.168667     0.00083601      0.0588795     -0.0293248     -0.0123944      -0.020756      0.0168711     -0.0205528     -0.0370676     -0.0192875
       0.168328     0.00271472       0.168667     0.00083601              0              0      0.0128082      0.0463808      0.0179194     -0.0191681     -0.0015063     -0.0043707
       0.169624     0.00437852       0.169893     0.00205788      0.0294406      0.0293248     -0.0131205       0.019799      0.0283215    -0.00205713    -0.00723397    -0.00206008
       0.167543    0.000237373       0.169893     0.00083601              0     -0.0293248     -0.0401475   -0.000285099      0.0202851    -0.00221866     0.00311422     0.00195456
       0.170455    0.000814129        0.17112     0.00083601      0.0294396              0     -0.0157595    2.52679e-05     0.00994457    -0.00210004    0.000794888   -0.000698329
       0.169792    0.000659751        0.17112     0.00083601              0              0     -0.0185113    -0.00442522     0.00658835   -0.000410608    -0.00219139    -0.00136511
        0.16605     0.00139283       0.169893     0.00083601     -0.0294396              0      -0.057427      0.0142048     0.00644542    -0.00203877   -0.000538733    -0.00632843
       0.167107    -0.00167755       0.169893   -0.000385857              0     -0.0293248     -0.0402969      -0.016138     0.00633443    -0.00220423     -0.0121179     -0.0158257
       0.168027   -0.000622866       0.169893   -0.000385857              0              0     -0.0200096     -0.0055265     0.00972987    -0.00702517     -0.0195334     -0.0187913
        0.16755    0.000211757       0.169893   -0.000385857              0              0     -0.0364534      0.0104369      0.0160465     -0.0111096     -0.0180491     -0.0178013
       0.164372    0.000206402       0.168667   -0.000385857     -0.0294406              0     -0.0582925     0.00600865      0.0170537     -0.0117949     -0.0175534     -0.0140836
       0.162577    0.000586067        0.16744   -0.000385857     -0.0294396              0     -0.0660443      0.0175266      0.0159952     -0.0115084     -0.0106138     -0.0108966
        0.16142    -0.00243666       0.166213    -0.00160772     -0.0294399     -0.0293248     -0.0619314    -0.00738752      0.0152129    -0.00810521     -0.0111792     -0.0123442
       0.159917   -0.000931469       0.164987    -0.00160772     -0.0294403              0     -0.0699118      0.0147384      0.0151568    -0.00761013     -0.0135092     -0.0186979
       0.159032   -0.000846342        0.16376    -0.00160772     -0.0294399              0     -0.0592442     0.00847361      0.0151568    -0.00761013     -0.0238866      -0.025667
        0.16059   -0.000644229        0.16376    -0.00160772              0              0     -0.0462803      0.0130894      0.0151568    -0.00761013     -0.0274471     -0.0269919
       0.158315   -0.000303223       0.162533    -0.00160772     -0.0294396              0     -0.0552141      0.0196659      0.0151568    -0.00761013     -0.0265366     -0.0262693
       0.159205    -0.00330513       0.162533    -0.00282957              0     -0.0293243     -0.0526148    -0.00412451      0.0151568    -0.00761013     -0.0260022     -0.0235406
       0.159723    -0.00179283       0.162533    -0.00282957              0              0     -0.0399669      0.0194337      0.0151568    -0.00761013     -0.0210794     -0.0221428
        0.16118    -0.00523048       0.162533    -0.00405144              0     -0.0293248    -0.00590886     -0.0195678      0.0151568    -0.00761013     -0.0232064     -0.0173629
       0.160009    -0.00679309       0.162533     -0.0052733              0     -0.0293248     -0.0460178      -0.015475      0.0151568    -0.00761013     -0.0115202    -0.00622883
       0.160592    -0.00507357       0.162533     -0.0052733              0              0     -0.0238088     0.00742026      0.0151568    -0.00761013   -0.000937416    7.24792e-05
        0.15826    -0.00519283       0.161307     -0.0052733     -0.0294406              0     -0.0375686   -0.000370808      0.0151568    -0.00761013     0.00108099      0.0032196
       0.160031    -0.00575571       0.161307     -0.0052733              0              0     -0.0154055     -0.0107621      0.0151568    -0.00761013     0.00535727      0.0113802
        0.16027    -0.00574902       0.161307     -0.0052733              0              0     -0.0203438    -0.00533071      0.0151568    -0.00761013      0.0174026      0.0207019
       0.160592     -0.0057693       0.161307     -0.0052733              0              0     -0.0132377    -0.00434166      0.0151568    -0.00761013      0.0240011        0.02245
       0.161117    -0.00525518       0.161307     -0.0052733              0              0   -0.000746162     0.00836954      0.0151568    -0.00761013      0.0208993     0.00924349
       0.159762    -0.00547702       0.161307     -0.0052733              0              0     -0.0338987    -0.00464566      0.0151568    -0.00761013    -0.00241189      -0.011721
       0.161581    -0.00257912       0.161307    -0.00405144              0      0.0293248       0.025185      0.0124774      0.0151568    -0.00761013     -0.0210301     -0.0240689
       0.163821    -0.00391485       0.162533    -0.00405144      0.0294406              0      0.0128279    -0.00750619      0.0151568    -0.00761013     -0.0271081     -0.0185717
       0.159969     -0.0023259       0.162533    -0.00405144              0              0     -0.0604401      0.0376916      0.0151568    -0.00761013     -0.0100354     -0.0147274
       0.161712    -0.00306802       0.162533    -0.00405144              0              0     0.00542102     0.00861443      0.0151568    -0.00761013     -0.0194191     -0.0196192
       0.161546   -0.000677398       0.162533    -0.00282957              0      0.0293248      -0.014309      0.0226154      0.0151568    -0.00761013     -0.0198194     -0.0147027
       0.163137    -0.00203202        0.16376    -0.00282957      0.0294396              0     -0.0224354     0.00820648      0.0151568    -0.00761013    -0.00958584    -0.00177141
       0.162171    -0.00215157        0.16376    -0.00282957              0              0      -0.022041      0.0136621      0.0151568    -0.00761013     0.00604343     0.00812101
       0.161748    -0.00299461        0.16376    -0.00282957              0              0     -0.0297388    -0.00543993      0.0151568    -0.00761013      0.0101991      0.0139909
       0.161977    -0.00271905        0.16376    -0.00282957              0              0     -0.0204547     0.00843382      0.0151568    -0.00761013      0.0177822      0.0132637
       0.160857    -0.00367877        0.16376    -0.00282957              0              0      -0.050377     -0.0191013      0.0151568    -0.00761013     0.00874424       0.010859
       0.161994    -0.00338954        0.16376    -0.00282957              0              0        -0.0147    -0.00456533      0.0151568    -0.00761013      0.0129733      0.0117664
        0.16154    -0.00459243        0.16376    -0.00282957              0              0     -0.0370965     -0.0377994      0.0151568    -0.00761013        0.01056      0.0226965
       0.162183    -0.00309453        0.16376    -0.00282957              0              0      -0.018528      0.0112343      0.0151568    -0.00761013      0.0348315      0.0301499
       0.161732    -0.00192246        0.16376    -0.00282957              0              0     -0.0369037      0.0270754      0.0151568    -0.00761013      0.0254688     0.00271702
       0.159084    -0.00405129       0.162533    -0.00282957     -0.0294396              0     -0.0452765     -0.0367311      0.0151568    -0.00761013     -0.0200365     -0.0207314
       0.160178    -0.00182598       0.162533    -0.00282957              0              0     -0.0365374      0.0290018      0.0151568    -0.00761013     -0.0214265     -0.0342623
       0.159961    -0.00136516       0.162533    -0.00282957              0              0     -0.0408462      0.0165029      0.0151568    -0.00761013     -0.0470989     -0.0528194
       0.159376    -0.00189262       0.162533    -0.00282957              0              0      -0.048653     0.00235211      0.0151568    -0.00761013     -0.0585389     -0.0494278
       0.159344    -9.9848e-05       0.162533    -0.00282957              0              0     -0.0408779      0.0513664      0.0151568    -0.00761013     -0.0403176       -0.04272
       0.161276   -0.000440383        0.16376    -0.00282957      0.0294396              0     -0.0416765      0.0295952      0.0151568    -0.00761013      -0.045122     -0.0431378
       0.157756   -0.000870134       0.162533    -0.00282957     -0.0294396              0     -0.0536638      0.0260577      0.0151568    -0.00761013     -0.0411532     -0.0374432
       0.162003    -0.00167176        0.16376    -0.00282957      0.0294396              0     -0.0205929     0.00898793      0.0151568    -0.00761013      -0.033733     -0.0223275
       0.157209   -0.000966832       0.162533    -0.00282957     -0.0294396              0     -0.0827334      0.0344391      0.0151568    -0.00761013     -0.0109219    -0.00771638
       0.158862    -0.00180823       0.162533    -0.00282957              0              0     -0.0531076      0.0116036      0.0151568    -0.00761013    -0.00451044    5.38826e-05
       0.160178    -0.00132674       0.162533    -0.00282957              0              0     -0.0345826      0.0324323      0.0151568    -0.00761013     0.00461721    -0.00400943
       0.161548    -0.00215686       0.162533    -0.00282957              0              0    -0.00862218     0.00549589      0.0151568    -0.00761013     -0.0126365     -0.0174672
       0.163723    -0.00234386        0.16376    -0.00282957      0.0294396              0     -0.0166244     0.00488192      0.0151568    -0.00761013     -0.0222981     -0.0227708
       0.160234    -0.00183867       0.162533    -0.00282957     -0.0294396              0     -0.0262695      0.0160132      0.0151568    -0.00761013     -0.0232435     -0.0246332
       0.162768     -0.0017894       0.162533    -0.00282957              0              0      0.0199656      0.0132777      0.0151568    -0.00761013     -0.0260228     -0.0256703
       0.161673    -0.00230816       0.162533    -0.00282957              0              0     -0.0223203     0.00075937      0.0151568    -0.00761013     -0.0253181     -0.0160516
       0.161406    -0.00143573       0.162533    -0.00282957              0              0     -0.0217431      0.0284116      0.0151568    -0.00761013    -0.00678522    -0.00699591
       0.161648     -0.0020672       0.162533    -0.00282957              0              0     -0.0151287     0.00820275      0.0151568    -0.00761013     -0.0072069    -0.00565074
       0.162082    -0.00227732       0.162533    -0.00282957              0              0    -0.00247801     0.00956364      0.0151568    -0.00761013    -0.00409469    -0.00480548
       0.161939    -0.00248538       0.162533    -0.00282957              0              0    -0.00604397     0.00420463      0.0151568    -0.00761013    -0.00551616    -0.00566889
       0.161052    -0.00264181       0.162533    -0.00282957              0              0      -0.025686     0.00161243      0.0151568    -0.00761013    -0.00582163     -0.0045916
       0.160563    -0.00208431       0.162533    -0.00282957              0              0     -0.0314486      0.0161709      0.0151568    -0.00761013    -0.00336167    -0.00815031
       0.160846    -0.00285023       0.162533    -0.00282957              0              0     -0.0205897    -0.00748428      0.0151568    -0.00761013     -0.0129385    -0.00984398
       0.160698    -0.00252151       0.162533    -0.00282957              0              0     -0.0260694     0.00673631      0.0151568    -0.00761013    -0.00675006    -0.00549282
       0.160577    -0.00233413       0.162533    -0.00282957              0              0     -0.0276652     0.00830076      0.0151568    -0.00761013    -0.00423553      -0.004501
       0.160914    -0.00273341       0.162533    -0.00282957              0              0      -0.020264    -0.00148591      0.0151568    -0.00761013    -0.00476646    -0.00207206
       0.160461    -0.00285816       0.162533    -0.00282957              0              0     -0.0359166    -0.00107597      0.0151568    -0.00761013    0.000622749      0.0039897
       0.163401     -0.0023329        0.16376    -0.00282957      0.0294396              0     -0.0127784      0.0134444      0.0151568    -0.00761013     0.00735712     0.00303602
       0.160173    -0.00287228       0.162533    -0.00282957     -0.0294396              0     -0.0236362    -0.00390338      0.0151568    -0.00761013    -0.00128585    -0.00249332
       0.160767    -0.00306058       0.162533    -0.00282957              0              0     -0.0267176    -0.00523404      0.0151568    -0.00761013    -0.00370083     -0.0021915
       0.161137    -0.00260033       0.162533    -0.00282957              0              0     -0.0183773     0.00632264      0.0151568    -0.00761013   -0.000682324    -0.00224646
       0.161237     -0.0021344       0.162533    -0.00282957              0              0     -0.0197256      0.0141064      0.0151568    -0.00761013    -0.00381074    -0.00999486
       0.160724    -0.00241624       0.162533    -0.00282957              0              0     -0.0330446     0.00288697      0.0151568    -0.00761013     -0.0161788     -0.0181434
        0.16162    -0.00246113       0.162533    -0.00282957              0              0    -0.00646756      0.0028919      0.0151568    -0.00761013     -0.0201085     -0.0184442
       0.161286    -0.00171546       0.162533    -0.00282957              0              0     -0.0208353      0.0205178      0.0151568    -0.00761013     -0.0167798     -0.0192367
       0.161772    -0.00243017       0.162533    -0.00282957              0              0    -0.00478718    -0.00192005      0.0151568    -0.00761013     -0.0216936      -0.015656
        0.16123    -0.00210416       0.162533    -0.00282957              0              0     -0.0241076      0.0131656      0.0151568    -0.00761013    -0.00961834    -0.00609826
       0.162009    -0.00236101       0.162533    -0.00282957              0              0    -0.00159777     0.00565929      0.0151568    -0.00761013    -0.00257833     0.00122929
       0.161284     -0.0028701       0.162533    -0.00282957              0              0      -0.027389    -0.00248984      0.0151568    -0.00761013     0.00503683      0.0100069
       0.163902    -0.00236205        0.16376    -0.00282957      0.0294396              0    -0.00794665      0.0150753      0.0151568    -0.00761013       0.014977     0.00918913
       0.160494    -0.00300974       0.162533    -0.00282957     -0.0294396              0     -0.0185836    -0.00579709      0.0151568    -0.00761013     0.00340033    0.000366688
       0.160619    -0.00351583       0.162533    -0.00282957              0              0     -0.0295508      -0.014642      0.0151568    -0.00761013    -0.00266769     0.00027132
       0.161074    -0.00294079       0.162533    -0.00282957              0              0     -0.0139583     0.00179021      0.0151568    -0.00761013     0.00321007     0.00298977
