     -0.0361155      0.0221726     -0.0810412     0.00277594       0.539109        0.23276       0.539109        0.23276    8.75624e-05    6.54456e-06        214.603         0.2542       0.499402
     -0.0737607    -0.00535246     -0.0812215     0.00292091      0.0500179      0.0264075      0.0143953      -0.114234    8.75624e-05    6.54456e-06        118.177       0.368933      -0.123796
     -0.0773095     -0.0027129     -0.0810536      0.0027877     0.00862744   -0.000236564      0.0571364     -0.0630527      -0.013732     0.00705289        127.549       0.298169     -0.0589616
     -0.0760692    -0.00132205     -0.0802768     0.00219816      0.0176429     -0.0127578      0.0575984     -0.0381168     -0.0117614      0.0233722        119.851      0.0694491    -0.00942741
      -0.076373    -0.00394352     -0.0801064     0.00115026     0.00544497     -0.0239104      0.0589894     -0.0721575     -0.0076043       0.035323        126.241      0.0487782       0.193196
     -0.0774987    -0.00702435     -0.0800589    0.000192223      0.0015706     -0.0230847      0.0321209      -0.110675     -0.0081535      0.0381229        130.657       0.289946        0.10648
     -0.0743362    -0.00635822     -0.0798332   -0.000804215     0.00503026     -0.0238315       0.105048      -0.053625     -0.0161504       0.040976        120.622      -0.328432       0.740979
     -0.0761508    -0.00906105     -0.0792978    -0.00175354      0.0120686     -0.0228886     0.00669661      -0.116919     -0.0209604        0.05361        113.926      0.0670698      -0.088954
     -0.0707426     -0.0153245     -0.0776716    -0.00515135      0.0363322     -0.0756815        0.10948      -0.131665     -0.0503394      0.0423322        105.417     -0.0103333       0.122407
     -0.0659395     -0.0151691     -0.0757599    -0.00687294      0.0449263     -0.0447545       0.138832      -0.102585     -0.0488413      0.0416734        90.8025      -0.197778       0.214659
     -0.0642028     -0.0168156     -0.0730098    -0.00849363      0.0638948     -0.0394824      0.0878356      -0.119472     -0.0508116        0.04259        95.3791      0.0149642      -0.408236
     -0.0614594      -0.019863     -0.0715724     -0.0111163      0.0374379     -0.0605973        0.15888      -0.110814     -0.0590525      0.0358568        88.1582     -0.0969162      -0.009408
     -0.0528962     -0.0284254      -0.067011     -0.0163025       0.102269      -0.118081        0.19104      -0.156795     -0.0396137      0.0350141        86.1631     -0.0740097       0.125543
     -0.0547049     -0.0285859     -0.0655418     -0.0192106      0.0419622     -0.0746251        0.14008      -0.108734     -0.0389335      0.0318582        83.3248      -0.308309      0.0362864
     -0.0526916     -0.0312142     -0.0635483     -0.0225284      0.0472555     -0.0791252       0.152152      -0.109383      -0.045032      0.0292771        80.7337      -0.324044       0.143082
     -0.0408972     -0.0416693     -0.0570136     -0.0290526       0.145874      -0.148836       0.206452      -0.161781     -0.0468455      0.0162218        69.8566       -0.15812      0.0643291
     -0.0402318     -0.0413362     -0.0536487     -0.0320514      0.0872711     -0.0796583       0.161781      -0.119997     -0.0523863     0.00237309        57.7951     -0.0022049      -0.238344
     -0.0364232     -0.0431886     -0.0500917     -0.0357596      0.0855582     -0.0880616       0.186194     -0.0828753     -0.0551102    -0.00353993        51.0794      -0.113797      -0.135867
     -0.0319789      -0.044121     -0.0462217      -0.038643       0.092148     -0.0710891       0.191155     -0.0609288     -0.0444475    -0.00402261        48.2829      -0.173079     -0.0320647
     -0.0293169     -0.0494156     -0.0421119     -0.0426182      0.0979853     -0.0929726       0.152814     -0.0886075     -0.0391024    -0.00819708        49.6183      0.0267033      -0.300021
     -0.0215496     -0.0607188       -0.03628     -0.0505523       0.135768      -0.180673       0.190028       -0.10171     -0.0376825     -0.0153556        53.2587      -0.298486      -0.262895
     -0.0237249     -0.0620185     -0.0346501     -0.0546486      0.0487815      -0.106548       0.152856     -0.0850982     -0.0254752     -0.0157669        58.1709      -0.220252       0.021068
     -0.0255338     -0.0643368     -0.0330569     -0.0586925      0.0392923     -0.0980025      0.0918838     -0.0593238      -0.014296     -0.0260956         63.277      -0.194852     -0.0922639
     -0.0247358     -0.0674322     -0.0316087     -0.0629304      0.0352106      -0.101339      0.0993196     -0.0425751     -0.0144716     -0.0359968        65.1344      -0.167691       0.128727
     -0.0183273      -0.076297      -0.027206     -0.0694678      0.0986197      -0.151342       0.100413     -0.0735117     -0.0131542     -0.0453215        58.6998     -0.0652694      -0.151258
     -0.0154564     -0.0750479     -0.0247554     -0.0725389      0.0627937     -0.0814706       0.135539     -0.0110051     -0.0159118     -0.0510012        52.4557      -0.121081       0.229308
     -0.0138515     -0.0749893     -0.0222384     -0.0748353      0.0606464     -0.0577489        0.10401     0.00683294     -0.0103025     -0.0529668        52.7064      0.0255922        0.12986
    -0.00446456     -0.0804048     -0.0165545     -0.0790632       0.128836     -0.0970977       0.150343   -0.000712587     -0.0183083     -0.0577284        46.4349      0.0368882      0.0309193
    -0.00171859     -0.0784047      -0.013312     -0.0801676      0.0829223     -0.0335642       0.154828        0.03282     -0.0240096     -0.0577794        42.9436       0.116428       0.141437
     0.00118097     -0.0787761    -0.00989477     -0.0815536      0.0821047     -0.0332953       0.139029      0.0485449     -0.0262915     -0.0550592        40.3478      0.0994349      0.0219394
     0.00584056     -0.0782513    -0.00643496     -0.0819893      0.0829425     -0.0127397       0.170496      0.0553084     -0.0315281     -0.0497105        37.7322       0.156343       0.238087
      0.0177775     -0.0784572    0.000686035     -0.0822199       0.162108      -0.006255       0.218751      0.0528485     -0.0322828     -0.0454913        38.8791       0.228607       0.214868
      0.0180588     -0.0773046     0.00425718     -0.0816798      0.0933476      0.0110408       0.165393      0.0621085     -0.0419366     -0.0391631        37.5588       0.218554      -0.117461
      0.0235389     -0.0757499     0.00892527     -0.0810812       0.110165      0.0140326       0.191318      0.0845661      -0.050701     -0.0296483        30.3956     -0.0372818      -0.152335
      0.0299118     -0.0738761      0.0138624     -0.0797451       0.117658      0.0302635       0.215235      0.0801239     -0.0468932     -0.0208883        34.7458     -0.0918667     -0.0142796
       0.032264     -0.0734442      0.0185977     -0.0791917       0.114048      0.0149809       0.154175      0.0869028     -0.0392149     -0.0225757        31.9505      -0.283962         -0.504
      0.0482727     -0.0669886      0.0280884     -0.0760555       0.216405      0.0692385       0.267456       0.123697     -0.0352538     -0.0284026        26.7425      -0.355452       -0.19205
      0.0517329     -0.0677363      0.0332537     -0.0736993       0.133211      0.0578192        0.25575      0.0357914     -0.0128371     -0.0414477        29.1767       0.510983       0.351473
      0.0509294     -0.0623438      0.0377466     -0.0709567       0.110367      0.0650209       0.142062       0.128933    -0.00540584     -0.0553354        23.9269       0.245043      -0.178723
      0.0556727     -0.0571115      0.0425639     -0.0683209       0.115091      0.0634362       0.174052       0.169753     -0.0190294     -0.0360644        15.6147      -0.289531     -0.0400003
      0.0763692      -0.049795       0.054438     -0.0627246        0.26799       0.127223       0.272329       0.153451     -0.0143456     -0.0233508        20.8223     -0.0620267     -0.0182682
      0.0755915     -0.0517247      0.0595499     -0.0606081       0.137216      0.0584386       0.193606       0.104999     -0.0110269     -0.0352115        18.2576       0.174674      -0.158898
      0.0784315     -0.0499085      0.0652615     -0.0576374       0.137092      0.0700117       0.149606      0.0863704    -0.00938385     -0.0384327        21.6992       0.481336      -0.454523
        0.08328       -0.04119      0.0708061     -0.0537103       0.133471      0.0918269       0.156415       0.200298    -0.00235814     -0.0304256        10.8197      -0.430405      -0.331217
       0.101224     -0.0342153      0.0818638     -0.0472101       0.252195       0.149586       0.245506       0.134748      0.0166171     -0.0108724        16.4003       0.127239      -0.014107
       0.100369     -0.0354001      0.0866624     -0.0448673       0.128867       0.065564       0.171599       0.125865      0.0299133     -0.0256314        13.2336     0.00634417       0.205469
       0.101523     -0.0313812      0.0916134     -0.0410542       0.119829      0.0889186       0.107982        0.11898      0.0305385     -0.0253325         10.914      0.0932068     0.00482093
       0.106905     -0.0256143       0.096756     -0.0366055       0.123064       0.104984        0.12812       0.142991       0.021705     -0.0224998        5.00293     -0.0308027       0.168517
       0.124127     -0.0137519       0.107052     -0.0287242       0.234694       0.180735       0.207135       0.178502      0.0196647     -0.0188021        15.8735       0.118265       0.202329
       0.121884      -0.013813       0.111791     -0.0244483       0.125843       0.110433      0.0895521        0.11572      0.0124975     -0.0190781        17.5779       0.494752      -0.548733
       0.126062    -0.00951985       0.116573     -0.0201902        0.11588       0.103018       0.122491        0.14908     0.00462324      -0.014288        20.4627      0.0221296      -0.291606
       0.132283    -0.00780714       0.121463     -0.0162478       0.117205      0.0954571       0.149973      0.0935095      0.0256251     0.00579284        14.2103       0.154006       0.244682
       0.141226     0.00375386       0.128977    -0.00910542       0.174011       0.163821       0.137906       0.169962      0.0385444     0.00856839         10.034      -0.261294        0.14322
       0.134253    -0.00108513       0.132286    -0.00518835      0.0888809       0.100991     -0.0416776    -0.00251344      0.0265983      0.0116219        6.13866      0.0740783      -0.196715
       0.139458     0.00435802       0.136227    -0.00106602      0.0940253      0.0991415      0.0496401      0.0749173      0.0227256     0.00178396         8.8421       0.038876      -0.139388
        0.14529      0.0105527       0.139609     0.00324385      0.0824431       0.103007       0.068683      0.0797539      0.0316619     0.00496672         11.132       0.180049     -0.0719155
       0.151787      0.0242896       0.144763      0.0114753       0.119564         0.1881      0.0769552       0.158487      0.0376429     0.00716518        22.2343       0.034543     -0.0903514
       0.151001      0.0246686       0.147015      0.0155035      0.0606114        0.10582      0.0438176       0.104328      0.0403085      0.0143502        15.4715      0.0638785    -0.00564805
       0.150179      0.0239001       0.149183      0.0189776      0.0528761      0.0856226       -0.02896       0.032516      0.0438266      0.0163895        10.6412     -0.0511722     -0.0896756
       0.151344      0.0277285       0.150881      0.0220573      0.0419719      0.0750826       0.011168      0.0658748      0.0448304      0.0183898        11.9483      0.0162164     0.00428982
       0.155303       0.037303       0.153296       0.028139       0.056358       0.138874       0.024126        0.11294      0.0480314      0.0172096        17.2841     -0.0597507       0.124863
       0.153506      0.0377206       0.154373      0.0313536      0.0289099      0.0833225     -0.0317395      0.0656787      0.0479581      0.0172732        13.6706      0.0656411      -0.119936
       0.152408      0.0384197       0.154492      0.0342129     0.00546076      0.0700928     -0.0270931      0.0406377      0.0437257      0.0154364        14.3571       0.175114       0.019238
       0.152327      0.0401669       0.154554      0.0370462     0.00187184      0.0682079     -0.0279977      0.0268274      0.0466679      0.0167761         13.373       0.261455       0.173068
       0.150277      0.0458798       0.153818      0.0413132     -0.0156981      0.0989885     -0.0491417       0.049506      0.0470837      0.0242517         15.007       0.167591       0.182386
       0.148249      0.0452099       0.152947      0.0429001     -0.0203819      0.0441766     -0.0715349      0.0317307      0.0381779      0.0374992        11.7549      -0.184406     -0.0297084
       0.148424      0.0436859       0.152181      0.0439643     -0.0185795      0.0274028     -0.0457698     -0.0129991      0.0319893      0.0415038        9.43142      -0.181981      0.0660655
        0.14702      0.0424551       0.151059      0.0444731     -0.0260944      0.0137317     -0.0551931     -0.0364072       0.033068       0.032979        7.81869     -0.0980906      0.0245961
       0.140974      0.0450022       0.147637      0.0462397     -0.0765225      0.0395318     -0.0808677     -0.0324514      0.0318511      0.0249922        7.88411       0.131603      0.0977681
       0.140257      0.0458162       0.145688      0.0470361     -0.0497574      0.0211545      -0.064328     -0.0195975      0.0308729      0.0210345        8.91123      0.0733264       0.179627
       0.137576      0.0455899       0.143241      0.0476485     -0.0578427      0.0153444     -0.0723301     -0.0370941      0.0265521      0.0255914        9.17025       0.134522       0.109191
       0.137499      0.0444786       0.141258       0.047374     -0.0486145    -0.00439536     -0.0342226     -0.0355899      0.0190184      0.0293935        10.5957      -0.042018       0.336071
       0.129096      0.0419798       0.136536      0.0462311      -0.106858     -0.0251258     -0.0981299     -0.0527683       0.011872      0.0350038        9.55971      -0.243317      0.0468203
       0.128533      0.0384166       0.134064      0.0448923     -0.0640671     -0.0314304     -0.0679902      -0.100051    -0.00268751      0.0331875        7.53234      0.0603195      -0.105474
       0.128077      0.0387239       0.131767      0.0441877     -0.0560296     -0.0183635      -0.037869     -0.0733164    -0.00441545      0.0235848        6.37893      0.0581829     -0.0455507
       0.125249      0.0386824       0.129245      0.0435139     -0.0600767     -0.0163902     -0.0494392     -0.0659901   -0.000534591      0.0239327        5.72991      0.0354522      -0.147592
        0.11871      0.0362083       0.124976      0.0418284     -0.0982212     -0.0380447     -0.0710736     -0.0706844     0.00173408      0.0273238        7.59423     -0.0829687     -0.0873184
       0.118348      0.0353063       0.123161      0.0406658     -0.0490325     -0.0289172     -0.0618481     -0.0702223     0.00899822      0.0286738        6.79857      -0.137543       -0.18205
       0.116814      0.0348384        0.12128      0.0393905     -0.0455204     -0.0304388     -0.0552682     -0.0525901      0.0132919      0.0252803        7.47513      -0.315872      -0.178981
       0.111102      0.0309485       0.117745      0.0370597     -0.0809073     -0.0533887     -0.0800823     -0.0845149      0.0211353      0.0188992        14.6412      -0.137482      -0.101074
       0.110552      0.0322244       0.116284      0.0361495     -0.0396596      -0.024999     -0.0767528     -0.0480834      0.0281664      0.0061078        15.5597      -0.141272      -0.156734
       0.108692       0.032815       0.114548       0.035283     -0.0414568      -0.021216     -0.0763044     -0.0298467      0.0324835   -0.000122201        17.6718      -0.124105      -0.134829
       0.108893      0.0330066       0.112917      0.0345728     -0.0393648     -0.0174628     -0.0304679     -0.0194411      0.0384472    -0.00507189        15.5921     -0.0770289        0.39017
       0.106217      0.0311077        0.11133       0.033589     -0.0382164     -0.0229957     -0.0740622     -0.0429218      0.0435999    -0.00998653        14.0549       0.270948       0.217386
      0.0992296      0.0311412        0.10759      0.0322112      -0.084623     -0.0320595      -0.113563     0.00648934      0.0255892     -0.0117844        16.7869      -0.141958     -0.0325064
       0.100481      0.0294842       0.105958      0.0313065     -0.0436972     -0.0227494     -0.0640672      -0.030898      0.0187475    -0.00246407        8.00728      0.0831289      0.0424257
      0.0997104      0.0280489        0.10396      0.0303594     -0.0475286     -0.0227305     -0.0465994     -0.0323932      0.0202118    -0.00856127        7.20887         0.1949       0.164667
      0.0976014       0.028216       0.101837      0.0299015     -0.0506128      -0.012164      -0.051675      -0.021219      0.0196918    -0.00662233        8.31789        0.17724         0.1306
      0.0915448      0.0272373      0.0977048        0.02939     -0.0943199     -0.0122647     -0.0688977     -0.0310343      0.0131982     0.00151597        10.6404       0.205497       0.190002
      0.0918349      0.0256887      0.0957022       0.028633     -0.0526874     -0.0175774     -0.0423229     -0.0388643       0.007379     0.00943362        10.5953       0.142771       0.178357
      0.0919488      0.0234953      0.0939173      0.0277486     -0.0438225     -0.0208608     -0.0152766     -0.0614094    -0.00230556      0.0194553        12.8694          0.192       0.213459
      0.0869243      0.0235377      0.0902982       0.026966      -0.082556     -0.0189912     -0.0350123     -0.0318889    -0.00934976      0.0247322        18.3531      -0.221197       0.140839
      0.0881961      0.0215375      0.0886263      0.0266166     -0.0443671    -0.00944508      0.0110123     -0.0876247     -0.0181327      0.0321015         13.773       0.182833       0.248947
      0.0877181        0.02184      0.0872665      0.0259723     -0.0338093     -0.0148635     0.00560603     -0.0448004     -0.0238594      0.0248836        12.7208      -0.135616      -0.044886
      0.0874077      0.0205303      0.0859065      0.0253367     -0.0327564     -0.0152134      0.0299002     -0.0732782      -0.033297      0.0291768        9.16528      0.0150517     -0.0800987
      0.0859346      0.0212935      0.0847518      0.0247601     -0.0282173     -0.0139778      0.0131264     -0.0345185     -0.0329544      0.0263319        7.26146      -0.320965      -0.367732
       0.083145      0.0177082      0.0826941      0.0227296      -0.047269     -0.0452551      0.0199182     -0.0658881     -0.0257433      0.0238547        7.72838      -0.300095      -0.227773
      0.0825988      0.0180008      0.0817207      0.0217989     -0.0257515     -0.0246288      0.0198559     -0.0484483     -0.0102138     0.00932108        8.37532      -0.264507      -0.141534
      0.0810857      0.0176373      0.0803182      0.0212008     -0.0328686     -0.0153832      0.0267666     -0.0612647    -0.00159996    -0.00311865        9.38101        0.17095       0.159403
      0.0775587      0.0192468      0.0789531      0.0204336     -0.0327728     -0.0181089     -0.0272895     6.1525e-05     0.00368554     -0.0132632        9.70222      -0.136122      -0.193482
      0.0750796         0.0184      0.0767531        0.01958     -0.0507987     -0.0202494    -0.00482672     -0.0157188    -0.00169009    -0.00760413        9.36944     -0.0682482      0.0712581
       0.075105      0.0172277      0.0758547      0.0184447     -0.0244853     -0.0265472    -0.00644243    -0.00997829     0.00466901     -0.0116373        8.27283      -0.113636      0.0379907
      0.0745384      0.0160656      0.0746302        0.01759     -0.0288965     -0.0211167      0.0116413      -0.025132     0.00234419     -0.0149567        8.93295       0.118498       0.220115
       0.072553      0.0175266      0.0734409      0.0174631     -0.0285787    -0.00485058     -0.0161416     0.00572307    0.000459138     -0.0196734        10.4613      0.0682874     -0.0640622
      0.0702724       0.017425      0.0715572      0.0173687     -0.0435463     -0.0025252    -0.00883169    -0.00259179    -0.00829822      -0.016092        9.83995       0.175619     -0.0610202
      0.0719513      0.0175661       0.070984       0.017271     -0.0167348     -0.0023619      0.0254928     0.00837607    -0.00708133      -0.012439         8.6996       0.059049       0.121604
       0.070864       0.016976      0.0702435       0.017103       -0.01767    -0.00386498      0.0071539    -0.00105747    -0.00438136    -0.00541557        6.80885      0.0223883     -0.0444223
      0.0708333       0.017211      0.0697088      0.0171842     -0.0133146     0.00136694      0.0206217     0.00266445    -0.00763017    -0.00267471        6.58526     -0.0608675     -0.0324546
      0.0707487      0.0174281      0.0692123      0.0173473     -0.0120576     0.00365959      0.0266469    0.000761905    -0.00703698    -0.00234343        6.43883     -0.0723786      0.0119857
      0.0712556        0.01722      0.0691597      0.0173918    -0.00234114     0.00132713      0.0316677    -0.00471252    -0.00604838    -0.00441946        8.64834     -0.0114657      0.0152622
      0.0719825      0.0176219      0.0692939      0.0176318      0.0026646     0.00531675      0.0405407    -0.00308525    -0.00604671    -0.00752224        7.93557      0.0594935      0.0533788
      0.0726849      0.0184335      0.0695547      0.0179013     0.00590039      0.0063522      0.0453904     0.00932082     -0.0061472    -0.00818695        7.83117     -0.0135815      0.0681023
      0.0741405      0.0197674      0.0704595      0.0186985       0.020133      0.0178559       0.045665      0.0109627     -0.0079183    -0.00677575        7.19908       0.021312     -0.0775829
      0.0751927      0.0196096      0.0711298      0.0189256      0.0164926     0.00669113       0.057516     0.00935134      -0.010744    -0.00592901        6.13131     -0.0150725     -0.0402691
      0.0765122      0.0207222      0.0721664      0.0195486        0.02404      0.0141258      0.0568901      0.0163264    -0.00854522    -0.00548507        6.64607     -0.0714474      -0.081142
      0.0803148      0.0215334      0.0743227      0.0202964      0.0489784      0.0175645      0.0804143      0.0123212    -0.00647813    -0.00583268        6.69515      -0.005762      -0.017706
      0.0807205      0.0220853      0.0755596      0.0208945      0.0316165      0.0146752       0.067106      0.0135225      -0.002752    -0.00854076        7.08063      0.0236972     -0.0231972
      0.0803313      0.0243524      0.0764181      0.0219922      0.0217048      0.0251774      0.0485144      0.0340281    -0.00172084    -0.00920333        7.70956       -0.09312      -0.101443
      0.0813306      0.0246839       0.077546      0.0227388      0.0265329      0.0186445      0.0489907      0.0218386   -0.000708636     -0.0091318        8.05177     -0.0297231      -0.108804
      0.0818596      0.0261466      0.0784226      0.0237267       0.021587      0.0232037      0.0465385       0.032096     0.00290317      -0.011617        9.44796     -0.0581526     -0.0494742
      0.0836501      0.0299444      0.0798285      0.0258022      0.0325275      0.0471495       0.050604      0.0523442     0.00806791     -0.0152555         11.939      -0.062178      0.0110994
       0.082006      0.0307396      0.0798083      0.0271892     0.00281517      0.0346747      0.0320638      0.0396994     0.00981838      -0.017491        12.7854      0.0707184      0.0894087
      0.0816639       0.032068      0.0800854      0.0283078     0.00626773      0.0276305      0.0188156      0.0535019     0.00980622     -0.0199576        13.9095     -0.0583326      0.0168388
      0.0824544      0.0328835      0.0804733      0.0296849      0.0090054      0.0325069      0.0291458      0.0326987     0.00666148     -0.0183767        12.4311       0.133366      0.0598737
      0.0832705      0.0368696      0.0809585      0.0319717      0.0113801      0.0526459      0.0314051      0.0661223     0.00550241     -0.0191414         14.097     0.00588687      0.0499658
      0.0833874      0.0374581      0.0810969       0.033445      0.0041283      0.0370886      0.0340888       0.047952     0.00319118     -0.0150877         12.104      0.0413838      0.0915181
      0.0842322      0.0373301      0.0814072      0.0346413     0.00711454      0.0295491      0.0422771      0.0273569    3.48719e-05     -0.0139853        11.0284       0.169069       0.147057
      0.0837966      0.0386045      0.0817373      0.0361635     0.00784302      0.0358348      0.0180058      0.0255078    -0.00396233     -0.0122366        11.4885       0.226085      -0.174421
      0.0844736      0.0437472      0.0822391      0.0391097      0.0116217      0.0672203      0.0270494      0.0615609    -0.00956803     -0.0051824        12.9953      0.0132563      -0.288576
      0.0855882      0.0425102       0.082631      0.0403777     0.00962802      0.0341101      0.0487632      0.0170361    -0.00373226     0.00416683        10.6502       0.113833     -0.0428948
      0.0831413      0.0428342      0.0821688      0.0417202    -0.00902049      0.0324108      0.0120596     0.00827392     0.00848192     0.00532864        10.9444       0.106095     -0.0673025
      0.0821282      0.0430791      0.0818864      0.0428234    -0.00700268      0.0270704     0.00511697    -0.00333043      0.0106652     0.00864195        10.9558       0.100494     -0.0340769
      0.0801987        0.04933      0.0808935      0.0460689     -0.0221463      0.0728092    -0.00339234      0.0424387      0.0132286      0.0142991         16.123      -0.127701      0.0670947
      0.0797573      0.0481011      0.0803705      0.0472556     -0.0135113      0.0329135    -0.00534429    -0.00111499      0.0139344      0.0170379        14.7146     -0.0238028      0.0877207
      0.0780155      0.0488246      0.0794296      0.0486388     -0.0216745      0.0331674     -0.0201814    -0.00633503       0.012075      0.0117836        14.2874      0.0248568     -0.0302429
      0.0767571      0.0499715      0.0784712      0.0500541     -0.0228693      0.0338886      -0.022964     -0.0117401     0.00825364       0.010131         13.628       0.113774       -0.12221
      0.0749198      0.0559411      0.0768117      0.0532149     -0.0381327      0.0716618     -0.0137287      0.0324412     0.00840861      0.0103865        19.5411     -0.0337049      0.0653659
      0.0738973      0.0546476      0.0757793      0.0541998     -0.0261118      0.0284408     -0.0239063    -0.00383258      0.0133532      0.0154058        17.0558     0.00284434      0.0126452
      0.0724747      0.0550469      0.0744823      0.0553621     -0.0306271      0.0279485     -0.0218165     -0.0115565      0.0116573       0.014739        17.5178      0.0116131      0.0354553
      0.0697626      0.0563324      0.0725057      0.0567212     -0.0457578      0.0321522     -0.0299422      -0.013863      0.0112363      0.0146899        20.1209      0.0477202      0.0641455
      0.0697265       0.055456      0.0715295      0.0572542     -0.0256621       0.014727     -0.0205135     -0.0339753     0.00943107      0.0145957        17.3066       0.136263      0.0343352
       0.070144      0.0565739      0.0710468      0.0580499     -0.0129911      0.0186592     -0.0119285     -0.0207896     0.00682515      0.0155591        15.4893    -0.00375781     -0.0505491
      0.0707094      0.0566726       0.070633      0.0585531     -0.0102368      0.0127371     0.00746596     -0.0286419     0.00503368      0.0213863        14.8486     -0.0733885       0.044308
      0.0703429      0.0563916      0.0704578      0.0588841    -0.00480898      0.0084233    -0.00656878     -0.0389408     0.00596434      0.0216378        13.9941     -0.0758511      -0.128999
      0.0688348      0.0567892      0.0696663      0.0592689     -0.0175784     0.00915337    -0.00948146     -0.0378958     0.00545806      0.0186782        16.0046      -0.071622      -0.144465
      0.0705336         0.0578      0.0698389      0.0594808     0.00197226      0.0054921      0.0174472     -0.0182079      0.0095318      0.0151522        15.5958      -0.250722      0.0615784
      0.0690325      0.0584801      0.0696882      0.0601508     -0.0030578      0.0150211     -0.0182948     -0.0344081      0.0155975      0.0121066        18.5244     -0.0385403      -0.166251
      0.0690481      0.0588507      0.0694042      0.0602664    -0.00644117     0.00399873     0.00298867     -0.0192015      0.0146074     0.00221549        22.4375     -0.0634829      0.0272202
       0.069405      0.0613347      0.0693692      0.0613067     -0.0013997      0.0228718     0.00425425    -0.00372469      0.0195792   -0.000126374         23.813     -0.0343776       0.141344
      0.0700851      0.0615683      0.0692881      0.0617054    -0.00189204      0.0108989      0.0205064    -0.00487465      0.0196082    -0.00160493        20.9071      -0.012558        0.37414
      0.0696795      0.0607541       0.069266      0.0619829   -0.000666369      0.0070839   -0.000583376     -0.0286451      0.0104981    -0.00321068        18.5961       0.237241       0.142864
      0.0714794      0.0620477      0.0697223      0.0627179     0.00978807      0.0165826      0.0240411     -0.0122632    -0.00611502    -0.00349296        17.0308       0.218447      0.0642294
      0.0751192      0.0647385      0.0713651      0.0639552      0.0364654       0.028384      0.0433791       0.015086     -0.0116917     0.00471901        17.7292     -0.0655688      -0.126051
      0.0761449      0.0629605      0.0722377      0.0642229      0.0224933     0.00862183      0.0523174     -0.0261996     -0.0135272       0.014516        14.5358      0.0201727      -0.135479
      0.0777751      0.0631834      0.0730607      0.0644581      0.0200274     0.00594154      0.0739625     -0.0129565    -0.00942999      0.0130557        13.7151      -0.166622       0.157861
      0.0765978      0.0634869      0.0738144      0.0648694      0.0182815      0.0094786      0.0220607     -0.0238614    -0.00367587       0.012397        14.8127      -0.131784      -0.223595
      0.0797579      0.0656777      0.0756529      0.0660387      0.0415405      0.0262053      0.0535677     -0.0115243    -0.00780886     0.00425671        17.4588       -0.05532      -0.203152
      0.0811059      0.0663226      0.0769547      0.0665083      0.0322717      0.0127641      0.0570331    -0.00363542     0.00133866   -0.000390184        18.1768     -0.0850283      -0.066221
      0.0805629      0.0667919      0.0777279      0.0668896      0.0199279     0.00951117      0.0364127    -0.00327884     0.00959486    -0.00240697        20.3196     -0.0794723     -0.0158131
      0.0806549      0.0672681      0.0786425      0.0673376      0.0217484      0.0106278      0.0224039    -0.00551518      0.0125077    -0.00548722        22.9041     0.00196359     -0.0504908
      0.0841567      0.0688838      0.0808493       0.068335      0.0498434      0.0226084      0.0383049     0.00048302      0.0126254    -0.00873317        23.2447       0.113692     -0.0639704
      0.0841347      0.0688203      0.0819961      0.0690662      0.0297535      0.0180549      0.0213601     -0.0156428      0.0147387    -0.00898029        24.4947       0.334774       -0.12269
      0.0855979      0.0687725      0.0828289      0.0695062      0.0209652      0.0113095      0.0499166     -0.0121046      0.0186163    -0.00201823         25.549        0.28459        0.29351
      0.0849396      0.0712284      0.0833441      0.0704018       0.013225      0.0204758      0.0167861      0.0250087      0.0233787      0.0131804        18.6243      -0.218924       0.232318
      0.0847258       0.068374      0.0836995      0.0708519     0.00899786      0.0117689     0.00963377     -0.0581423       0.012898      0.0246814        15.2457       0.215102       0.094004
      0.0863874      0.0676694      0.0841654      0.0710927      0.0109631     0.00637855      0.0347694     -0.0526263     0.00250107      0.0172177        15.7879       0.258022       0.172712
       0.085933      0.0680366      0.0841412      0.0714453    0.000573919     0.00825399      0.0208887     -0.0490115    -0.00114816      0.0225685        17.8903       0.160671      0.0203316
      0.0857058      0.0680366      0.0839257      0.0716223    -0.00459774     0.00464819      0.0262396     -0.0468348    -0.00765758      0.0346358        17.4632     -0.0463225     -0.0122285
      0.0879316       0.065652      0.0849081      0.0708291      0.0207601     -0.0166685      0.0368375     -0.0699454    -0.00890153      0.0414404        14.6222      -0.176828      -0.140553
      0.0890567      0.0636556      0.0856163      0.0700015      0.0173735     -0.0195421      0.0481872     -0.0918553    -0.00785154      0.0383766        11.7821      -0.104111      -0.101369
      0.0884864      0.0617816      0.0858727      0.0688026     0.00727648     -0.0278502      0.0346675     -0.0987839    -0.00160497      0.0300194        10.2485     -0.0323873      -0.112928
       0.088278      0.0606269      0.0865061      0.0674607       0.014409     -0.0317712      0.0161292     -0.0909911     0.00241572      0.0256404        9.96102     -0.0701021      -0.273478
      0.0895038      0.0578989      0.0874481      0.0647743      0.0217876     -0.0612022      0.0281732     -0.0751104     0.00724775      0.0244806        10.1324      -0.402996      -0.184982
      0.0888895      0.0558106      0.0879513      0.0629092      0.0130483     -0.0464073     0.00940738      -0.101621      0.0184765      0.0215989        12.6802      -0.168751      -0.155413
      0.0890614      0.0570133      0.0878295      0.0613902    -0.00132609     -0.0374509      0.0358493     -0.0409106      0.0276395     0.00211524        16.2258       -0.45705       0.371182
      0.0865164      0.0537331      0.0875218      0.0596832    -0.00678009     -0.0406159     -0.0241705      -0.101886      0.0332351    -0.00406147        17.0532       0.252135       0.132019
      0.0850972      0.0533023      0.0866207      0.0575346     -0.0201415     -0.0504728     -0.0155446      -0.038558      0.0193679      -0.021469        14.0311     -0.0139463       0.169658
      0.0860276      0.0530072      0.0863928      0.0565167    -0.00693611     -0.0270321    -0.00338517     -0.0536511      0.0128025     -0.0135577        10.8167       0.236159       0.121563
      0.0852228      0.0527152       0.085719      0.0554756     -0.0152475     -0.0251916    -0.00784676     -0.0299094     0.00669557     -0.0105616        10.7495       0.102864     -0.0206041
      0.0846348      0.0513558      0.0845484      0.0545724     -0.0268108     -0.0220292      0.0144702     -0.0458307     0.00174255    -0.00258054        9.37468        0.17358       0.180349
      0.0811165      0.0475278      0.0822886      0.0524934     -0.0514926     -0.0471095    -0.00683319     -0.0620331    0.000668827     0.00344478        10.5807      0.0951467       0.198895
      0.0809161       0.046897      0.0810972      0.0518606      -0.030882     -0.0183795     0.00378429     -0.0744148    -0.00653571      0.0103066        10.6829       0.251178       0.130134
      0.0804457      0.0475723      0.0800657      0.0515412     -0.0253683    -0.00873705     0.00604059      -0.049054     -0.0150257      0.0140394        10.8389      0.0631849     -0.0588176
      0.0805222      0.0470193      0.0794189      0.0510441      -0.016509     -0.0116097      0.0161169     -0.0523538     -0.0203091      0.0237732        10.2398     -0.0856876      -0.203329
      0.0805026      0.0438789      0.0787017      0.0494801     -0.0171429     -0.0349435      0.0337065     -0.0732197     -0.0183439      0.0268613        8.88687      -0.165068     -0.0956636
      0.0803018      0.0440947      0.0785086      0.0487969    -0.00588405     -0.0182522      0.0238072     -0.0602461     -0.0100943       0.023812        7.61362      -0.258257      -0.176598
       0.079748      0.0441604      0.0784107      0.0482173    -0.00270274     -0.0143438      0.0169802     -0.0564063    -0.00400823      0.0138698        7.34007      -0.206677      -0.243348
      0.0817092      0.0436719       0.079239       0.047175      0.0176203     -0.0239483      0.0368926     -0.0429136     0.00378412      0.0031092        9.42624      -0.241225      -0.111925
      0.0811933       0.044901      0.0794776      0.0470334     0.00691654    -0.00545295      0.0246795     -0.0324814      0.0138268    -0.00504316        13.9365     -0.0872786     -0.0183845
      0.0802602      0.0455918      0.0796894      0.0467786     0.00526664    -0.00604862     0.00355034     -0.0164647      0.0183572     -0.0145519        19.6069    -0.00781923     -0.0784235
      0.0791769       0.045992       0.079952      0.0468852     0.00619777     0.00169647     -0.0220905     -0.0208336      0.0187866     -0.0180982        19.4433       0.247929      -0.321601
      0.0801291      0.0471346      0.0799596      0.0469389    0.000784893     0.00133021      0.0168894      0.0100925      0.0218223     -0.0180308        20.9752      0.0525765      0.0974944
      0.0784822      0.0471367      0.0797543      0.0472071    -0.00435697     0.00592595      -0.022859    -0.00534537      0.0358003    -0.00686158        18.9967       0.103183      0.0259041
      0.0791698      0.0459546      0.0790419      0.0471077     -0.0158226    -0.00155425       0.028936     -0.0195598      0.0315598    -0.00495948        19.4725       0.167404       0.688958
      0.0766301      0.0470154       0.078691      0.0475779    -0.00916283      0.0100009     -0.0525144    -0.00619943       0.029695   -0.000703108        16.7947      0.0270287    -0.00739545
      0.0778335      0.0469782      0.0781841      0.0482346      -0.011866       0.015184     0.00677997     -0.0281389     0.00191802     0.00577842        14.6845       0.187077       0.135648
      0.0792728      0.0482445       0.078035      0.0492315    -0.00440509      0.0230513      0.0202619     -0.0180915   -2.84282e-05     0.00765823        12.2147       0.152384       0.122697
      0.0772936      0.0486387      0.0771383      0.0496819     -0.0198092      0.0120341     -0.0019304     -0.0103525    -0.00253552      0.0141723        12.5422      -0.103001      -0.119923
      0.0767837      0.0483686      0.0761799      0.0503031     -0.0226838      0.0146223      0.0176089     -0.0354271    -0.00728553      0.0211244        11.0087      -0.023211     -0.0262864
      0.0768793      0.0489491      0.0760879      0.0506849    -0.00425493     0.00970898     0.00499748     -0.0212895    -0.00356334      0.0171728         9.7588      -0.194117      -0.248612
      0.0773848      0.0494296      0.0759383      0.0513262     -0.0036567      0.0148224      0.0275963       -0.03563    -0.00206858      0.0155612        9.41611     -0.0451339     -0.0871565
      0.0779624      0.0499405      0.0763017      0.0516538     0.00748301     0.00855812      0.0220588     -0.0253826      0.0076347     0.00798951        10.2534     -0.0570391     -0.0779286
      0.0770903      0.0508186      0.0763746      0.0519537     0.00232415     0.00733471     0.00670188     -0.0149496      0.0121139     0.00529801         12.165      -0.130131      -0.134922
      0.0774439      0.0513072      0.0766028      0.0522146     0.00516033      0.0063674      0.0147828     -0.0141205      0.0159181     0.00249385         14.047      -0.126302     -0.0147547
      0.0774834      0.0505731      0.0769828      0.0520664     0.00872488    -0.00256276      0.0035075     -0.0251811      0.0205626    -0.00313891        15.5543    -0.00529796     -0.0449348
      0.0771323      0.0511484      0.0769807      0.0522317      0.0008263     0.00331401     0.00472235      -0.017944      0.0207298    -0.00825645        17.6319      0.0687458      0.0525346
      0.0754644      0.0526673      0.0765031      0.0527961      -0.010234      0.0125208     -0.0164369    -0.00295546      0.0221975     -0.0087514        18.5873      0.0474247     -0.0125108
      0.0767278      0.0529256      0.0760586      0.0534207     -0.0106248      0.0147439      0.0304451     -0.0162114      0.0214306      -0.006117        19.4777        0.21283       0.496682
      0.0731429      0.0534548      0.0748962      0.0539903     -0.0261686      0.0137792     -0.0364111    -0.00947892      0.0209208    -0.00372399        18.5177       0.150702      0.0531018
      0.0734805      0.0540914      0.0741195      0.0544176     -0.0193954       0.010606    -0.00130328    0.000150967     0.00117487      0.0046985        16.0003     -0.0863226      0.0766559
      0.0751069      0.0522578      0.0740707      0.0544206      -0.002993     0.00112651      0.0154434     -0.0391622    -0.00234121      0.0114195        12.1958      0.0579803    -0.00364648
      0.0744427      0.0514708      0.0736212      0.0542061     -0.0100082     -0.0045214     0.00939374      -0.037712    -0.00406259     0.00844954        12.4466     0.00932895      -0.155273
      0.0742198      0.0544516      0.0728306      0.0552777     -0.0180769      0.0226941      0.0325304     -0.0106425    -0.00382584     0.00987314        13.2315      -0.114768      0.0947468
      0.0745436       0.054594      0.0726749      0.0561317    -0.00517118       0.020717      0.0287595     -0.0356601     0.00114745      0.0103681        13.1286       0.127529       0.105243
      0.0744783      0.0539189      0.0724962      0.0561792    -0.00437741     0.00309756      0.0295223     -0.0329837    -0.00067943     0.00721239        12.7496      0.0992601      0.0798828
       0.073918      0.0554017      0.0724131       0.056804    -0.00223246      0.0138052      0.0140208     -0.0179184    -0.00551146      0.0106157        13.2072      -0.059816      -0.178214
      0.0760814      0.0549394       0.073201      0.0570687      0.0167952     0.00709765      0.0396153     -0.0347219     -0.0079146      0.0151563        10.4243     -0.0308493      -0.194801
      0.0772231      0.0549607      0.0739881      0.0570691      0.0186806    0.000718456      0.0438332      -0.025775   -0.000280675      0.0133768        11.1495      -0.172459      -0.158731
      0.0761993      0.0545288      0.0741861      0.0570715     0.00614532    0.000123746      0.0263932     -0.0409764     0.00775236      0.0117631        11.4541     -0.0648205      -0.143297
      0.0769278      0.0557503      0.0748576      0.0571942      0.0151186     0.00266229      0.0300848     -0.0147396      0.0144405     0.00465761        15.1869      -0.211225     -0.0262735
      0.0785702      0.0577625      0.0759269      0.0582418      0.0246094      0.0228958      0.0381007      -0.017007      0.0200293     0.00139128        17.2795     -0.0118235       0.123598
      0.0773321      0.0577908      0.0762758      0.0587371     0.00999548      0.0129877     0.00686698     -0.0232906      0.0208816     -0.0065446        17.4236       0.205124     -0.0235797
      0.0784747      0.0585121      0.0765954      0.0592101     0.00790404      0.0115161      0.0358757     -0.0120337       0.016723    -0.00655867        17.8847        0.19779       0.251174
      0.0790296      0.0585414      0.0771729      0.0595065      0.0132641     0.00755262      0.0203163      -0.014119      0.0153695      0.0026307        13.5681       0.108362       0.128137
      0.0799817      0.0577079      0.0779793      0.0595793      0.0187448     0.00232741      0.0199026     -0.0278496     0.00461263      0.0111271          12.93      0.0474829     -0.0780354
      0.0816155      0.0570053      0.0786654      0.0596914      0.0166944     0.00265486      0.0437061     -0.0416434   -0.000616607      0.0156532        12.5954       0.069375     0.00959967
      0.0820513      0.0560303      0.0791532      0.0594966       0.012206    -0.00394177      0.0394381     -0.0502088      0.0015176      0.0170706        11.1557       0.055105      0.0154442
      0.0821867      0.0560419      0.0794327      0.0594737     0.00725799   -0.000889367      0.0403717     -0.0474598     0.00183994      0.0197725         11.118     -0.0164356      0.0770527
      0.0828282      0.0541695      0.0800426      0.0590369      0.0138991    -0.00952465      0.0350211     -0.0763024      0.0014171      0.0222454        10.6711       0.144476     -0.0117127
       0.082377      0.0546754      0.0803825      0.0586685     0.00873181    -0.00890921      0.0204409     -0.0452632    -0.00100487       0.022683        10.0707      -0.147454      -0.197619
      0.0829233      0.0535535      0.0808198      0.0577936       0.010318     -0.0197891      0.0291307     -0.0532789   -0.000787076      0.0283954         7.9645      -0.296449       -0.17711
      0.0830757      0.0518491      0.0812191      0.0567653     0.00965682     -0.0241891      0.0255575      -0.069369     0.00632245       0.023859        6.93433      -0.212216      -0.125944
       0.082372      0.0488786      0.0813181       0.054867      0.0031048     -0.0434224      0.0154357     -0.0827051      0.0140707      0.0110553        8.27111     -0.0631459      -0.052545
      0.0819892      0.0509817      0.0812411      0.0544447    -0.00135276      -0.013464      0.0163639     -0.0426969      0.0190527     0.00174724        12.4393     -0.0981831       0.131694
      0.0808884      0.0521424      0.0812575      0.0540505    0.000219902    -0.00986102     -0.0127308     -0.0217355      0.0203019    -0.00100173        12.3735      -0.162245     -0.0526722
      0.0802617      0.0500401      0.0809515      0.0529477    -0.00658847     -0.0248076    -0.00805004     -0.0443375      0.0154086    -0.00486518        12.1347      0.0468833     -0.0394292
      0.0804927       0.048711       0.080666      0.0516212    -0.00682659     -0.0311324     0.00418996     -0.0347675      0.0163186     -0.0113243        12.6365      0.0364991       0.113881
       0.080654      0.0494361      0.0804037      0.0514783    -0.00634668    -0.00619984     0.00959273     -0.0335534      0.0176379      -0.010809        13.9169       0.217071       0.245382
      0.0787862       0.049603       0.079494      0.0513131     -0.0202853    -0.00418826    -0.00951994     -0.0242631      0.0144164    -0.00862659        13.5199       0.223668       0.144578
      0.0776622      0.0479879      0.0787805      0.0504077     -0.0174396     -0.0199758     -0.0205513     -0.0273889     0.00398201     0.00039314        11.4845      0.0518483      -0.128003
      0.0799899      0.0474678      0.0787783      0.0499828    -0.00179063      -0.011175      0.0273395     -0.0316413    -0.00163728      0.0110881        9.95253     -0.0527688      0.0736455
      0.0790697      0.0468389       0.078341      0.0495003      -0.009625     -0.0115404     0.00799826     -0.0337152     0.00237853      0.0118284        9.24223      -0.147615     -0.0426886
      0.0793158      0.0466182      0.0778294      0.0495477     -0.0120133   -0.000130265      0.0332062     -0.0500805    0.000113192     0.00971781        10.2493      0.0830598       0.202705
      0.0794609       0.046957      0.0775714      0.0496544    -0.00677426     0.00229249      0.0296524     -0.0421483    0.000445667     0.00342213        11.3834       0.179636       0.211622
      0.0797982      0.0483281      0.0774753      0.0502893    -0.00275313       0.013943      0.0330299     -0.0316403    -0.00658005     0.00537955        12.1636       0.193305       0.125806
      0.0815293      0.0474232      0.0782386      0.0502262      0.0162113    3.14463e-05      0.0380185     -0.0406763     -0.0155897      0.0134442        12.5905       0.128919      -0.139656
      0.0826486      0.0471853      0.0789282      0.0498698      0.0165166    -0.00769442        0.04713     -0.0256309     -0.0199036      0.0232741        12.0519      -0.238937      -0.268974
      0.0851042      0.0460051      0.0802227      0.0494022      0.0296135     -0.0108705      0.0683065     -0.0468047     -0.0130399      0.0259902        6.62036      -0.286096      -0.180898
       0.088153      0.0438678      0.0823668      0.0484433      0.0492737     -0.0217985       0.075059     -0.0672671    -0.00120121      0.0148802        5.13618      -0.135472      -0.137672
      0.0873871      0.0455052      0.0833364      0.0483251      0.0258695    -0.00473417       0.051543     -0.0359569     0.00638396     0.00271474        7.87491      -0.163223      -0.115456
       0.087475      0.0470095      0.0844332      0.0485609      0.0262786     0.00462082      0.0370466     -0.0250642      0.0117545    -0.00315346        10.6512     -0.0573865      -0.113665
      0.0878621      0.0479694      0.0854064       0.048692      0.0236492      0.0032924      0.0318564     -0.0101742      0.0164604     -0.0088333         14.354     -0.0407298     -0.0425004
      0.0883546      0.0477671      0.0862177      0.0486587      0.0198897   -0.000390048      0.0303119     -0.0172084      0.0214782     -0.0115904        14.5376      0.0950542      0.0897122
         0.0889      0.0476128      0.0872093      0.0484591      0.0234068    -0.00434886      0.0169844     -0.0106908      0.0225585     -0.0125884        13.4179      0.0766571      0.0259334
      0.0876401      0.0482037      0.0873401      0.0484711     0.00516618   -0.000176911   -0.000938467     0.00046226      0.0194004    -0.00899698        14.7096     -0.0536954     -0.0717677
      0.0874096      0.0483217       0.087424      0.0485145     0.00232968    0.000920787   -0.000714668    -0.00144339      0.0181204    -0.00551773         15.527      -0.108443     -0.0632159
       0.086501      0.0458229        0.08646      0.0483949     -0.0205912    -0.00249193      0.0185444     -0.0575224      0.0198912    -0.00662006        18.0731       0.462747       0.364912
      0.0824578      0.0478567      0.0852579      0.0488628     -0.0280235     0.00985809     -0.0540923     -0.0080216      0.0220202     -0.0108396        18.4282        0.23697      -0.138345
      0.0815705      0.0481329      0.0840364      0.0489262     -0.0291872     0.00235526     -0.0264649    -0.00357996     0.00823647      0.0100715        17.0202     -0.0653204     -0.0930205
       0.082034      0.0469434      0.0831067       0.049174     -0.0230002     0.00558846    -0.00268763     -0.0396801      0.0142819      0.0176945        15.2044      0.0466758       0.128757
      0.0755376      0.0463831      0.0803248      0.0488775     -0.0623884    -0.00584715     -0.0713479     -0.0275545      0.0184254      0.0141152        23.0915      -0.195534      -0.203566
      0.0738138      0.0471948      0.0783667      0.0493104     -0.0485351     0.00876579     -0.0544332     -0.0342499      0.0147117       0.014238        20.9865      -0.139982      -0.177147
      0.0734986      0.0479041      0.0771108      0.0495279     -0.0319808     0.00557484     -0.0439498     -0.0221935      0.0206973     0.00757002        20.5281      -0.177233      -0.123917
      0.0705642      0.0494928      0.0753332      0.0500526     -0.0415937      0.0118917     -0.0643533    -0.00853254      0.0287696     0.00100075        25.8401      -0.190585      -0.175805
      0.0639927      0.0521449      0.0712897      0.0516303     -0.0914981      0.0352675     -0.0800699    -0.00776692      0.0356333    -0.00770224        40.3896       0.105247        0.12596
      0.0624335      0.0538004      0.0692594       0.052309     -0.0530047      0.0181869      -0.091272       0.026705      0.0401873     -0.0136479        39.2334      -0.108723      0.0379402
      0.0620123       0.054483       0.067418      0.0531986     -0.0450741      0.0210338     -0.0612077     0.00946713      0.0351186    -0.00909294        35.5863      0.0169151       0.216996
      0.0617227      0.0544563      0.0657988      0.0539723     -0.0394826      0.0188148     -0.0451742    -0.00423715      0.0329146     -0.0114715        32.3875       0.227369       0.344507
      0.0566536       0.056084      0.0625496      0.0549757     -0.0741316      0.0235557     -0.0757849      0.0142981       0.024057     -0.0118028        33.3193       0.142163       0.192067
      0.0577186      0.0576826      0.0610982      0.0560863     -0.0387642      0.0263431     -0.0376782      0.0229198     0.00970716      -0.003096        25.0053     -0.0371558       0.162194
      0.0578906      0.0570784       0.059749        0.05672     -0.0330175      0.0163234     -0.0207046   -0.000739417     0.00014371      0.0035982        20.8721     -0.0219419      0.0565146
      0.0577654      0.0572869      0.0584408      0.0573809     -0.0315604      0.0159073    -0.00109165    -0.00512181    -0.00502222     0.00234245        20.8048     -0.0219419      0.0565146
       0.054506      0.0618809      0.0559827      0.0597882     -0.0562492      0.0535893     -0.0100761      0.0214128    -0.00664133      0.0011233         27.729     -0.0219419      0.0565146
      0.0551503      0.0629126      0.0549793      0.0611803        -0.0273      0.0354274      0.0104232      0.0173344    -0.00886053    6.54456e-06        26.0655     -0.0219419      0.0565146
      0.0565742      0.0630163       0.054363      0.0624628     -0.0160414      0.0312456      0.0439925    -0.00728666     -0.0112877   -0.000858557        25.6684       0.211473       0.235931
      0.0562313      0.0645396      0.0540292      0.0639887    -0.00881472      0.0360844      0.0248112   -0.000972928     -0.0138753    -0.00172366        24.8152       0.247813     -0.0626743
       0.057572      0.0694921      0.0538972      0.0669039    -0.00373239      0.0665749      0.0603255      0.0306172      -0.023793     0.00825738        27.5342      0.0847109      0.0574421
      0.0590695      0.0688804      0.0544367      0.0681322      0.0112806       0.033189      0.0624976     0.00397046     -0.0218534      0.0179726        22.7608      -0.010373     -0.0430121
       0.059623      0.0677121      0.0547978      0.0686994     0.00892661      0.0155702        0.06805     -0.0163907     -0.0231932      0.0206355        18.0398      -0.111043     -0.0609859
      0.0612285      0.0675041      0.0556668      0.0694752      0.0196649      0.0183159      0.0777725     -0.0374759     -0.0224023       0.020605        17.7782     0.00253412     -0.0549397
      0.0643135      0.0713236      0.0573264       0.071481      0.0378118      0.0451558      0.0976965    -0.00736278     -0.0199172      0.0161217        20.1876     -0.0488346      0.0333645
      0.0659245      0.0728065       0.058661      0.0729264      0.0326088       0.035736       0.102113    -0.00958935      -0.017538      0.0154406        22.9134     -0.0344188       0.135555
      0.0662902      0.0727489      0.0600394      0.0739893      0.0330356      0.0265319      0.0739752     -0.0304029     -0.0180493      0.0138453         24.008       0.129567       -0.15007
      0.0685919      0.0757595      0.0618693      0.0752247      0.0428292      0.0293384      0.0875786      0.0180468     -0.0215364      0.0131436        21.4235      -0.276182      -0.200366
      0.0771896      0.0765456      0.0665451       0.076457        0.10528      0.0295519        0.13803    -0.00974461     -0.0174219      0.0166634        22.5655      -0.168888      -0.149923
      0.0776305      0.0760048      0.0688391      0.0767813      0.0600781     0.00996107       0.114533     -0.0137856    -0.00723642     0.00850712        20.1327      -0.149681     -0.0860381
      0.0786177      0.0758339        0.07131      0.0769329      0.0593808      0.0042698      0.0889729     -0.0200974   -0.000171718   -0.000889194        21.9629     -0.0424684      -0.167422
       0.080136      0.0776843      0.0735327       0.077613      0.0539465      0.0151167      0.0866007   -3.80868e-05     0.00270397      -0.006256        25.4664      -0.048743     -0.0718469
      0.0873975      0.0781328      0.0782838       0.078077       0.108019      0.0115341       0.112066    -0.00499867      0.0106583    -0.00817658        25.8155      0.0598731     -0.0582284
      0.0868575      0.0777933       0.080467      0.0783586      0.0579592     0.00723601      0.0764686     -0.0152669      0.0130447    -0.00940992        24.8989       0.212916     -0.0924092
      0.0890416      0.0790851      0.0829865      0.0785308      0.0602162     0.00444259      0.0789438       0.019965      0.0152877    -0.00739731        23.6416      -0.147443      0.0393219
      0.0884909      0.0793442      0.0846031      0.0788371      0.0409408     0.00706164      0.0406253     0.00739098      0.0188581      0.0011438        20.2381      -0.223172      -0.104866
      0.0940395       0.077463      0.0878782      0.0786773      0.0748368    -0.00274503      0.0830292     -0.0277621      0.0186675    -0.00289775        20.5588      0.0746083       0.107068
      0.0943361      0.0786506      0.0896772      0.0789072      0.0463416     0.00469075      0.0548532    -0.00179577      0.0211814     -0.0129258        21.1766      0.0403043      0.0697597
      0.0933504      0.0794342      0.0904204      0.0793208       0.020688     0.00940147      0.0376714    -0.00236264      0.0171692     -0.0106045        21.8217       0.104039      0.0915027
      0.0938476      0.0799134      0.0912846      0.0797906      0.0207352       0.011089      0.0317732      -0.001412      0.0144064    -0.00839342        21.9138        0.12163      0.0558533
      0.0969335      0.0787737      0.0929041      0.0797747      0.0370537     0.00076483      0.0552471     -0.0185573      0.0104964    -0.00385917        19.7426       0.187868       0.134551
      0.0956666      0.0783999      0.0932706      0.0796204      0.0116221    -0.00325643      0.0249706     -0.0121589     0.00795347     0.00116848          18.66     0.00812604     -0.0548435
      0.0958309      0.0765501      0.0933157      0.0791133     0.00213698     -0.0112789      0.0425092     -0.0382638     0.00264734     0.00869297        17.4874      0.0480373       0.123644
      0.0956368      0.0759316       0.093552      0.0786481     0.00531735     -0.0111767      0.0238371     -0.0337571     0.00330371     0.00955628        16.1516      -0.068027      -0.026726
      0.0956927       0.071254      0.0935498      0.0764587    0.000485548      -0.048408      0.0330808     -0.0686721     0.00332088     0.00955425        10.8214     -0.0555703      0.0167378
      0.0946795      0.0710267      0.0933532       0.075405    -0.00419813      -0.027601      0.0140856     -0.0549576     0.00332088     0.00955425        11.9441      -0.115165       -0.14626
      0.0952406      0.0700171      0.0931585      0.0743275    -0.00462627     -0.0260345       0.039804     -0.0604518     0.00332088     0.00955425        10.5882    -0.00251114      0.0928219
      0.0941127      0.0698942      0.0929148      0.0734896    -0.00572689     -0.0207021      0.0122959     -0.0468417     0.00332088     0.00955425        12.3984    -0.00318729     -0.0624092
      0.0931609      0.0662793      0.0924699      0.0711757      -0.010182     -0.0520504      0.0110908     -0.0598751     0.00332088     0.00955425        9.59658     -0.0559847     -0.0928455
      0.0922362      0.0664075      0.0920182      0.0701639     -0.0107749     -0.0270598     0.00239386     -0.0472182     0.00332088     0.00955425        11.2143     -0.0732952      -0.165423
      0.0915066      0.0648299      0.0913642      0.0690419     -0.0152037     -0.0269415      0.0094125     -0.0634329     0.00332088     0.00955425        14.9198       0.161516     -0.0223648
      0.0904992      0.0652337      0.0907442      0.0682776     -0.0149133     -0.0192013    1.34292e-05     -0.0350703     0.00332088     0.00955425        15.8915      0.0484567      0.0238968
      0.0882038       0.061699      0.0894964      0.0663666      -0.028443     -0.0431995     -0.0127325     -0.0627528     0.00332088     0.00955425        13.0724      0.0967012      0.0601644
       0.087636      0.0622255      0.0885574      0.0656125      -0.023126     -0.0206074    -0.00504292     -0.0382833     0.00332088     0.00955425         13.471      -0.068682       0.152926
      0.0882193      0.0608125      0.0881044      0.0645803     -0.0120986     -0.0243567     0.00725872     -0.0515699     0.00332088     0.00955425        10.5388     -0.0355001       0.201618
       0.086101      0.0587517       0.086908      0.0635819     -0.0270514     -0.0240008     -0.0122431      -0.074718     0.00332088     0.00955425        10.5912       0.221888     0.00353924
      0.0871723      0.0584714      0.0866845      0.0628033    -0.00753312     -0.0192182     0.00822889     -0.0569509     0.00332088     0.00955425        10.9447       0.174818     -0.0798732
       0.087399      0.0578417      0.0862741      0.0618676    -0.00961764     -0.0221328      0.0200083     -0.0478227     0.00332088     0.00955425        10.4857      -0.021667     -0.0466998
      0.0868999       0.057566      0.0859079      0.0612482    -0.00887192     -0.0155926      0.0144029     -0.0452387     0.00332088     0.00955425        9.66002      -0.185009     -0.0898307
      0.0872028      0.0565463      0.0858666      0.0606584    -0.00177956     -0.0142983      0.0210388     -0.0597915     0.00332088     0.00955425        8.67575      -0.107728     -0.0588111
      0.0861941      0.0541131      0.0855918      0.0592175    -0.00611395     -0.0325535     0.00627196      -0.069881     0.00332088     0.00955425        7.62241     -0.0441324      -0.141765
        0.08586      0.0561512      0.0853597      0.0592421    -0.00562444    -0.00272507      0.0103016     -0.0414882     0.00332088     0.00955425        9.29511     -0.0528123     -0.0736956
      0.0861895      0.0565471      0.0855213      0.0590248     0.00292754    -0.00496586     0.00962248      -0.034714     0.00332088     0.00955425        11.6469      -0.036876     -0.0442603
      0.0851933      0.0566652      0.0853272      0.0589765    -0.00389793    -0.00154015    -0.00315278     -0.0362514     0.00332088     0.00955425        12.0939      0.0622229     -0.0708743
      0.0845685      0.0581753       0.084849      0.0593064     -0.0107196     0.00697256     0.00326791     -0.0131969     0.00332088     0.00955425        14.5839     -0.0371757      0.0958488
      0.0838734      0.0584817      0.0847119      0.0595904    -0.00403408     0.00683088     -0.0170353     -0.0190312     0.00332088     0.00955425        15.0152    -0.00640181        -0.0548
      0.0842589      0.0579093      0.0846144      0.0596742    -0.00250953     0.00249503    -0.00113883     -0.0304923     0.00332088     0.00955425        12.5415       0.107755      0.0274723
       0.084211      0.0587465      0.0844081      0.0601176    -0.00470701       0.009827    -9.5963e-05     -0.0216908     0.00332088     0.00955425        13.3379       0.107849      0.0834905
      0.0849997      0.0588317      0.0845129      0.0603511     0.00179314     0.00602536      0.0100382     -0.0225054     0.00332088     0.00955425        12.5702      0.0620405       0.160023
      0.0847611       0.058598      0.0845766      0.0604536     0.00155577     0.00281616    -0.00293225     -0.0260255     0.00332088     0.00955425        11.8387     -0.0198595    -0.00916937
      0.0852143      0.0576796      0.0846729      0.0603167     0.00223531      -0.002676     0.00715614     -0.0393349     0.00332088     0.00955425        10.0687     -0.0100588     -0.0496964
      0.0858916      0.0577659      0.0848232      0.0604366     0.00347083     0.00232213      0.0167162     -0.0401343     0.00332088     0.00955425        10.7209      0.0139935    -0.00644189
      0.0862524      0.0585976      0.0852848      0.0607854      0.0103167     0.00776748     0.00731535     -0.0320997     0.00332088     0.00955425        10.1945     -0.0191475      -0.139679
       0.087292      0.0584383      0.0856379      0.0607781     0.00865794    0.000618551      0.0295665     -0.0330736     0.00332088     0.00955425         10.235     -0.0513872      0.0667037
      0.0860498      0.0583099      0.0857611      0.0609393      0.0035281     0.00354355    -0.00525206     -0.0427312     0.00332088     0.00955425        11.6273      0.0417851      -0.142716
      0.0865241      0.0583949      0.0858834      0.0611014     0.00299532     0.00385584      0.0147143     -0.0419826     0.00332088     0.00955425        11.8361       0.103883      0.0245182
      0.0873849      0.0585877      0.0862594      0.0612569     0.00841987     0.00374569      0.0179932     -0.0394928     0.00332088     0.00955425        11.9451      0.0971218       0.130982
      0.0869643      0.0587421      0.0865257      0.0613155     0.00659484     0.00163902   -6.77519e-05     -0.0340258     0.00332088     0.00955425        12.7782     -0.0339907    -0.00712796
      0.0873807      0.0583477      0.0868951      0.0612547     0.00863723    -0.00114834     0.00348554     -0.0409389     0.00332088     0.00955425        10.8468     -0.0949292     -0.0793376
      0.0881379      0.0581894      0.0872568      0.0611759     0.00867668     -0.0018171      0.0130202     -0.0419042     0.00332088     0.00955425        10.3005      -0.126644     -0.0278716
      0.0882219      0.0583229      0.0877473      0.0610921      0.0114639    -0.00199164   -0.000227497      -0.038969     0.00332088     0.00955425        11.4185      -0.141148      -0.148494
      0.0875392      0.0587972      0.0878764      0.0611934     0.00393359     0.00198815    -0.00829694     -0.0369272     0.00332088     0.00955425        13.8447     -0.0657125       -0.19356
      0.0882013      0.0589252      0.0880368       0.061144     0.00385936   -0.000867041      0.0102528     -0.0337041     0.00332088     0.00955425         16.457      0.0117259       0.072849
      0.0870241      0.0604878      0.0879583      0.0614141    -0.00131142     0.00574742     -0.0165141    -0.00906371     0.00332088     0.00955425        20.0717       -0.11263       0.034407
      0.0866219      0.0594612      0.0879021      0.0616118    -0.00134409     0.00484501     -0.0182691     -0.0461715     0.00332088     0.00955425        16.7275       0.267887      0.0439072
      0.0864943      0.0603466      0.0879949      0.0615971     0.00187001     0.00016521     -0.0263936    -0.00842803     0.00332088     0.00955425        17.7846     0.00745751     -0.0820328
      0.0872496      0.0606252      0.0880249      0.0616172    0.000834593    0.000452004    -0.00532497     -0.0101991     0.00332088     0.00955425        14.7774      -0.142513      0.0753517
      0.0880962      0.0596018      0.0880312      0.0616197    0.000219447    9.95957e-05     0.00924343     -0.0357056     0.00332088     0.00955425        13.2095      0.0198626       0.314243
      0.0880267      0.0596182      0.0881869      0.0616084     0.00338447   -0.000236026    -0.00737759     -0.0289405     0.00332088     0.00955425        12.5762      0.0328735       0.172632
      0.0884233      0.0590035      0.0881875      0.0616702    0.000352126     0.00131246       0.003226     -0.0475789     0.00332088     0.00955425        13.2621       0.262186       0.108442
      0.0893421      0.0591941      0.0882051      0.0616318    0.000415496   -0.000697637      0.0181603      -0.031463     0.00332088     0.00955425        12.7241       0.146007       0.110208
      0.0896071      0.0593374      0.0880368      0.0616392    -0.00359343    8.92376e-05      0.0244103      -0.028547     0.00332088     0.00955425        13.2108     -0.0302098       0.109324
      0.0891267      0.0579389      0.0880448      0.0616288   -0.000186824   -0.000215577     0.00584975     -0.0612192     0.00332088     0.00955425        13.3504       0.112893      -0.212541
      0.0899046      0.0595065      0.0879326       0.061606    -0.00244233   -0.000514735      0.0357604     -0.0118017     0.00332088     0.00955425        11.5574      -0.360114     -0.0397052
      0.0894162      0.0579281      0.0880523      0.0615744      0.0023426   -0.000734149       0.011932     -0.0667998     0.00332088     0.00955425         9.9872      -0.023438      -0.230031
      0.0891987       0.058219      0.0880074      0.0616154   -0.000736807    0.000812358      0.0202895      -0.049979     0.00332088     0.00955425        9.59514      0.0462595      -0.131517
      0.0894564       0.059237      0.0880654      0.0615973     0.00117918    -0.00030806      0.0255164      -0.029122     0.00332088     0.00955425        10.9588     -0.0645733      0.0611225
      0.0887661      0.0591899      0.0881104      0.0616366     0.00108898    0.000816262     0.00726736     -0.0385034     0.00332088     0.00955425        11.8927     0.00480232      0.0378112
      0.0887431       0.059053      0.0880447      0.0616545    -0.00130908    0.000469313      0.0141295     -0.0399565     0.00332088     0.00955425         13.269      0.0696183       0.141844
      0.0883005      0.0587995      0.0879999      0.0616206    -0.00109956   -0.000685231     0.00020615     -0.0431061     0.00332088     0.00955425        12.6338       0.119099     0.00878329
      0.0894291      0.0589953      0.0880669      0.0615898     0.00133828   -0.000735106      0.0262003     -0.0343281     0.00332088     0.00955425        12.9162      0.0256324       0.164904
      0.0900823      0.0583775      0.0881418      0.0616051     0.00175088    0.000257367      0.0300404     -0.0511182     0.00332088     0.00955425        11.3639       0.111052       0.208338
      0.0893764      0.0576849      0.0881706      0.0615636    0.000798379   -0.000870818     0.00724148     -0.0592161     0.00332088     0.00955425        11.0422       0.156957      -0.113235
      0.0901749      0.0582061      0.0882513      0.0615924     0.00182161    0.000535083      0.0296355     -0.0424506     0.00332088     0.00955425        10.6964     -0.0361223     -0.0940365
      0.0896528       0.058174      0.0881144      0.0616575    -0.00277497     0.00146127      0.0195239     -0.0492306     0.00332088     0.00955425        11.3094      -0.115067      -0.173035
      0.0897729      0.0581893      0.0880912      0.0616537    -0.00077848    6.20393e-05      0.0278939     -0.0476342     0.00332088     0.00955425         9.6597      -0.184498     -0.0646089
      0.0890104      0.0577523      0.0881178      0.0615425     0.00049813    -0.00239563     0.00831028      -0.057848     0.00332088     0.00955425        8.89864     -0.0926119      -0.157549
       0.088257       0.059039      0.0880776        0.06168   -0.000819545     0.00273085    0.000669957     -0.0341509     0.00332088     0.00955425        11.0988      -0.177193      -0.189743
      0.0889825       0.059551      0.0881373      0.0616324     0.00120712   -0.000754389      0.0216615     -0.0285982     0.00332088     0.00955425        14.0449      -0.184763       0.100911
      0.0880112      0.0598639      0.0880735      0.0617014    -0.00125607     0.00141472    -0.00352297     -0.0302437     0.00332088     0.00955425        17.0301     -0.0570948      0.0660233
       0.087006       0.059045      0.0880123      0.0616838    -0.00144735   -0.000239617      -0.020716     -0.0508425     0.00332088     0.00955425        16.2265       0.322456      -0.113852
      0.0875813      0.0609265      0.0880229      0.0615989    8.44334e-05    -0.00185779    -0.00275998     0.00700067     0.00332088     0.00955425        17.2404      -0.102801      -0.028021
      0.0886289      0.0591501      0.0881794      0.0616282     0.00338835    0.000448698      0.0128351     -0.0524695     0.00332088     0.00955425        14.4103       0.296253       0.176683
      0.0877327      0.0596398      0.0880801      0.0616774     -0.0018072     0.00110783    -0.00905566     -0.0225918     0.00332088     0.00955425        16.4776      0.0956364      0.0679511
      0.0877973      0.0595655      0.0880876      0.0615931   -1.75345e-05    -0.00171146    -0.00546945     -0.0244239     0.00332088     0.00955425         14.561     -0.0858737     0.00470393
      0.0884423      0.0595513      0.0881637      0.0617344     0.00164072     0.00288046     0.00514241     -0.0307719     0.00332088     0.00955425        12.2566       -0.15144      0.0220845
      0.0881513      0.0587372      0.0880785      0.0615688    -0.00167539    -0.00328884   -0.000848536     -0.0429685     0.00332088     0.00955425        12.4617     -0.0909659     -0.0431558
      0.0875301      0.0597205      0.0881709      0.0615679     0.00182899   -0.000347794     -0.0184506     -0.0208081     0.00332088     0.00955425        14.7444      -0.229771      -0.292373
      0.0881971       0.060777      0.0880566      0.0616416    -0.00228742     0.00155797      0.0126477    -0.00898323     0.00332088     0.00955425        17.4831      -0.298771    -0.00205729
      0.0885456       0.059659      0.0879892      0.0616063    -0.00168341   -0.000607667      0.0164872     -0.0430786     0.00332088     0.00955425        21.3574       0.155515       0.268885
      0.0876143      0.0611948      0.0881688      0.0616424     0.00371046    0.000719998     -0.0183431   -0.000119012     0.00332088     0.00955425        18.7726      0.0361645     0.00639574
      0.0885539       0.060675      0.0882159      0.0616043     0.00138782    -0.00075117      0.0114444     -0.0206543     0.00332088     0.00955425        15.8751       0.225918       0.155092
