       -0.11736      0.0441672      -0.109787     0.00938908     -0.0908802       0.417338     -0.0908802       0.417338   -1.75488e-05   -1.16945e-05   -1.17563e-06    -0.00988833
     -0.0970371      0.0101053      -0.109787     0.00938908              0              0       0.210332     -0.0610955    -0.00023892   -0.000165236     -0.0197765    -0.00515252
      -0.103156     0.00636369      -0.109787     0.00938908              0              0       0.037746     -0.0494641     -0.0122822    -0.00897647     0.00947142      0.0336208
       -0.10644      0.0113433      -0.109787     0.00938908              0              0      0.0431335      0.0711644     -0.0435672      0.0033568      0.0577693      0.0470304
     -0.0990065     0.00733965       -0.10856     0.00938908      0.0294403              0       0.167201     -0.0611682     -0.0518337      0.0293324      0.0362892      0.0485635
     -0.0968474      0.0060962      -0.106107     0.00816721      0.0588799     -0.0293248      0.0855721     0.00550173     -0.0539453      0.0162382      0.0608382      0.0465279
     -0.0991022     0.00396702       -0.10488     0.00816721      0.0294401              0      0.0456631     -0.0919932     -0.0812178      0.0249513      0.0322146      0.0463834
     -0.0929006     0.00379601      -0.102427     0.00694534      0.0588799     -0.0293248       0.138192     -0.0129838      -0.080877      0.0143669      0.0605531      0.0494761
     -0.0827622    0.000421473       -0.09752     0.00572348        0.11776     -0.0293248       0.209379     -0.0893499     -0.0476694      0.0244132      0.0384007       0.042017
     -0.0840673   -0.000153987     -0.0950667     0.00450161      0.0588799     -0.0293248        0.14491     -0.0509579     -0.0206427      0.0176023      0.0456343      0.0397263
      -0.081077    -0.00196825     -0.0913867     0.00327974      0.0883201     -0.0293248       0.132531     -0.0785904     -0.0153214      0.0179827      0.0338187       0.036706
     -0.0814396    -0.00266116     -0.0889333     0.00205788        0.05888     -0.0293248      0.0896216     -0.0583657     -0.0132778      0.0150314      0.0395932      0.0392499
     -0.0792832    -0.00441143       -0.08648     0.00083601      0.0588799     -0.0293248      0.0958624     -0.0766936     -0.0139938      0.0163528      0.0389071      0.0454116
      -0.074093    -0.00656991        -0.0828   -0.000385857        0.08832     -0.0293248       0.109674     -0.0918438     -0.0130289      0.0168191      0.0519156      0.0672946
     -0.0654938     -0.0117828     -0.0766667    -0.00405144         0.1472     -0.0879739       0.122232     -0.0769858     -0.0141011      0.0231637      0.0826726      0.0751753
     -0.0646582     -0.0149454     -0.0742133    -0.00649517        0.05888     -0.0586496       0.145785      -0.118017      -0.016092       0.038209       0.067677       0.064559
     -0.0613686     -0.0160172     -0.0705333     -0.0089389        0.08832     -0.0586496       0.106708     -0.0749356    -0.00617364      0.0307416      0.0614414      0.0424509
     -0.0587565     -0.0225619     -0.0668533     -0.0126045      0.0883201     -0.0879744      0.0883936      -0.143959     -0.0199234      0.0269208      0.0234594       0.022387
     -0.0484978     -0.0288088       -0.06072      -0.017492         0.1472      -0.117299       0.152631      -0.139718     -0.0243992     0.00857638      0.0213141       0.020782
     -0.0464648     -0.0276385       -0.05704     -0.0199357        0.08832     -0.0586496       0.139637     -0.0961491     -0.0178389     0.00588893      0.0202498      0.0201802
     -0.0442061     -0.0284226       -0.05336     -0.0223794        0.08832     -0.0586496       0.110534     -0.0693931     -0.0103395     0.00666403      0.0201101      0.0146465
     -0.0424265     -0.0349328       -0.04968      -0.026045        0.08832     -0.0879744      0.0734478      -0.126667     -0.0104929      0.0069872     0.00918293      0.0202794
     -0.0342122      -0.040311     -0.0410933     -0.0321543        0.20608      -0.146624    -0.00319691     -0.0492279     -0.0108338     0.00260423      0.0313764      0.0233564
     -0.0354323     -0.0440102       -0.03864     -0.0358199      0.0588799     -0.0879742      0.0383587       -0.11358    -0.00059178     0.00754153      0.0153341      0.0190091
     -0.0376947     -0.0495616       -0.03864     -0.0407074              0      -0.117299      0.0102559     -0.0909017    -0.00537779   -1.16945e-05      0.0226851     0.00955153
     -0.0337622     -0.0528781     -0.0374133      -0.044373      0.0294402     -0.0879741      0.0610766      -0.113015     -0.0101058     0.00146698    -0.00358251    -0.00640379
     -0.0296283     -0.0659462       -0.03496      -0.052926      0.0588799      -0.205273      0.0595894      -0.136749     -0.0137687    -0.00961233    -0.00922498     -0.0277952
     -0.0302241     -0.0628185     -0.0337333     -0.0553698      0.0294401     -0.0586496      0.0312852      -0.106212     -0.0292038     -0.0137133     -0.0463652     -0.0449344
     -0.0271034     -0.0640666     -0.0325067     -0.0590354      0.0294397     -0.0879741      0.0849456     -0.0397047     -0.0356246     -0.0305339     -0.0435032      -0.054419
     -0.0224471     -0.0706212     -0.0300533     -0.0639228      0.0588803      -0.117299       0.103765     -0.0826148      -0.026632     -0.0320228     -0.0653348     -0.0662521
     -0.0192365     -0.0785197        -0.0276     -0.0700321      0.0588799      -0.146624       0.112697     -0.0958763     -0.0290505     -0.0424929     -0.0671686      -0.064935
     -0.0165955     -0.0760631     -0.0251467     -0.0724759      0.0588799     -0.0586495       0.109092     -0.0358141     -0.0371653     -0.0440492     -0.0627014     -0.0589362
     -0.0154942     -0.0764147     -0.0226933     -0.0749196      0.0588803     -0.0586495      0.0722936      -0.001553     -0.0489515     -0.0417523     -0.0551709     -0.0589992
     -0.0101242     -0.0785931       -0.02024     -0.0773633      0.0588799     -0.0586495       0.158059    -0.00481973      -0.054743     -0.0375698     -0.0628276     -0.0673102
   -0.000754031     -0.0808568     -0.0141067     -0.0798071         0.1472     -0.0586495       0.150961    -0.00244189     -0.0442301     -0.0381179      -0.071793     -0.0766079
   -0.000785753     -0.0785773     -0.0116533     -0.0810289      0.0588803     -0.0293248       0.158235      0.0576091     -0.0455989     -0.0444726      -0.081423     -0.0993343
     0.00241709      -0.081719    -0.00797335     -0.0822508      0.0883196     -0.0293248       0.124972     -0.0156133      -0.033828     -0.0497025      -0.117247      -0.106833
     0.00609485     -0.0783358    -0.00429335     -0.0822508        0.08832              0       0.132673      0.0689545      -0.038009     -0.0664904     -0.0964213     -0.0922854
      0.0183529     -0.0758122     0.00306665     -0.0810289        0.17664      0.0293248       0.187277      0.0578412     -0.0387758     -0.0589411       -0.08815     -0.0702206
      0.0210686       -0.07658     0.00797333     -0.0810289        0.11776              0       0.161233      0.0707296     -0.0381437     -0.0518725     -0.0522897     -0.0418474
      0.0235236     -0.0736081      0.0116533     -0.0798071        0.08832      0.0293248       0.162422      0.0952968     -0.0316565     -0.0310494     -0.0314051     -0.0343053
      0.0282909     -0.0731541        0.01656     -0.0785852        0.11776      0.0293248       0.139821       0.070661     -0.0234262     -0.0222525     -0.0372056     -0.0401178
      0.0330507     -0.0727514      0.0214667     -0.0773633        0.11776      0.0293248        0.14313      0.0574717     -0.0262227     -0.0241505     -0.0430299      -0.042563
      0.0544942     -0.0683888      0.0325067     -0.0749196        0.26496      0.0586495       0.289147      0.0864309     -0.0256517     -0.0280979     -0.0420961     -0.0435998
      0.0500911       -0.06611      0.0374133     -0.0724759        0.11776      0.0586495       0.121961      0.0728846     -0.0237857     -0.0282002     -0.0451036     -0.0374626
      0.0579032     -0.0631581      0.0435467     -0.0700321         0.1472      0.0586495       0.194457      0.0929631      -0.036436     -0.0288159     -0.0298222     -0.0277506
      0.0844609     -0.0517541        0.05704     -0.0639228        0.32384       0.146624       0.366161       0.153438     -0.0207379     -0.0229517     -0.0256791     -0.0271869
       0.079058     -0.0543445      0.0631733     -0.0614791         0.1472      0.0586493       0.153907      0.0753381     -0.0216718     -0.0203583     -0.0286947     -0.0167111
      0.0846503      -0.048983      0.0693067     -0.0578135         0.1472      0.0879744        0.20415       0.125509     -0.0494081     -0.0209129    -0.00472609    -0.00860869
      0.0965446     -0.0486502      0.0778933     -0.0553698        0.20608      0.0586494       0.230302      0.0794154     -0.0378146     -0.0112568     -0.0124911     -0.0137191
       0.118222     -0.0377227      0.0913866     -0.0492604        0.32384       0.146624       0.338089       0.146709     -0.0327559     -0.0127295      -0.014947     -0.0215709
       0.115755     -0.0365643      0.0987466     -0.0455949        0.17664      0.0879741       0.172934       0.104928       -0.03053      -0.015235     -0.0281947     -0.0271642
       0.123534     -0.0331758       0.106107     -0.0419293        0.17664      0.0879744       0.240904       0.111163     -0.0364222     -0.0215161     -0.0261345     -0.0283285
       0.132925     -0.0305584       0.114693     -0.0382637       0.206081      0.0879742       0.221613      0.0813371    -0.00793948     -0.0219436     -0.0305225     -0.0193919
       0.158014     -0.0162232        0.13064     -0.0309325        0.38272       0.175949        0.32225       0.198833    -0.00974288     -0.0228843    -0.00826147      -0.015501
       0.161156      -0.012849       0.139227      -0.026045        0.20608       0.117299       0.287798       0.170987     -0.0125122     -0.0134843     -0.0227403     -0.0390834
       0.167687     -0.0129482       0.147813     -0.0223794       0.206081      0.0879744       0.244843       0.102243      -0.012407     -0.0184503     -0.0554268     -0.0552779
       0.172943     -0.0104792         0.1564     -0.0187138        0.20608      0.0879744       0.164561      0.0895489     -0.0303372      -0.036009     -0.0551271      -0.035518
       0.208122     0.00827361         0.1748     -0.0101608         0.4416       0.205273       0.426045        0.26424     -0.0505262     -0.0376701     -0.0159084     -0.0330697
       0.210234      0.0114905       0.184613    -0.00405144        0.23552       0.146624       0.313046       0.179596     -0.0292958     -0.0208145     -0.0502296     -0.0554343
       0.220604     0.00868425       0.195653    -0.00160772        0.26496      0.0586491       0.313512       0.134475     -0.0289058      -0.038664     -0.0606387     -0.0686152
       0.228574      0.0107615       0.206693     0.00205788        0.26496      0.0879744       0.236685      0.0869514     -0.0289927      -0.043861     -0.0765921     -0.0553396
       0.259807      0.0314868        0.22632      0.0130547        0.47104       0.263923       0.401848       0.221186        -0.0352     -0.0514534      -0.034083      -0.045177
       0.239745      0.0259492        0.22632      0.0130547              0              0        0.16688       0.131768     -0.0128192     -0.0322622     -0.0562719     -0.0392578
       0.233784      0.0167255        0.22632      0.0130547              0              0      0.0895721      0.0440507    -0.00641766     -0.0388686     -0.0222475     -0.0158647
       0.235915       0.015633        0.22632      0.0130547              0              0       0.115145      0.0309402      0.0197932     -0.0230093    -0.00948197     0.00118446
        0.22632      0.0130547        0.22632      0.0130547              0              0              0              0      0.0113766     -0.0166564      0.0118508     0.00573921
        0.22632      0.0130547        0.22632      0.0130547              0              0              0              0    -0.00171008     -0.0082667   -0.000372266     0.00290871
        0.22632      0.0130547        0.22632      0.0130547              0              0              0              0     -0.0194052     -0.0155807     0.00618982      0.0162654
        0.22632      0.0130547        0.22632      0.0130547              0              0              0              0     -0.0226777     -0.0138114       0.026341      0.0264854
       0.238888      0.0172461        0.22632      0.0130547              0              0       0.301634       0.100594     -0.0199303    -0.00360967      0.0266299      0.0304079
       0.233502      0.0154498        0.22632      0.0130547              0              0      0.0861816      0.0287414     -0.0234071    -0.00222481      0.0341859      0.0343013
       0.228372       0.013739        0.22632      0.0130547              0              0      0.0246233     0.00821183     -0.0227051    0.000583518      0.0344167      0.0282435
       0.226906      0.0132502        0.22632      0.0130547              0              0     0.00703523     0.00234624     -0.0198723    0.000626433      0.0220699      0.0190887
       0.226488      0.0131105        0.22632      0.0130547              0              0     0.00201006    0.000670353     -0.0143498    -0.00482036      0.0161071      0.0130348
       0.226368      0.0130706        0.22632      0.0130547              0              0    0.000574305     0.00019153     -0.0072799    -0.00841571     0.00996208     0.00564528
       0.226334      0.0130592        0.22632      0.0130547              0              0    0.000164087    5.47239e-05    -0.00207963     -0.0112243     0.00132847    0.000123024
       0.226324       0.013056        0.22632      0.0130547              0              0    4.68824e-05    1.56354e-05    -0.00647035     -0.0159713    -0.00108257     0.00548506
       0.226321       0.013055        0.22632      0.0130547              0              0    1.33949e-05    4.46757e-06     -0.0104161     -0.0158975      0.0120525     0.00810957
        0.22632      0.0130548        0.22632      0.0130547              0              0    3.82721e-06     1.2764e-06     -0.0130871    -0.00949789      0.0041666    0.000211239
        0.22632      0.0130547        0.22632      0.0130547              0              0    1.09349e-06    3.64891e-07      -0.012954     -0.0116087    -0.00374393    -0.00336411
        0.22632      0.0130547        0.22632      0.0130547              0              0    3.12219e-07    1.04364e-07     -0.0132454     -0.0160735    -0.00298431     -0.0033433
        0.22632      0.0130547        0.22632      0.0130547              0              0     8.8999e-08    2.94572e-08     -0.0141931     -0.0163046    -0.00370227    1.28746e-05
        0.22632      0.0130547        0.22632      0.0130547              0              0    2.55315e-08    8.41633e-09     -0.0135999     -0.0159674     0.00372601      0.0068922
        0.22632      0.0130547        0.22632      0.0130547              0              0    7.24311e-09    2.50786e-09     -0.0210227     -0.0119277      0.0100589      0.0168948
        0.22632      0.0130547        0.22632      0.0130547              0              0    2.55318e-09    3.03756e-10     -0.0212169     -0.0119299      0.0237308      0.0253625
        0.22632      0.0130547        0.22632      0.0130547              0              0    8.19774e-10    4.99564e-10     -0.0212169     -0.0119299      0.0269942       0.026865
        0.22632      0.0130547        0.22632      0.0130547              0              0    3.89013e-10    3.49121e-10     -0.0212169     -0.0119299      0.0267363      0.0300145
        0.22632      0.0130547        0.22632      0.0130547              0              0    7.95302e-12    9.97486e-11     -0.0212169     -0.0119299      0.0332932       0.036727
        0.22632      0.0130547        0.22632      0.0130547              0              0    1.05467e-10   -1.26291e-10     -0.0212169     -0.0119299      0.0401607      0.0367389
        0.22632      0.0130547        0.22632      0.0130547              0              0    3.01335e-11   -1.45727e-10     -0.0212169     -0.0119299      0.0333166      0.0279527
        0.22632      0.0130547        0.22632      0.0130547              0              0    8.34162e-10    8.73562e-11     -0.0212169     -0.0119299      0.0225892      0.0212522
        0.22632      0.0130547        0.22632      0.0130547              0              0    8.57497e-10    4.37736e-10     -0.0212169     -0.0119299      0.0199151      0.0155978
        0.22632      0.0130547        0.22632      0.0130547              0              0   -1.67777e-10    2.18728e-11     -0.0212169     -0.0119299       0.011281      0.0117946
        0.22632      0.0130547        0.22632      0.0130547              0              0     8.8081e-10    1.55416e-09     -0.0212169     -0.0119299      0.0123076      0.0133104
        0.22632      0.0130547        0.22632      0.0130547              0              0     4.5273e-11   -1.75116e-10     -0.0212169     -0.0119299      0.0143127      0.0152183
        0.22632      0.0130547        0.22632      0.0130547              0              0    6.45316e-11    5.69129e-10     -0.0212169     -0.0119299      0.0161238      0.0139122
        0.22632      0.0130547        0.22632      0.0130547              0              0   -8.47566e-11   -2.50167e-10     -0.0212169     -0.0119299      0.0117006     0.00594282
        0.22632      0.0130547        0.22632      0.0130547              0              0    7.89781e-11   -6.39044e-10     -0.0212169     -0.0119299    0.000185013    0.000566959
        0.22632      0.0130547        0.22632      0.0130547              0              0    2.28953e-10   -6.46957e-10     -0.0212169     -0.0119299     0.00094986   -3.78684e-05
        0.22632      0.0130547        0.22632      0.0130547              0              0   -5.53748e-10    1.56985e-10     -0.0212169     -0.0119299    -0.00102409    -0.00247132
        0.22632      0.0130547        0.22632      0.0130547              0              0   -3.64602e-10    1.99644e-10     -0.0212169     -0.0119299    -0.00391858    -0.00312757
        0.22632      0.0130547        0.22632      0.0130547              0              0   -1.04172e-10   -4.61525e-11     -0.0212169     -0.0119299     -0.0023366     0.00537825
        0.22632      0.0130547        0.22632      0.0130547              0              0    1.25028e-10    9.00071e-11     -0.0212169     -0.0119299      0.0130925      0.0169353
        0.22632      0.0130547        0.22632      0.0130547              0              0   -1.57767e-10    2.32105e-10     -0.0212169     -0.0119299      0.0207787      0.0287971
        0.22632      0.0130547        0.22632      0.0130547              0              0   -4.06255e-10   -1.40073e-10     -0.0212169     -0.0119299      0.0368161      0.0367169
        0.22632      0.0130547        0.22632      0.0130547              0              0    7.61075e-10   -1.43215e-10     -0.0212169     -0.0119299      0.0366178      0.0348506
        0.22632      0.0130547        0.22632      0.0130547              0              0    5.27033e-10   -2.47307e-10     -0.0212169     -0.0119299      0.0330834      0.0355144
        0.22632      0.0130547        0.22632      0.0130547              0              0   -2.62195e-10   -1.73853e-10     -0.0212169     -0.0119299      0.0379457      0.0365191
        0.22632      0.0130547        0.22632      0.0130547              0              0    1.31475e-10    3.41726e-11     -0.0212169     -0.0119299      0.0350919      0.0364065
        0.22632      0.0130547        0.22632      0.0130547              0              0    2.43952e-10    4.22539e-10     -0.0212169     -0.0119299      0.0377207      0.0377684
        0.22632      0.0130547        0.22632      0.0130547              0              0   -5.49462e-10   -1.88856e-10     -0.0212169     -0.0119299       0.037816      0.0380263
        0.22632      0.0130547        0.22632      0.0130547              0              0   -1.56988e-10    2.55624e-10     -0.0212169     -0.0119299      0.0382366      0.0375195
        0.22632      0.0130547        0.22632      0.0130547              0              0    6.00107e-10    6.92199e-10     -0.0212169     -0.0119299      0.0368028       0.040565
        0.22632      0.0130547        0.22632      0.0130547              0              0    8.09973e-10    1.02332e-09     -0.0212169     -0.0119299      0.0443277      0.0449924
        0.22632      0.0130547        0.22632      0.0130547              0              0    7.66301e-11     6.0196e-10     -0.0212169     -0.0119299      0.0456572      0.0446239
        0.22632      0.0130547        0.22632      0.0130547              0              0    2.28282e-10    3.78377e-10     -0.0212169     -0.0119299      0.0435901      0.0393319
        0.22632      0.0130547        0.22632      0.0130547              0              0    1.68418e-10    1.59706e-10     -0.0212169     -0.0119299      0.0350742      0.0349169
        0.22632      0.0130547        0.22632      0.0130547              0              0    2.54507e-10    4.56295e-11     -0.0212169     -0.0119299      0.0347595      0.0323668
        0.22632      0.0130547        0.22632      0.0130547              0              0   -1.33671e-10    3.35519e-10     -0.0212169     -0.0119299      0.0299745      0.0337868
        0.22632      0.0130547        0.22632      0.0130547              0              0   -4.50968e-10    -7.3314e-12     -0.0212169     -0.0119299      0.0375996      0.0350194
        0.22632      0.0130547        0.22632      0.0130547              0              0   -1.28849e-10   -1.05288e-10     -0.0212169     -0.0119299      0.0324392      0.0294828
        0.22632      0.0130547        0.22632      0.0130547              0              0    4.79156e-10   -4.42859e-10     -0.0212169     -0.0119299      0.0265265      0.0198264
        0.22632      0.0130547        0.22632      0.0130547              0              0   -3.08122e-10   -1.26531e-10     -0.0212169     -0.0119299      0.0131264      0.0138535
        0.22632      0.0130547        0.22632      0.0130547              0              0    4.09577e-11    -2.4254e-10     -0.0212169     -0.0119299      0.0145812      0.0153084
        0.22632      0.0130547        0.22632      0.0130547              0              0    2.69687e-10   -6.92972e-11     -0.0212169     -0.0119299      0.0160356      0.0129352
        0.22632      0.0130547        0.22632      0.0130547              0              0    1.80248e-10    8.33947e-11     -0.0212169     -0.0119299     0.00983477     0.00248909
        0.22632      0.0130547        0.22632      0.0130547              0              0    3.61081e-10     2.3827e-11     -0.0212169     -0.0119299    -0.00485716   -0.000426363
        0.22632      0.0130547        0.22632      0.0130547              0              0   -7.22384e-10   -6.41382e-11     -0.0212169     -0.0119299     0.00400496     0.00266027
        0.22632      0.0130547        0.22632      0.0130547              0              0   -9.60343e-15   -2.24713e-10     -0.0212169     -0.0119299     0.00131559    0.000640869
        0.22632      0.0130547        0.22632      0.0130547              0              0    -7.2236e-10    -4.7698e-10     -0.0212169     -0.0119299    -3.4619e-05     0.00329828
        0.22632      0.0130547        0.22632      0.0130547              0              0   -5.15971e-10   -2.39475e-10     -0.0212169     -0.0119299     0.00662994     0.00743532
        0.22632      0.0130547        0.22632      0.0130547              0              0     3.4275e-10    5.50743e-10     -0.0212169     -0.0119299     0.00824118      0.0123596
        0.22632      0.0130547        0.22632      0.0130547              0              0    5.42954e-10     7.7652e-10     -0.0212169     -0.0119299      0.0164781      0.0138779
        0.22632      0.0130547        0.22632      0.0130547              0              0    3.09921e-10   -8.77186e-11     -0.0212169     -0.0119299      0.0112782      0.0138831
        0.22632      0.0130547        0.22632      0.0130547              0              0    2.94937e-10   -7.47419e-10     -0.0212169     -0.0119299      0.0164881      0.0173273
        0.22632      0.0130547        0.22632      0.0130547              0              0    1.87462e-10   -5.87584e-11     -0.0212169     -0.0119299      0.0181661      0.0193801
        0.22632      0.0130547        0.22632      0.0130547              0              0    4.66337e-10   -1.67877e-11     -0.0212169     -0.0119299      0.0205941      0.0217395
        0.22632      0.0130547        0.22632      0.0130547              0              0    3.39628e-10   -2.24084e-10     -0.0212169     -0.0119299      0.0228848      0.0270934
        0.22632      0.0130547        0.22632      0.0130547              0              0    6.13006e-10    2.45558e-10     -0.0212169     -0.0119299       0.031302      0.0342751
        0.22632      0.0130547        0.22632      0.0130547              0              0    7.19511e-11    4.82936e-10     -0.0212169     -0.0119299      0.0372486      0.0310063
        0.22632      0.0130547        0.22632      0.0130547              0              0    2.26946e-10     3.4437e-10     -0.0212169     -0.0119299      0.0247641       0.020216
        0.22632      0.0130547        0.22632      0.0130547              0              0    2.61555e-10   -3.14384e-10     -0.0212169     -0.0119299      0.0156679      0.0149584
        0.22632      0.0130547        0.22632      0.0130547              0              0    7.47303e-11    3.22952e-10     -0.0212169     -0.0119299      0.0142493      0.0102763
        0.22632      0.0130547        0.22632      0.0130547              0              0   -7.52603e-10    4.01854e-10     -0.0212169     -0.0119299     0.00630331     0.00435448
        0.22632      0.0130547        0.22632      0.0130547              0              0   -6.27807e-10    1.16218e-11     -0.0212169     -0.0119299     0.00240517     0.00209904
        0.22632      0.0130547        0.22632      0.0130547              0              0   -1.62409e-09   -3.06261e-10     -0.0212169     -0.0119299     0.00179291     0.00135946
        0.22632      0.0130547        0.22632      0.0130547              0              0   -1.28958e-09   -4.87381e-10     -0.0212169     -0.0119299    0.000926018     0.00320673
        0.22632      0.0130547        0.22632      0.0130547              0              0   -5.74839e-10   -7.58416e-10     -0.0212169     -0.0119299     0.00548792     0.00416565
        0.22632      0.0130547        0.22632      0.0130547              0              0    4.54924e-10    4.02473e-10     -0.0212169     -0.0119299      0.0028429     0.00583363
        0.22632      0.0130547        0.22632      0.0130547              0              0    1.26511e-09    9.40545e-10     -0.0212169     -0.0119299     0.00882435      0.0133004
        0.22632      0.0130547        0.22632      0.0130547              0              0    7.48439e-10    2.68727e-10     -0.0212169     -0.0119299      0.0177765      0.0155911
        0.22632      0.0130547        0.22632      0.0130547              0              0    6.81438e-10    4.89555e-10     -0.0212169     -0.0119299      0.0134053      0.0137911
        0.22632      0.0130547        0.22632      0.0130547              0              0    2.46295e-10    -9.9526e-10     -0.0212169     -0.0119299      0.0141768       0.017735
        0.22632      0.0130547        0.22632      0.0130547              0              0   -3.28242e-11    2.52204e-11     -0.0212169     -0.0119299      0.0212932       0.022377
        0.22632      0.0130547        0.22632      0.0130547              0              0    9.38154e-11   -3.02375e-10     -0.0212169     -0.0119299      0.0234609      0.0237517
        0.22632      0.0130547        0.22632      0.0130547              0              0   -1.79583e-10   -1.37991e-10     -0.0212169     -0.0119299      0.0240431      0.0268841
        0.22632      0.0130547        0.22632      0.0130547              0              0   -5.13099e-11   -6.52245e-11     -0.0212169     -0.0119299      0.0297251      0.0316911
        0.22632      0.0130547        0.22632      0.0130547              0              0    8.85339e-11    3.42544e-10     -0.0212169     -0.0119299      0.0336571      0.0320106
        0.22632      0.0130547        0.22632      0.0130547              0              0   -7.78985e-11     6.1384e-10     -0.0212169     -0.0119299      0.0303645      0.0375953
        0.22632      0.0130547        0.22632      0.0130547              0              0    2.93403e-11   -3.10051e-11     -0.0212169     -0.0119299       0.044826       0.045887
        0.22632      0.0130547        0.22632      0.0130547              0              0   -1.68981e-10    1.97529e-10     -0.0212169     -0.0119299       0.046948      0.0532742
        0.22632      0.0130547        0.22632      0.0130547              0              0    3.31563e-12    2.62826e-10     -0.0212169     -0.0119299      0.0595999      0.0618324
        0.22632      0.0130547        0.22632      0.0130547              0              0   -5.06491e-11    1.78287e-10     -0.0212169     -0.0119299      0.0640645      0.0638633
        0.22632      0.0130547        0.22632      0.0130547              0              0    8.11082e-10    -5.2255e-11     -0.0212169     -0.0119299      0.0636621      0.0643153
        0.22632      0.0130547        0.22632      0.0130547              0              0    1.16048e-09   -1.18124e-10     -0.0212169     -0.0119299      0.0649686      0.0610218
        0.22632      0.0130547        0.22632      0.0130547              0              0   -8.12087e-11   -7.95122e-12     -0.0212169     -0.0119299       0.057075      0.0627136
        0.22632      0.0130547        0.22632      0.0130547              0              0    1.11193e-09    5.39497e-10     -0.0212169     -0.0119299      0.0683517      0.0689888
        0.22632      0.0130547        0.22632      0.0130547              0              0    5.24085e-10   -5.22449e-11     -0.0212169     -0.0119299      0.0696254      0.0753889
        0.22632      0.0130547        0.22632      0.0130547              0              0    6.65708e-10     7.0743e-10     -0.0212169     -0.0119299       0.081152      0.0814795
        0.22632      0.0130547        0.22632      0.0130547              0              0    2.67598e-10    -4.2646e-12     -0.0212169     -0.0119299      0.0818071      0.0788188
        0.22632      0.0130547        0.22632      0.0130547              0              0    1.37728e-10    2.05169e-10     -0.0212169     -0.0119299      0.0758309      0.0691895
        0.22632      0.0130547        0.22632      0.0130547              0              0    1.94142e-10    4.71396e-10     -0.0212169     -0.0119299      0.0625477      0.0594029
        0.22632      0.0130547        0.22632      0.0130547              0              0    2.61858e-10   -7.17031e-11     -0.0212169     -0.0119299      0.0562582      0.0507994
        0.22632      0.0130547        0.22632      0.0130547              0              0    7.48163e-11   -2.78472e-10     -0.0212169     -0.0119299       0.045341      0.0422788
        0.22632      0.0130547        0.22632      0.0130547              0              0    2.13763e-11    2.42918e-10     -0.0212169     -0.0119299      0.0392165      0.0325565
        0.22632      0.0130547        0.22632      0.0130547              0              0   -4.06669e-10   -5.95871e-11     -0.0212169     -0.0119299      0.0258965      0.0190754
        0.22632      0.0130547        0.22632      0.0130547              0              0   -1.16191e-10   -1.20219e-10     -0.0212169     -0.0119299      0.0122547     0.00716639
        0.22632      0.0130547        0.22632      0.0130547              0              0    2.76385e-10    -3.4393e-10     -0.0212169     -0.0119299     0.00207806    -0.00166728
        0.22632      0.0130547        0.22632      0.0130547              0              0   -1.79018e-10    1.08122e-10     -0.0212169     -0.0119299    -0.00541231    -0.00720741
        0.22632      0.0130547        0.22632      0.0130547              0              0    1.64914e-10   -3.81883e-10     -0.0212169     -0.0119299    -0.00900244    -0.00966002
        0.22632      0.0130547        0.22632      0.0130547              0              0   -5.72045e-10    5.10054e-10     -0.0212169     -0.0119299     -0.0103176     -0.0110544
        0.22632      0.0130547        0.22632      0.0130547              0              0     6.6211e-10    4.25365e-11     -0.0212169     -0.0119299     -0.0117912     -0.0123926
        0.22632      0.0130547        0.22632      0.0130547              0              0    7.05145e-10    1.15347e-10     -0.0212169     -0.0119299      -0.012994     -0.0135954
        0.22632      0.0130547        0.22632      0.0130547              0              0    7.17441e-10     1.3615e-10     -0.0212169     -0.0119299     -0.0141968     -0.0147982
        0.22632      0.0130547        0.22632      0.0130547              0              0   -2.07792e-10   -1.93286e-10     -0.0212169     -0.0119299     -0.0153995     -0.0160009
        0.22632      0.0130547        0.22632      0.0130547              0              0   -5.93695e-11   -1.58419e-10     -0.0212169     -0.0119299     -0.0166023     -0.0172037
        0.22632      0.0130547        0.22632      0.0130547              0              0   -4.29738e-10   -5.61232e-10     -0.0212169     -0.0119299     -0.0178051     -0.0184065
        0.22632      0.0130547        0.22632      0.0130547              0              0    5.99574e-10    4.58811e-10     -0.0212169     -0.0119299     -0.0190079      -0.015357
        0.22632      0.0130547        0.22632      0.0130547              0              0    6.81139e-11    5.43865e-10     -0.0212169     -0.0119299     -0.0117061     -0.0118899
