    -0.00428148      0.0295533      -0.069672     0.00541189       0.784686       0.289697       0.784686       0.289697    5.83562e-05     4.6489e-07        244.046       0.386924       0.409419
     -0.0600207    -0.00400302     -0.0697207     0.00544533      0.0774161      0.0296919      0.0981247      -0.099075   -0.000214037    0.000264394        154.464       0.262651       0.244911
     -0.0655513    -0.00202465     -0.0697053     0.00538628     0.00807409     0.00169368      0.0284357      -0.111615     -0.0164878      0.0154201        141.651       0.527004      -0.112437
      -0.065771   -0.000130687     -0.0689389     0.00480974      0.0173606     -0.0122838      0.0401171     -0.0499524     -0.0267315      0.0317806        334.125       0.200043      -0.189428
     -0.0630496    -0.00190887     -0.0679195     0.00340057      0.0237568     -0.0316664       0.076488     -0.0616537     -0.0211956      0.0539536        134.325      -0.141844       0.065379
     -0.0630668    -0.00704561      -0.066893    0.000473976      0.0245475     -0.0663811      0.0416182     -0.0853145     -0.0130212      0.0619099        145.335       -0.51599      -0.115007
     -0.0644119     -0.0120025     -0.0666108    -0.00143793     0.00854927     -0.0479353      0.0256318      -0.172069     -0.0119544      0.0598524         138.61       0.201083      -0.205673
     -0.0631907     -0.0139402     -0.0663598    -0.00360497     0.00627803     -0.0516015      0.0591927      -0.139131     -0.0106861       0.041191        139.775       0.266631       0.194788
     -0.0607543      -0.011675     -0.0654754    -0.00498856      0.0197292     -0.0350457      0.0762869     -0.0673764    -0.00290197       0.038389        132.694      -0.286589         0.5249
     -0.0590061     -0.0217401     -0.0648932     -0.0100467      0.0145484      -0.112759      0.0937788      -0.157889    -0.00808173      0.0551747        141.317      -0.167645       0.782632
       -0.06296     -0.0245704     -0.0639799     -0.0139574       0.021184     -0.0957478     -0.0538819      -0.122409     -0.0306091      0.0447376        130.247      -0.349882      -0.675106
     -0.0551532     -0.0272984     -0.0622073      -0.017711      0.0404061     -0.0906539        0.12985      -0.116094     -0.0604483      0.0341509        109.045      -0.443226     -0.0566978
     -0.0518383     -0.0321922      -0.060062     -0.0211123      0.0503789     -0.0825322       0.100301      -0.169466      -0.050774      0.0231842        92.5125        0.27045      -0.216918
     -0.0495319     -0.0359853     -0.0569965     -0.0247138      0.0712533     -0.0860467      0.0808284      -0.156576      -0.034352     0.00513219        339.346       0.658329       -0.54809
     -0.0457812     -0.0423234     -0.0539751      -0.032047       0.072387      -0.167001       0.113747     -0.0702154     -0.0309227      0.0067048        122.967      -0.642971      -0.270242
     -0.0454767      -0.046467     -0.0517001     -0.0357269      0.0563793     -0.0961849      0.0765645      -0.158251    -0.00537508      0.0393686        111.532      -0.114421      -0.196123
     -0.0415491      -0.051249     -0.0495503     -0.0408136      0.0520718      -0.119492       0.137837      -0.113866     0.00646872      0.0158044        113.244      -0.390629       0.772163
     -0.0410165     -0.0653549     -0.0463809     -0.0505947      0.0736663       -0.22322      0.0345398      -0.166866      0.0126798   -0.000339162        129.256      -0.522764      0.0636403
      -0.039739     -0.0647986      -0.043979     -0.0542854      0.0592478      -0.102042      0.0393521      -0.142178     -0.0173555     -0.0125557         101.82     -0.0181995      -0.278355
     -0.0290722     -0.0649129     -0.0401231     -0.0588896      0.0892133      -0.109655       0.181404     -0.0436432     -0.0218809     -0.0340088         75.748      -0.366785       0.715252
     -0.0253531     -0.0669496     -0.0363794     -0.0629875      0.0897858     -0.0994804       0.133488     -0.0383787      -0.010146     -0.0363548        73.5182      -0.272345       0.519464
     -0.0240693      -0.070629     -0.0342725     -0.0670488      0.0544867     -0.0976708       0.135958     -0.0416829     -0.0460426     -0.0527645        75.4196    -0.00370245       0.487448
      -0.015605     -0.0835883     -0.0278948     -0.0753756       0.143208      -0.189627       0.113349     -0.0910581     -0.0678763     -0.0634368        88.0127      0.0729762      -0.513088
      -0.008929     -0.0798719     -0.0238758      -0.078103       0.101131     -0.0778734       0.216469     0.00623589     -0.0854625     -0.0642426        71.4528      -0.104949      -0.157556
    -0.00191128     -0.0829884     -0.0198707     -0.0813505       0.096623     -0.0779335       0.266561     -0.0253374     -0.0655958     -0.0608229        60.9647       0.296439       0.540813
    -0.00255211     -0.0828399     -0.0166901     -0.0839042      0.0783616     -0.0629544       0.159504      0.0448858     -0.0570957     -0.0637067        54.3462     -0.0376688     -0.0158222
     0.00554179     -0.0883083     -0.0103219     -0.0882605        0.14539      -0.100391       0.192514      0.0201962     -0.0717505     -0.0580616        62.3873      -0.180001      -0.369212
      0.0119915     -0.0908008    -0.00491585     -0.0892871        0.13131     -0.0322127       0.221947     -0.0543694     -0.0706137     -0.0585462        52.6906       0.666093      -0.275596
      0.0156381      -0.088908    5.44929e-05     -0.0902751        0.12049     -0.0245619       0.192954      0.0450549     -0.0530819     -0.0665088        47.2883       0.346175      -0.452699
      0.0201768     -0.0846851     0.00450077     -0.0904657       0.108089    -0.00657317       0.220549       0.115024     -0.0416657     -0.0411755        35.1332      -0.379825     -0.0525723
      0.0359103     -0.0867315      0.0146945     -0.0904896       0.230994    -0.00117471       0.266141      0.0388846      -0.024303     -0.0247294        38.8883      -0.104219      0.0185578
      0.0345334     -0.0881236      0.0199766     -0.0907728       0.137191    -0.00623323       0.157497      0.0351073     -0.0217699     -0.0403104        42.6688      0.0252411      -0.487325
      0.0399735     -0.0850016      0.0258475     -0.0901721       0.140532       0.012352       0.185145      0.0838764     -0.0222917     -0.0472564        34.6542      -0.191062      -0.226931
      0.0599356     -0.0768266       0.038684     -0.0866368       0.291321       0.077597       0.249735       0.133092     0.00162155     -0.0459515        31.8182      -0.237165      -0.329435
      0.0607842     -0.0761228      0.0441512     -0.0849785       0.147224      0.0435791       0.228189       0.112852      0.0113524     -0.0515596        35.4813      -0.115673       0.324432
      0.0636265     -0.0738239      0.0502815     -0.0827944       0.147137      0.0515342       0.154117       0.113045      0.0230616      -0.062177        32.4915      0.0935911       0.214224
      0.0669399     -0.0710587      0.0559966     -0.0801464       0.138159      0.0623496       0.119577       0.108491      0.0111204     -0.0670467        29.4165       0.411826     -0.0649304
       0.074324     -0.0630657      0.0623403     -0.0768261        0.15084      0.0779537       0.145201       0.217899     0.00115294      -0.063007        23.6526      -0.373067     -0.0637129
      0.0952512     -0.0549625      0.0748944     -0.0696093       0.286252       0.163677       0.246106       0.145194     0.00325936     -0.0469127         29.119       0.481658     -0.0451937
         0.0943     -0.0548677      0.0798155     -0.0663477       0.134922      0.0868198       0.181173       0.149613     0.00631708     -0.0585811        16.5359       0.445853      0.0972005
      0.0972044     -0.0484853      0.0854671     -0.0617532       0.135565       0.107922       0.131485       0.183704     0.00868124     -0.0366371        20.0924      0.0660097      -0.113121
       0.112671     -0.0340068       0.095613     -0.0523135       0.232709        0.21469       0.206974       0.225889     0.00616712     -0.0180922         22.062       0.015158      -0.061088
       0.113015     -0.0345918       0.100448     -0.0478213       0.127697         0.1185       0.152266       0.160264      0.0092097      -0.015182        23.3133      0.0541308    -0.00736045
       0.114933     -0.0313096       0.105355     -0.0432265       0.118763       0.111099        0.10401       0.154525      0.0121105     -0.0156318        15.9647      -0.127786      -0.208312
       0.118823     -0.0262675       0.110019     -0.0379961       0.112636       0.124086        0.10681       0.141732      0.0125247     -0.0145868        23.6402     -0.0645487      -0.102003
       0.122031     -0.0215332        0.11469     -0.0328574       0.112149       0.123406      0.0749041       0.134043      0.0207757     -0.0179695        25.1431      0.0853866      -0.267467
       0.135149    -0.00164146       0.123011     -0.0221011       0.190944       0.244675       0.148578       0.270133      0.0275374     -0.0226861         18.512      -0.354764     -0.0355669
       0.134579   -0.000587819       0.127247     -0.0165359       0.110593       0.144677        0.07157       0.189264      0.0378371     -0.0206223        39.7312      -0.129726      -0.189427
        0.13803     0.00161351       0.130918     -0.0112955      0.0903559       0.127659       0.107116       0.146651      0.0397086     -0.0328328        38.3799       0.170047       0.423245
       0.139327     0.00645827       0.134621    -0.00556046      0.0890165       0.136643       0.035867        0.13179      0.0458668     -0.0395272        42.9993        0.61156       0.136701
       0.148632      0.0303644       0.140536     0.00678665       0.136661       0.280362      0.0986612       0.322832      0.0305385       -0.03253         56.104      -0.198952       0.253827
       0.148053      0.0269903       0.143358      0.0124614      0.0746244       0.150611      0.0366082       0.142557      0.0234296    -0.00694324        45.4296       0.548227       -0.12984
       0.150088      0.0276527       0.145776      0.0173846      0.0596886       0.121401      0.0551879       0.121166      0.0115463     -0.0158219        35.7553       0.501672      0.0020839
       0.153645      0.0460308       0.149647       0.029329      0.0895891       0.270139      0.0227908       0.190643      0.0159422     0.00394784        58.4495       0.439128       -0.44109
       0.147311      0.0373905       0.151566      0.0347574      0.0504023       0.144269       -0.15252     -0.0810749      0.0169987      0.0265773        36.2636       0.342561      -0.538266
       0.154338      0.0444471       0.152858      0.0403221      0.0329614       0.134623       0.104257      0.0600881      0.0347384      0.0438725        45.0882       0.449683       0.326296
       0.157528      0.0519615        0.15418      0.0450439       0.031852       0.115454      0.0356997      0.0867154      0.0565279      0.0572201        46.7395       0.197887       0.404333
       0.151023      0.0562479       0.154732      0.0498149      0.0150932       0.114599     -0.0922861      0.0898871      0.0439543      0.0748732        37.2467      -0.598396      -0.382875
       0.156649      0.0661034       0.156352      0.0574971      0.0365141       0.177394      0.0291458       0.103395      0.0220386      0.0841813        32.6202        -0.7975       0.238024
       0.155254      0.0641217       0.157105      0.0612743      0.0199143      0.0993269     -0.0485435    0.000990771      0.0362554      0.0601671         22.675      -0.415226      -0.101922
       0.154252       0.068072       0.156351      0.0651801     -0.0142895      0.0942983    -0.00897215      0.0190978      0.0301756      0.0251475        31.3759      -0.183539       0.380758
       0.151543      0.0731904       0.156239      0.0696533    -0.00385967       0.106052     -0.0939653      0.0135801      0.0306154     0.00887512        30.3376       0.314721      -0.274428
       0.147857      0.0858023       0.154383      0.0769667     -0.0404739       0.168575      -0.087831       0.101038      0.0180727     0.00325047        56.7975       0.270682      -0.312083
        0.14487      0.0834961       0.152359      0.0794617     -0.0477757       0.070748      -0.101111      0.0343589      0.0312461      0.0197439        48.9755       0.341194      -0.305361
       0.144971      0.0811711       0.151118      0.0818593     -0.0315635      0.0588632     -0.0679253     -0.0413206      0.0443772      0.0309073         45.713       0.738479      0.0861422
        0.14705      0.0857045       0.150164      0.0835385     -0.0237747      0.0421576    -0.00851421      0.0789809       0.056603      0.0452306        47.4734      -0.312916       0.726347
       0.138884      0.0885713       0.146686      0.0865288      -0.077496      0.0688051      -0.111534      0.0189863      0.0528581      0.0740815         39.872        -0.5951       0.489931
       0.139463       0.083236       0.145422      0.0864809     -0.0350512     0.00584652     -0.0783821     -0.0540851       0.022603      0.0636138        32.8461      -0.575192       0.342565
       0.139571      0.0795848       0.143928      0.0862302     -0.0357702    -0.00482976     -0.0607657      -0.120646     0.00157899      0.0353128        17.3165      0.0962629      0.0537583
       0.136397      0.0811453       0.141289      0.0863794     -0.0605961      0.0027397      -0.066586       -0.07854     -0.0119252       0.010088        18.1225       0.267355      -0.237628
       0.131823      0.0897638       0.137815      0.0892478     -0.0810989      0.0622311     -0.0750911     0.00979967     -0.0121163      0.0175943        26.6483    -0.00126534      -0.355876
       0.132805      0.0894542       0.136524      0.0904679     -0.0359918      0.0325774     -0.0423785     -0.0307566    -0.00333661       0.029416        23.7186       0.180969      -0.269962
       0.132356       0.088193       0.134748       0.090543     -0.0419478     0.00487978    -0.00851308      -0.028726      0.0119079      0.0308088        25.8016      0.0185507       0.236563
       0.130737      0.0875622       0.133574      0.0907788     -0.0295581     0.00558053     -0.0378237     -0.0486679      0.0223164      0.0362844        23.5034     -0.0232838       0.204273
       0.125553      0.0876725       0.131006       0.090642     -0.0584299    -0.00239619     -0.0769529     -0.0311606      0.0133055      0.0380024        24.2423      -0.363463     -0.0439547
       0.126233      0.0841478       0.129938      0.0898922     -0.0289004     -0.0164344     -0.0458903     -0.0978138     0.00200159      0.0372109        18.5154      0.0600238     -0.0681247
       0.126094      0.0834673       0.129042      0.0890803     -0.0222534     -0.0191806     -0.0403113     -0.0764403     0.00265283      0.0221736        17.5286      0.0718293      -0.150535
       0.123579       0.082928        0.12702      0.0878267     -0.0459008     -0.0289972      -0.034438     -0.0572312      0.0061484      0.0225215        19.3546      -0.122162      0.0470759
       0.122957       0.081444       0.126071      0.0865829     -0.0250948     -0.0297658     -0.0418877     -0.0689812      0.0121905      0.0269517        18.5387      -0.132479     0.00111476
       0.121856      0.0804351       0.125093      0.0856014     -0.0236264      -0.024177     -0.0441824     -0.0731111       0.011739      0.0232392        18.5133      -0.033645      -0.061146
       0.123647      0.0778207       0.124757      0.0836801    -0.00961844     -0.0439175    -0.00159881     -0.0765598      0.0113725      0.0171565        17.2035    -0.00580615       0.245138
       0.121847       0.077431       0.123838      0.0824886     -0.0208064      -0.030127     -0.0297057     -0.0666075      0.0125367      0.0155098        14.4565     -0.0038292       0.124198
       0.119798      0.0746463       0.122592      0.0802731     -0.0290098     -0.0508679     -0.0392624     -0.0685992     0.00418681      0.0154406        13.0906      -0.103192     -0.0304267
       0.121493      0.0728017       0.122347      0.0784925    -0.00818102     -0.0435482    -0.00581098     -0.0760551    -0.00147563       0.015232        11.1244      -0.027673       0.042094
         0.1215      0.0702643       0.122134      0.0762925    -0.00541916     -0.0518743     -0.0124137     -0.0776426   -0.000805673      0.0109224        10.1693    -0.00364899     -0.0982216
       0.122931      0.0696956        0.12238      0.0746412     0.00475952     -0.0408557      0.0114804     -0.0593968   -0.000994619     0.00950907         9.9945     -0.0817588    -0.00218866
       0.123698      0.0652192       0.122781      0.0716583     0.00915166     -0.0685167      0.0113453      -0.081922     0.00156159     0.00947021        7.66527     -0.0447822    -0.00317474
       0.124472      0.0640262        0.12336      0.0696833      0.0134198      -0.049512      0.0131252     -0.0717045     0.00198621     0.00678681        10.0901     -0.0140379     -0.0157681
       0.124173      0.0628178       0.123719      0.0677742     0.00909474     -0.0461879    0.000104057     -0.0608938     0.00233752     0.00413607        9.08213     -0.0329833       -0.13528
        0.12484       0.062525       0.124128      0.0664654      0.0097326     -0.0328877      0.0115182     -0.0496623     0.00316066     0.00355934        9.65789     -0.0189477     -0.0401636
       0.126864      0.0601045       0.125208      0.0644044      0.0243001     -0.0478077      0.0225571     -0.0515273     0.00874287     0.00247716        8.90264     -0.0524005      0.0583446
       0.126034      0.0606108       0.125493      0.0636468     0.00860145     -0.0211446     0.00357882     -0.0405368       0.010488     0.00160204        9.64504      0.0161362      0.0232384
       0.127218      0.0601748       0.126197      0.0627735      0.0160509     -0.0209764      0.0142717     -0.0337617     0.00906986   -0.000580323          10.14      0.0486171      0.0875872
         0.1279      0.0593071         0.1268      0.0616625      0.0146329     -0.0260951      0.0127491     -0.0254667     0.00743205    -0.00115694        9.25456     -0.0482527      0.0756633
       0.130164      0.0568939       0.128226      0.0604241      0.0322677     -0.0293607      0.0187631     -0.0536985     0.00262541    0.000994432        9.70559       0.172514     -0.0459245
       0.129933      0.0582853       0.128536      0.0601973     0.00991835    -0.00783502      0.0195927     -0.0204412   -0.000401672    0.000511873        10.4384      0.0514882      0.0055385
       0.131046      0.0567388       0.129412       0.059284      0.0199152     -0.0205102      0.0184017     -0.0335868    0.000394407      0.0061078        10.2681      0.0334432     -0.0324037
       0.130788      0.0571902       0.129778      0.0591035     0.00990072    -0.00594929      0.0112476     -0.0239394     0.00041658     0.00892423        9.88314     -0.0366288     -0.0542176
       0.133649      0.0564892       0.131318      0.0586585      0.0342474     -0.0102074      0.0287478     -0.0298888     0.00166589     0.00995492        8.33852     -0.0342898      -0.026053
       0.133358      0.0567861       0.131714      0.0587464      0.0119857    0.000877698      0.0240448     -0.0319047     0.00445944      0.0097668        9.68647       0.076002      0.0852587
       0.133132      0.0575567       0.132237      0.0585916      0.0125044    -0.00325504     0.00627076    -0.00568384     0.00550932     0.00839232        9.33498      -0.162179     -0.0157255
        0.13344      0.0577639       0.132661      0.0589712      0.0104046     0.00787385     0.00934126     -0.0263564     0.00345046       0.010041        11.5118      0.0421845     -0.0153213
       0.135562      0.0580027       0.133946      0.0591304      0.0288036     0.00422539      0.0157513     -0.0172905     0.00321347     0.00509547        12.6139      0.0597407     -0.0903134
       0.135674      0.0590396       0.134522      0.0595343      0.0153011     0.00914806      0.0137177    -0.00695857      0.0033055     0.00516282          13.32     0.00618414     -0.0654617
       0.136544      0.0609962        0.13542      0.0603057      0.0209363      0.0175772      0.0114877      0.0132723     0.00637168     0.00790154        15.1695      -0.176789      -0.065169
       0.137532      0.0618592       0.136424      0.0612133      0.0237886      0.0213617       0.011341     0.00157397     0.00993568      0.0083413        18.3508     -0.0763617     -0.0442393
       0.138803       0.061055       0.137146      0.0614551      0.0179752     0.00735771      0.0299695     -0.0132159      0.0128079     0.00244652        18.8451       0.093913       0.241325
       0.137003        0.06331       0.137801      0.0627992      0.0159303      0.0297685     -0.0351647    -0.00300196      0.0142991    -0.00143124        19.7538       0.245225      -0.300352
       0.138626       0.065193         0.1383      0.0639924      0.0123716      0.0287512      0.0140702        0.01618     0.00635809     0.00176965        18.1489       0.120702    -0.00628848
       0.139238      0.0654849       0.138647      0.0648968     0.00873598      0.0224083      0.0121237     0.00424297      0.0164806      0.0121435        15.9308      0.0642976       0.183417
       0.139856      0.0659909       0.139624      0.0662545      0.0219731       0.031569    -0.00736242     -0.0169912      0.0181593      0.0174672         15.248       0.196058      0.0116718
       0.140995      0.0648042       0.139988      0.0664983      0.0100663     0.00842117      0.0229201     -0.0254252     0.00877363      0.0204432        16.3644       0.135771       0.279713
        0.14025      0.0655532       0.140248      0.0673877     0.00662961      0.0200539     -0.0111962     -0.0305577     0.00738234      0.0280294        16.0457      0.0621166     0.00372162
       0.140442      0.0650204       0.140227      0.0676904    0.000192394     0.00854328     0.00515287     -0.0385689    -0.00316792      0.0339792         17.047     -0.0365409      0.0255747
       0.141792      0.0621904       0.140517      0.0667378     0.00628563     -0.0197215      0.0211417      -0.061111     -0.0044257      0.0362351        19.2374      -0.121029       0.112826
       0.141716      0.0605378       0.140837      0.0663429     0.00754255     -0.0105024     0.00428268     -0.0931203    -0.00446671      0.0351716          14.74       0.136751     -0.0997331
       0.141049        0.06127       0.140771       0.065881   -0.000672251     -0.0110256    0.000649796     -0.0538514    -0.00858956      0.0305756         13.592      -0.127695      -0.200724
       0.141591       0.057024       0.141115      0.0639095     0.00737912     -0.0436889     0.00453777     -0.0975707    -0.00617951      0.0340712        11.8928     -0.0280672      -0.217953
       0.143202      0.0571199       0.141693      0.0627625      0.0132144     -0.0291433      0.0294037     -0.0666625      0.0047918       0.029179        9.90607       -0.21009      0.0696413
       0.142553      0.0556231       0.142053       0.061482     0.00909094     -0.0305724     0.00201669     -0.0830068      0.0135185      0.0276573        7.78121     -0.0997156      0.0330056
       0.142513      0.0540679       0.142501      0.0596021      0.0105908     -0.0436627    -0.00384372     -0.0648281      0.0118343      0.0193838         7.9624      -0.255729     -0.0145808
       0.141605      0.0525433       0.142558      0.0584106      0.0022989     -0.0301027     -0.0196145     -0.0921518      0.0100313      0.0144772        9.57366       0.137187      -0.141926
       0.142919      0.0495651        0.14332      0.0555693      0.0166759     -0.0643836     -0.0100946     -0.0643749      0.0101181     0.00493382        8.16266      -0.116307      -0.179685
       0.143436      0.0492166       0.143812      0.0538339      0.0122949      -0.043923    -0.00508671     -0.0538069      0.0169631     0.00911247        10.2317      -0.207951     -0.0758008
       0.142503      0.0468504       0.144201      0.0519123     0.00962663     -0.0458996     -0.0334407      -0.069982      0.0245051     0.00476812        10.8601     -0.0244969      -0.198304
       0.144058      0.0473674       0.144746      0.0505902      0.0127349     -0.0331453     0.00033424     -0.0329121      0.0281542    -0.00354196        15.1155      -0.147646       0.141518
       0.142588      0.0430946       0.144691      0.0480255    8.87025e-05     -0.0587132     -0.0340347     -0.0685789      0.0353573     -0.0053295        12.1529      0.0854082       0.118821
       0.141056      0.0433734       0.144346       0.046699    -0.00744649     -0.0345246     -0.0503523     -0.0377281      0.0311831     -0.0102056        11.4773      0.0535101      0.0200998
       0.141079      0.0432588       0.143848      0.0458282     -0.0114837     -0.0222617     -0.0319722     -0.0355412      0.0255466    -0.00820316        10.1097       0.152835       0.163386
        0.14104      0.0418192       0.143518       0.044549    -0.00828218     -0.0298557      -0.034862      -0.032184      0.0241609    -0.00540913        7.85013       0.101707       0.135605
       0.137777      0.0381951       0.142293      0.0425892     -0.0272958     -0.0453173     -0.0729886      -0.059034      0.0163783     0.00259374         7.6033       0.158739      -0.215658
        0.13822      0.0377306         0.1413      0.0417027     -0.0241661     -0.0236813     -0.0285389     -0.0529687      0.0109807     0.00706695        10.2082        0.17751      0.0534856
       0.137453      0.0373777       0.140432      0.0408966     -0.0211746     -0.0197787     -0.0394944     -0.0427358      0.0183523      0.0131519        9.54657      0.0420323      0.0589495
       0.135578      0.0367694       0.139202      0.0402102     -0.0286939     -0.0168044     -0.0477359     -0.0433971      0.0181478      0.0205291        11.9598     -0.0734901       0.040151
        0.13303      0.0356125       0.137071      0.0394166     -0.0488794      -0.018822     -0.0422529     -0.0509102      0.0152552      0.0222086        9.88896     -0.0927427       0.231245
       0.132594      0.0342069       0.136161      0.0387352     -0.0245536     -0.0166008     -0.0530238      -0.069632       0.011594      0.0189053        8.92246      0.0956996      0.0176992
       0.132612      0.0338093       0.135301       0.037989     -0.0210328     -0.0177767     -0.0341743       -0.05482     0.00148017      0.0145672        9.91167      0.0483093     -0.0254888
       0.131995      0.0344355       0.134328      0.0375431     -0.0231246     -0.0114095     -0.0295992     -0.0362376     0.00023419       0.017263        10.3337      -0.130115     -0.0558279
       0.130208      0.0318486       0.132923      0.0362492     -0.0326495     -0.0290898     -0.0323273     -0.0612593     0.00108296      0.0197866        7.98186     -0.0744559     -0.0312207
        0.13031      0.0299732       0.132294      0.0349567     -0.0168531      -0.030826      -0.024158     -0.0691924     0.00378615      0.0155469        6.26822       0.019752     -0.0117035
       0.130026      0.0303811       0.131926      0.0342605    -0.00963731     -0.0181218     -0.0291371     -0.0500007     0.00531334      0.0112191        6.03002     -0.0221646      -0.116971
       0.130212      0.0298054       0.131493      0.0335969       -0.01032      -0.016146     -0.0106861     -0.0549178     0.00635141      0.0106547        5.12604      0.0799037      0.0401602
       0.129102      0.0267494       0.130991      0.0314053     -0.0118731     -0.0489536     -0.0287375     -0.0502902      0.0111511      0.0106503        5.58735      -0.166346     -0.0406185
       0.128575      0.0255686       0.130523      0.0302053        -0.0113     -0.0308147     -0.0252162     -0.0652399      0.0109445       0.013342        4.27052     -0.0453164     -0.0192731
       0.128221      0.0250717       0.130114      0.0290241    -0.00995296     -0.0285942     -0.0251921     -0.0484453      0.0106927      0.0106586        3.36411     -0.0942858    -0.00773874
       0.127042      0.0242093        0.12938      0.0279418     -0.0168645     -0.0262376     -0.0306253     -0.0514391       0.011267     0.00631832        4.79767    0.000556622     0.00464276
       0.123537      0.0240161       0.127358      0.0268265     -0.0453429     -0.0267151     -0.0444281     -0.0292143      0.0118377     0.00357984        6.14618      -0.140759      0.0990501
       0.122572      0.0236028       0.126229      0.0262353     -0.0289381     -0.0154415     -0.0494115     -0.0411395      0.0118651     0.00194155        6.88672      0.0529664      0.0228873
       0.121818      0.0220862       0.125266      0.0250925     -0.0236808     -0.0262279     -0.0481699     -0.0399965     0.00862164    -0.00319017        5.47048       0.112062     -0.0876393
        0.12069      0.0228999       0.124156      0.0245785     -0.0263531     -0.0137259     -0.0462746     -0.0153085     0.00650639    -0.00430895        4.98593     -0.0459964      -0.131132
       0.118205      0.0210831       0.122056      0.0234079     -0.0479919     -0.0266575     -0.0379818     -0.0280224     0.00800139    2.10881e-05        6.58812     -0.0800136       0.129432
       0.117096      0.0201288       0.121027      0.0225139     -0.0270283     -0.0219764     -0.0572905     -0.0307003      0.0130293     0.00116025        5.25216      -0.057546     -0.0263811
       0.116968      0.0186328       0.119803      0.0217579      -0.029131     -0.0185259      -0.025056     -0.0517584      0.0117237    -0.00208164        4.26645       0.243384       0.226991
       0.113918      0.0183039       0.117815      0.0205572      -0.045858     -0.0277888     -0.0505037     -0.0160266       0.010009    -0.00531317        6.22596     -0.0613178       0.151951
       0.114298      0.0179207       0.116827      0.0201111     -0.0259357      -0.012414      -0.028921     -0.0334879     0.00176484     0.00342213        4.83722       0.040812       0.148828
       0.114772      0.0155669       0.116169       0.018942     -0.0167997     -0.0264942     -0.0181718      -0.047101    -0.00592583     0.00636755        5.88902       0.117886      0.0417684
       0.115092      0.0140221       0.115698      0.0176376     -0.0118609     -0.0308252    -0.00818047     -0.0439223     -0.0114359     0.00508093        9.53435       0.030652     -0.0658116
       0.115503      0.0119625       0.115155      0.0160089     -0.0128989     -0.0382609      0.0128899     -0.0480792     -0.0143679     0.00868069        8.59092     -0.0783254       0.059588
       0.114739     0.00624467       0.114448      0.0130674     -0.0165632      -0.067364     0.00811083      -0.093427     -0.0134693      0.0115075        9.31312      0.0902897      0.0769118
       0.113591      0.0064922       0.113949      0.0115538      -0.012443     -0.0394301      -0.010814     -0.0577392     -0.0138394     0.00944971         6.7943     -0.0899424      -0.173806
        0.11463     0.00502234       0.113732     0.00969429    -0.00592518     -0.0441076      0.0216143     -0.0554511     -0.0169019      0.0114318        4.98532      -0.180382     0.00702824
       0.113624     0.00378073       0.113695     0.00788641    -0.00140008      -0.043461     -0.0123609     -0.0462252     -0.0138647      0.0113274        4.35046      -0.286355      -0.305896
       0.114218    -0.00228432       0.113691     0.00392458   -0.000214198     -0.0899216      0.0149142      -0.072312     -0.0111771     0.00450824        5.92196      -0.293248      -0.100199
       0.113455    -0.00180906       0.113862      0.0022422     0.00366764     -0.0453315     -0.0135769     -0.0510923    -0.00292426    -0.00663663        7.91233      -0.117158      -0.236514
        0.11257     -0.0031003       0.113406    0.000582733     -0.0094947     -0.0403777    -0.00213893      -0.056983     0.00469309     -0.0188654        16.2315       0.283911      0.0314239
       0.110296     -0.0042163       0.112926    -0.00163261     -0.0113044     -0.0518893       -0.04483     -0.0188548      0.0141661     -0.0259012             15       0.101894      -0.147544
       0.110095    -0.00405373       0.112524    -0.00250099    -0.00981838     -0.0239459     -0.0271807     -0.0202722      0.0145769     -0.0153781        12.1063       0.178397      0.0248411
       0.109749    -0.00480338       0.112217    -0.00410458    -0.00760582      -0.037032     -0.0334102       0.013322      0.0187731    -0.00936295        15.3444      -0.283932      0.0736168
        0.10906    -0.00742068       0.111756    -0.00538235     -0.0107257      -0.031303      -0.035906     -0.0341265       0.020343    -0.00403906        13.7949    -0.00855592       0.108695
       0.108108    -0.00915582       0.111034    -0.00640585     -0.0166589      -0.025238     -0.0387573     -0.0450982      0.0179839    -0.00864114        11.6574       0.324186       0.114654
       0.105648    -0.00944299       0.109624    -0.00734968     -0.0321348     -0.0229106     -0.0549296     -0.0241329      0.0136614     -0.0146684        11.5837       0.295498      0.0159626
       0.105968    -0.00692897       0.108782    -0.00712914     -0.0214077     0.00247276     -0.0315293      0.0145325     0.00770957    -0.00106312        11.5517     -0.0451575       0.112252
       0.104692    -0.00861111       0.107888     -0.0073365     -0.0214382    -0.00423185     -0.0489306     -0.0244449     0.00686437      0.0122396        11.9193       0.072437     -0.0923819
       0.103844    -0.00939709        0.10692    -0.00768492     -0.0230538    -0.00794896     -0.0401324     -0.0205635     0.00364989      0.0145833        12.2929     -0.0213515      -0.115932
       0.101336     -0.0116619       0.104923    -0.00873722     -0.0454528     -0.0235246     -0.0364687     -0.0391511     0.00388331      0.0141662        20.3937     -0.0147298      0.0972964
        0.10118     -0.0106949       0.103997    -0.00861458     -0.0245267    0.000296606     -0.0338522     -0.0309153     0.00879222      0.0146694        17.2308      0.0314655       0.146785
       0.099538      -0.011468       0.102724    -0.00886208      -0.029962    -0.00531628      -0.042479     -0.0417085     0.00840682      0.0142543        17.0983       0.162661      0.0684892
      0.0963596     -0.0103408       0.100446    -0.00895489     -0.0521931    -0.00253636      -0.048465    -0.00885581     0.00249082      0.0142952        16.3792       -0.13809      0.0755227
      0.0976815     -0.0116149       0.099707    -0.00919701     -0.0211864     -0.0054834     -0.0209296     -0.0408228    -0.00224751      0.0205088        14.1781      0.0202998       0.124217
      0.0967302      -0.011765      0.0985196    -0.00953177     -0.0277665    -0.00777914     -0.0210404     -0.0269092    -0.00467807      0.0168865        13.1432     -0.0830841      0.0752379
      0.0967611     -0.0117598      0.0977712    -0.00979288     -0.0189422    -0.00641802     -0.0109492     -0.0262937    -0.00916904      0.0143442        10.0865      -0.108776      0.0220071
      0.0955597     -0.0119923      0.0967713     -0.0100318     -0.0234923    -0.00580152     -0.0166397     -0.0290753     -0.0133281      0.0131458        8.22001     -0.0440788      -0.110073
      0.0952295     -0.0134786      0.0958421     -0.0108828     -0.0224204     -0.0189626   -0.000295346     -0.0359687     -0.0143898     0.00895272        8.05954      0.0197451     -0.0097278
      0.0944668     -0.0131431      0.0955894     -0.0112565    -0.00770007    -0.00996749     -0.0263278     -0.0236942      -0.011211      0.0058869        7.09345      -0.010118      -0.347149
      0.0953894     -0.0128494      0.0953481     -0.0118134    -0.00598245     -0.0130256      0.0124805    -0.00444334     -0.0104663     0.00605272        8.26815      -0.223236     -0.0508717
      0.0951188     -0.0131862      0.0954706     -0.0122711     0.00204749     -0.0111894     -0.0092571     -0.0113466    0.000379029     0.00625907        10.4236      -0.201055      -0.105772
      0.0950587     -0.0157634      0.0956954     -0.0136626     0.00506057     -0.0311763    -0.00998961      -0.028753     0.00686437    0.000759113        13.1937        -0.0598     -0.0771332
      0.0944674     -0.0148296      0.0956449      -0.014056   -0.000584905     -0.0116145      -0.016632      -0.008844     0.00912947    -0.00880851        14.0388      0.0108061      -0.032494
      0.0942247     -0.0124791      0.0958145      -0.013781     0.00360482     0.00477817      -0.026277      0.0229057      0.0131622     -0.0126559        15.8706     -0.0651342     -0.0773588
      0.0920865     -0.0122243      0.0950785     -0.0135219     -0.0155372     0.00607384     -0.0421198      0.0120591      0.0151001     -0.0129423         15.576       0.104611     -0.0836222
      0.0925341     -0.0120249      0.0948073     -0.0134664    -0.00741135     0.00180792     -0.0241037      0.0222773      0.0178323      -0.014421        14.8255      0.0614909       0.123662
      0.0920239     -0.0110297      0.0942196     -0.0130708     -0.0134353       0.008725     -0.0237801      0.0306606       0.021306     -0.0134332        14.5456     -0.0197998       0.291081
      0.0898146    -0.00991525      0.0929919     -0.0122879     -0.0278607      0.0177838     -0.0421251      0.0302118      0.0195195    -0.00976182        12.3757     0.00210902       0.249111
      0.0886211     -0.0111199      0.0920901     -0.0119704     -0.0222657     0.00863631     -0.0543029    8.49795e-05     0.00898296    -0.00937308        9.56669       0.282644     -0.0468195
      0.0868002    -0.00717448      0.0903754    -0.00995346      -0.039265      0.0444288      -0.043749      0.0331943    -0.00246244    -0.00947119        8.01295       0.268884     -0.0766763
      0.0886778      -0.006654      0.0895266    -0.00892267     -0.0222591      0.0267079     0.00797668      0.0306618    -0.00388723    -0.00218607        9.60852        0.11753       0.323014
      0.0881107    -0.00848939      0.0885707    -0.00825384     -0.0228747      0.0171175   -5.30044e-05     -0.0173993    0.000119868      0.0130538        14.5176       0.317786       0.366264
      0.0877477      -0.005885      0.0881376    -0.00751505     -0.0116407      0.0176697     -0.0128014      0.0464218    -0.00749033      0.0194391        22.4196      -0.473811      0.0129807
      0.0887511     -0.0093025      0.0879855    -0.00716927    -0.00445096     0.00923589     0.00954966     -0.0584374     -0.0235053      0.0289682         19.248       0.158841      -0.159458
      0.0923329    -0.00991506      0.0886093    -0.00771791      0.0130285     -0.0109272      0.0631411      -0.018784     -0.0279264      0.0211918         16.113       -0.11657       0.114995
      0.0922359     -0.0108323       0.089207    -0.00760855      0.0142137     0.00126961       0.030459     -0.0633673     -0.0225372      0.0150089        12.9686       0.324162      -0.183987
      0.0940761      -0.010225      0.0900802    -0.00815208      0.0202835     -0.0116134      0.0599411     -0.0104392     -0.0230501      0.0177108        13.2214      -0.148862      -0.036966
      0.0955913     -0.0117908      0.0912271    -0.00879597      0.0268012     -0.0150692      0.0581465     -0.0442082     -0.0183117      0.0273483        10.0733      -0.103554     -0.0168168
      0.0958166     -0.0150484      0.0923072       -0.01051      0.0260092     -0.0385297        0.03937     -0.0577128     -0.0161266      0.0237588        9.78223      -0.145806      -0.180019
      0.0969955     -0.0169724      0.0935906     -0.0124632      0.0303228     -0.0460421      0.0418352     -0.0508266     -0.0155351      0.0175593        9.18758      -0.286023      -0.212942
       0.098891     -0.0178323      0.0953111     -0.0141058      0.0401943     -0.0400854      0.0430756     -0.0435661     -0.0103212      0.0120782        7.05039      -0.303102      -0.207092
        0.10361     -0.0215838      0.0985826     -0.0169599      0.0746843     -0.0656563      0.0580635     -0.0561822   -0.000970778     0.00195788        9.23704       -0.20271      -0.198185
       0.103597     -0.0201334      0.0998683     -0.0183792      0.0352406     -0.0372232       0.054941    -0.00938855     0.00963897     -0.0137686         13.367      -0.326874       0.120757
       0.103698      -0.020772       0.101554     -0.0193067      0.0399255      -0.023756      0.0158678     -0.0322245      0.0172222     -0.0219579        14.8311       0.207047     -0.0150703
       0.106234     -0.0203445       0.102909     -0.0203291      0.0332643     -0.0244598      0.0587675      0.0081075      0.0166697     -0.0332724        11.6554       0.168678       0.461383
       0.108699     -0.0221909       0.105508     -0.0216944      0.0594629     -0.0319348      0.0192297    -0.00564615       0.014674     -0.0325689        12.0623       0.309916     0.00773424
       0.109295     -0.0199337       0.106775     -0.0222091      0.0333262     -0.0143126      0.0274266      0.0584642     0.00129921     -0.0223549         11.903      -0.313187     -0.0990157
       0.111567     -0.0231008       0.108225     -0.0230819      0.0346437     -0.0202825       0.045122      -0.011344    -0.00608414     -0.0117414        11.7758      0.0430089    -0.00581561
       0.115418     -0.0247008       0.110721     -0.0246158      0.0573901     -0.0351619      0.0574329      0.0150453    -0.00100332      -0.019571        10.8602       -0.18603     0.00169392
       0.114935     -0.0232559       0.111304     -0.0244489       0.018317    8.86961e-05      0.0561961      0.0112199    7.45379e-06     -0.0211172        8.86027      0.0249864       0.262175
        0.11512     -0.0220754       0.112401     -0.0242732      0.0255375     0.00380491      0.0262636      0.0318124    2.76002e-05     -0.0263634        10.3736      0.0784851      0.0358825
        0.11597     -0.0212777       0.113038     -0.0239162      0.0163132      0.0080925      0.0429905      0.0347221    -0.00716477     -0.0289918        10.1929       0.145295       0.114394
       0.117811     -0.0204175       0.114135     -0.0231801      0.0253132      0.0167079      0.0477184      0.0334248     -0.0124469     -0.0260548        10.8671       0.241475      0.0684592
       0.121326      -0.018543       0.115949     -0.0221475      0.0417253      0.0239753      0.0733291      0.0535913     -0.0150136     -0.0205058        13.1216      0.0543225       0.117746
       0.121284     -0.0189902        0.11677      -0.021624      0.0219095      0.0137057      0.0568492      0.0351907     -0.0190582     -0.0112711        9.63198    0.000467685    -0.00110914
       0.120925     -0.0179416        0.11773     -0.0208429      0.0229213      0.0182411      0.0280269      0.0444506     -0.0241085    -0.00633575        16.8226      -0.183906      -0.418426
       0.122673     -0.0181866        0.11864     -0.0202718      0.0219537      0.0141603      0.0628598      0.0225044      -0.025794     -0.0061989         10.529     -0.0671829      -0.163458
       0.124817      -0.012749       0.120744     -0.0177521      0.0476344      0.0558416      0.0418074      0.0667748     -0.0137984     -0.0110195        14.7567      -0.118285      -0.336402
       0.124513     -0.0128423       0.121529     -0.0162228      0.0217223      0.0386177      0.0467562      0.0246994    -0.00511938     -0.0147749        12.1207       0.315049     -0.0437478
       0.123673    -0.00925561       0.122556     -0.0143392      0.0243569      0.0445468     0.00267524      0.0761407     0.00707585     -0.0187304        11.5696      0.0319848      -0.188446
        0.12451    -0.00640303       0.123429     -0.0123523      0.0212933      0.0473726      0.0198212      0.0841022     0.00967652    -0.00785567         9.5696      -0.213608      0.0734933
        0.12785    -0.00387951       0.125504    -0.00948282      0.0469476      0.0667175      0.0283554      0.0575721      0.0166733    -0.00144137        10.8179      0.0686745       0.181654
       0.127323    -0.00371066       0.126443     -0.0076026      0.0249729      0.0472846     0.00321324      0.0362228      0.0150543     -0.0100954        8.11275       0.361719      0.0883361
       0.127963   -0.000409173        0.12747    -0.00516441      0.0246918      0.0573932    -0.00193654      0.0612249      0.0073449     -0.0091113         6.6037       0.242522     -0.0389296
       0.129085    0.000940989       0.128316    -0.00278345      0.0207228      0.0571681     0.00841239      0.0365991     0.00332779     0.00627552        5.94379       0.324173    -0.00791025
       0.131974     0.00607912       0.129706    0.000532112      0.0320962       0.077333      0.0339024      0.0803043     0.00432819      0.0172732        8.39624      -0.125604       0.180872
       0.133643     0.00588315       0.130194     0.00203939      0.0137633      0.0402906      0.0690063      0.0519596     0.00372285      0.0301852        8.36324      -0.168598       0.239202
       0.131772     0.00613237       0.130555     0.00332067     0.00917994      0.0317047     -0.0115048       0.022215    -0.00355976       0.023538        3.57131     -0.0728626     -0.0731036
       0.131285     0.00670567       0.130974     0.00476519     0.00997045      0.0343719     0.00203593      0.0233996     -0.0131096      0.0162095        4.53134      -0.132746      -0.139151
       0.134177       0.010665       0.132011      0.0077738      0.0233886      0.0684232      0.0331064      0.0215204     -0.0115384      0.0126364        4.90905      0.0917238    -0.00623431
       0.134575       0.010383       0.132781     0.00845968      0.0189642      0.0216574      0.0193475      0.0294384    -0.00524908     0.00789331        3.94792      -0.107809     -0.0542119
       0.132744      0.0100569       0.132857     0.00913885     0.00353921      0.0168358     -0.0103851     0.00665438    -0.00432878      0.0103661        2.42275     -0.0600598      -0.233651
       0.134715     0.00918009       0.133577     0.00934376       0.015918     0.00610955      0.0231774    -0.00696825    -0.00268203     0.00856625        2.51704      0.0235276      0.0374963
       0.134797     0.00842395       0.134355     0.00914576      0.0183893    -0.00366589    -0.00276706    -0.00994974     0.00658328     0.00579284        1.74187      0.0169009     -0.0693877
       0.134557      0.0071869       0.134502     0.00877756     0.00500222    -0.00831957     0.00540953     -0.0261099     0.00684244     0.00592386        2.14453       0.133533       0.110575
       0.134076     0.00712779       0.134724     0.00857338     0.00531565    -0.00524229     -0.0145933     -0.0184166     0.00781542     0.00674998        3.27686      0.0821654      0.0191612
       0.133557     0.00682097       0.134541     0.00808065    -0.00342673     -0.0111671      -0.012219    -0.00928656     0.00449854      0.0121763        2.24026      -0.134458      0.0580187
       0.132443     0.00368821        0.13414     0.00668144    -0.00901758     -0.0313397     -0.0269265     -0.0397793     0.00331265      0.0159517         3.0444      -0.112985     -0.0483214
       0.133334     0.00184726       0.134177     0.00548479   -8.45427e-05     -0.0289816    -0.00864808     -0.0511854    0.000281874     0.00988935        2.51612       0.021142      0.0288788
       0.132752     0.00280394       0.133674     0.00481106     -0.0108798     -0.0174508    -0.00795134     -0.0180541     0.00109321     0.00483166        2.60329      -0.141879        0.13348
        0.13208     0.00221152       0.133045     0.00413656     -0.0146697     -0.0163142    -0.00841058     -0.0279038    0.000779453     0.00465547        2.13487     -0.0356051       0.206713
       0.129204   -0.000490543       0.131601     0.00232637     -0.0326608     -0.0407315     -0.0339375      -0.031256    -0.00418549    0.000507581        3.59512     -0.0778486      0.0411415
       0.129231   -0.000659519        0.13085     0.00144718      -0.019491     -0.0230637     -0.0202797      -0.027151     -0.0126852    -0.00157858        4.16006    -0.00283025     -0.0410198
       0.129653    -0.00122474        0.13026    0.000456409     -0.0147043      -0.023707     -0.0034064     -0.0186502     -0.0146658    -0.00443972         2.9112    -0.00318598    -0.00663274
       0.129509    -0.00146914       0.129707   -0.000268288     -0.0134132     -0.0180242     0.00121991      -0.013721     -0.0133876    -0.00490226        4.62032      0.0157528      0.0231327
       0.128009    -0.00174788       0.128743    -0.00101246     -0.0221531     -0.0178765     -0.0069653    -0.00392529     -0.0127503    -0.00489987        3.28559     -0.0611589     0.00770496
       0.128821    -0.00138876       0.128715    -0.00119827    -0.00283072    -0.00580123     0.00141772    -0.00281539     -0.0127757    -0.00481023        4.59918    -0.00179141      -0.047614
       0.128938    0.000392533       0.128715   -0.000778523   -0.000266657     0.00848648    0.000459579      0.0186014     -0.0128097    -0.00623156        7.46557     -0.0526398      -0.142324
       0.130051     0.00108818       0.129085   -0.000590153     0.00796267     0.00491743      0.0150784      0.0265055     -0.0119353    -0.00672246        8.41416       -0.13243     -0.0727862
       0.131475     0.00332326       0.129841    0.000741844      0.0171148      0.0292629      0.0229806      0.0262805    -0.00608414     -0.0088252        13.3657      0.0609153      0.0125811
       0.130467     0.00496264       0.130141     0.00191097     0.00819706      0.0281795    -0.00366113      0.0376041    -0.00215059     -0.0156808        11.4652       0.124444      -0.142628
       0.131457     0.00793819       0.130375     0.00357275     0.00586977      0.0387123      0.0254599      0.0607201    -0.00199014     -0.0144473        11.7171     -0.0164964       0.167463
       0.130325     0.00858523       0.130492      0.0049608     0.00311104      0.0338532     -0.0112915      0.0408704     0.00237316    -0.00887812        10.6015      0.0960574     -0.0307546
        0.13114       0.011372       0.130871     0.00723764     0.00850708      0.0525651     0.00424607      0.0465473    -0.00252372    -0.00837113        8.90324       0.187578     0.00145417
        0.13182       0.011495       0.130878     0.00823881    0.000991685      0.0268817      0.0216027      0.0455678    -0.00293094    -0.00536455        6.17319      0.0256967       0.232934
       0.131225       0.011441       0.131102     0.00950058     0.00493584      0.0299424    -0.00860552      0.0145446    -0.00294107     0.00227295        4.34772       0.182417     -0.0427809
       0.131249       0.011602       0.131173      0.0103984     0.00204497      0.0223881    -0.00137363      0.0138453     -0.0109656     0.00395607        5.92645       0.112741      -0.134345
       0.132494      0.0142407        0.13142      0.0120187     0.00552493      0.0372355      0.0202053      0.0315559     -0.0132051      0.0109613        5.01333     -0.0936292      0.0200506
       0.133162      0.0127277       0.131913      0.0126621      0.0112049      0.0176223      0.0155331      -0.011219    -0.00731986      0.0157598        3.93887      0.0829859      0.0219873
       0.132169       0.012275       0.132027      0.0128975     0.00358244     0.00684533     -0.0047829     -0.0078418    -0.00703364      0.0131721        3.54976     -0.0218088      -0.136388
       0.132933      0.0121615       0.132314      0.0132243     0.00656187     0.00774476      0.0118454      -0.019278    -0.00780064      0.0145877        3.09011      0.0244327     -0.0208405
       0.132889      0.0129336       0.132683       0.013623     0.00862814     0.00938541    -0.00249902    -0.00815392     -0.0037542      0.0147164        2.69923     -0.0872248      -0.102386
       0.131749      0.0119119       0.132434      0.0133379    -0.00452489     -0.0052186    -0.00881455     -0.0194377    -0.00199347       0.014653        4.13932      -0.118296     -0.0633223
        0.13089      0.0115971       0.132297      0.0132028    -0.00340399    -0.00343957     -0.0231438     -0.0242767     0.00248212       0.011448        3.98365     -0.0641365      -0.127043
       0.130134      0.0112511       0.131968      0.0127759    -0.00744815    -0.00956547     -0.0240399     -0.0187624     0.00521094     0.00631653        6.53023     -0.0881357       -0.07093
       0.128456      0.0106084       0.131324      0.0119138     -0.0146594      -0.019578     -0.0411103    -0.00982898      0.0103821      0.0035287         6.7799      -0.224738     -0.0936279
       0.128022     0.00919329       0.130819      0.0112072     -0.0123768     -0.0172199     -0.0339774     -0.0350629      0.0134521    6.38842e-05        9.73242      0.0489572       0.034433
       0.127724     0.00766011       0.130313      0.0103789     -0.0121653      -0.019615     -0.0306552     -0.0448754      0.0169938     -0.0088904        10.9334       0.340202        0.17091
       0.127124     0.00828749       0.129917     0.00982794     -0.0097569     -0.0138613     -0.0407765     -0.0131851      0.0165352    -0.00847937        10.2311       0.175062       0.108234
       0.124467      0.0042509       0.128601     0.00813889     -0.0294006     -0.0378697     -0.0593749     -0.0555259     0.00918049     0.00668668        11.3094       0.259187     -0.0345017
       0.125778     0.00345874       0.128082     0.00653175     -0.0141477      -0.038501      -0.021796      -0.017639     0.00420028      0.0152687        13.6855      -0.294917       0.153911
       0.125042    9.46166e-05       0.127305     0.00513479     -0.0182065     -0.0340245     -0.0302476     -0.0798001      0.0045361      0.0244828        14.3375      0.0213644       0.121611
       0.124482    -0.00064047       0.126594     0.00329681     -0.0171714     -0.0431028     -0.0282265      -0.031956   -0.000267085      0.0142603        13.7335      -0.404674      0.0610813
        0.12256    -0.00469107        0.12512     0.00103403     -0.0335612     -0.0531864     -0.0301041     -0.0864411    -0.00547403      0.0121251        8.68424     -0.0167149      0.0593838
       0.122359    -0.00385693        0.12443   -7.94029e-05     -0.0182635     -0.0293688     -0.0300846      -0.045541    -0.00834769    -0.00478972         5.7927     0.00154695     -0.0865331
       0.122551    -0.00341155       0.123953    -0.00105965     -0.0121342     -0.0241101     -0.0181805     -0.0273104     -0.0106845    -0.00449718         3.9473    -0.00553714      -0.124951
       0.122758    -0.00293255       0.123789    -0.00179468    -0.00474171     -0.0182878     -0.0154344    -0.00765306    -0.00866288    -0.00404514        2.47709      -0.121457      -0.166542
       0.121809    -0.00611358       0.122945    -0.00353325     -0.0187128     -0.0393818    -0.00515412     -0.0345099     -0.0028935    -0.00362588        3.94654    -0.00387678      0.0789974
       0.120492    -0.00580452       0.122271    -0.00417713     -0.0164252     -0.0178461     -0.0242212     -0.0207285     0.00376064    -0.00736059        4.12739      0.0697325      0.0642344
       0.119334    -0.00636274       0.121623    -0.00496513     -0.0156493     -0.0188054     -0.0332568     -0.0177254     0.00187403    -0.00831772        3.29318       0.120841     -0.0304707
       0.120214    -0.00600821       0.121417    -0.00528982    -0.00602018     -0.0088938     -0.0118893    -0.00698802    -0.00171905    -0.00551153        2.19303      0.0825538       0.061402
       0.119711    -0.00674705       0.120925    -0.00587458     -0.0112163     -0.0135201     -0.0149694    -0.00805939    -0.00170213   -0.000375879        3.65237     0.00606575      0.0745317
       0.119502    -0.00728109       0.120625    -0.00626865     -0.0076048    -0.00986408     -0.0160976      -0.012636    -0.00295657     0.00306224        4.26084     -0.0100558      0.0200558
       0.119292     -0.0065676       0.120431    -0.00626719    -0.00494119   -0.000954685     -0.0192078   -0.000614849    -0.00600904     0.00341402        2.59554      -0.100055      -0.103479
       0.119798    -0.00642696       0.120401    -0.00626982    -0.00116086   -0.000152318    -0.00707866    -0.00254656    -0.00695675     0.00323199        1.95459     -0.0829118     -0.0754316
        0.12075    -0.00494989       0.120787    -0.00555744     0.00823905      0.0153721    -0.00155263     0.00308528    -0.00400465    -0.00066222        1.55217      0.0323567     -0.0551521
       0.120624    -0.00419473       0.121077    -0.00509274     0.00708289      0.0115749     -0.0107372      0.0105691    0.000254336    -0.00520064        1.57066      0.0530445      -0.110091
       0.121286    -0.00375785       0.121238    -0.00458435      0.0041862      0.0121386      0.0080388     0.00736236     0.00251979    -0.00472201         1.9913       0.109422       0.130817
       0.121202      -0.002928       0.121559    -0.00390007     0.00734339      0.0159943    -0.00962674      0.0108819     0.00676555    -0.00253357        1.90737      0.0998301      0.0695087
       0.120846    -0.00218896       0.121589    -0.00310686     0.00139674      0.0187327     -0.0119899     0.00918873     0.00310117     0.00226866        2.22677      0.0861784      0.0380921
       0.121619     -0.0026983        0.12177    -0.00273027     0.00403472      0.0100076   -0.000288252    -0.00309398   -0.000244793     0.00650452        2.84824      0.0879511      0.0953461
       0.122185    -0.00279401       0.122193    -0.00224506     0.00955361      0.0114813    -0.00580604     -0.0124558     -0.0019117     0.00992845        5.96187       0.111785     -0.0288924
       0.122352    -0.00118902        0.12216    -0.00177603    0.000229395      0.0112793     0.00645533      0.0201598    -0.00666719      0.0144712        6.99268       -0.29416      0.0679863
       0.124303   -0.000945517       0.123193   -0.000719719      0.0223321      0.0239442      0.0088116     -0.0200421    -0.00683397      0.0186269        3.73231      0.0276798      -0.039758
       0.124642   -0.000964153       0.123806   -0.000317822      0.0154926      0.0110754     0.00601141     -0.0125524    -0.00803405     0.00843738        3.23983      0.0713731      -0.127053
       0.125495    0.000833536       0.124676     0.00044199      0.0203359      0.0175195     0.00502254     0.00684197    -0.00746494     0.00718354        2.73451     -0.0542576      -0.196792
       0.126921      0.0022072       0.125598     0.00120481      0.0219417       0.018229      0.0202766      0.0155489    -0.00248605      0.0105358        2.65976      -0.186698     -0.0223662
       0.128936    0.000685916       0.127086     0.00134693      0.0343456     0.00489261      0.0222419     -0.0203237     0.00575143     0.00973617        3.24572      0.0663672       0.066993
        0.12881   -0.000226859       0.128049     0.00088398      0.0242261    -0.00951049     0.00219144     -0.0120056     0.00667352     0.00136875        3.89796     0.00634742      -0.007932
       0.129426   -0.000253526       0.128985    0.000660477      0.0226312    -0.00577872    0.000724278     -0.0114455     0.00426692     0.00378429        4.17682      -0.016132     -0.0307353
       0.129649   -8.95715e-05       0.129549    0.000528469      0.0144522    -0.00342924   -0.000742059    -0.00629021      0.0041048      0.0046966        3.06904     -0.0680723     0.00949994
       0.130979    -0.00218782       0.130564   -0.000533123      0.0233713     -0.0232733     0.00115403     -0.0195359     0.00429231     0.00460445        3.95527     -0.0853624     0.00795418
       0.130963    -0.00217111       0.131066   -0.000909214      0.0131724     -0.0104509    -0.00475131     -0.0173063     0.00430769     0.00213574          2.615     -0.0268524      0.0108731
       0.130997    -0.00146265       0.131485   -0.000890541      0.0103736   -0.000641754     -0.0105658    -0.00974406     0.00431103     -0.0015334        1.96204      0.0544072     -0.0141258
       0.130795   -0.000519396       0.131611   -0.000565643     0.00377192     0.00695362     -0.0120425    -0.00214341     0.00428897    -0.00287725        1.68786       0.117178      0.0159799
       0.131772     0.00125026       0.132037    0.000244808     0.00957449      0.0182011    -0.00258014      0.0127727      0.0042941    -0.00174011        2.33688      0.0773522       0.101749
       0.131022    0.000697775        0.13185    0.000574169    -0.00308743     0.00893431     -0.0111834    -0.00379011     0.00414092     0.00320755        3.09276       0.145955       0.123399
       0.131199    0.000542719         0.1318    0.000918865    -0.00138409     0.00833886    -0.00722753    -0.00788057   -0.000135597      0.0068072        3.74645       0.135641        0.13937
       0.130589    0.000317156       0.131626     0.00099678    -0.00389972     0.00251685     -0.0202148     -0.0064398    -0.00529307      0.0125525        6.66392     -0.0309102     -0.0510128
       0.131598   -0.000738042       0.131698     0.00077549     0.00117461    -0.00452819     0.00136365     -0.0205274     -0.0108547      0.0181833        7.72488     -0.0895842     -0.0016663
       0.131213    -0.00119907       0.131582    0.000503769     -0.0023963    -0.00632199    -0.00812699     -0.0211964    -0.00946063      0.0174183        5.53332       -0.16543       -0.08823
       0.130354    -0.00268116        0.13139   -8.43239e-05    -0.00437849      -0.013335      -0.018853     -0.0405925    -0.00887948      0.0135035        5.38482    -0.00907703      -0.208738
        0.13109    -0.00300665       0.131037   -0.000862827    -0.00806798     -0.0181492      0.0166511     -0.0227052    -0.00501197      0.0063511        5.56681      -0.108822       0.196912
       0.128568     -0.0044106       0.129986     -0.0019018     -0.0235057     -0.0242567      -0.017818     -0.0337498     0.00330705     0.00543283        6.23543     -0.0444076       0.200588
       0.126588     -0.0052344       0.129248    -0.00256205     -0.0183083      -0.016687     -0.0461702     -0.0417767    -0.00314921     0.00212978        3.81298       0.163987       -0.14494
       0.127444    -0.00299455       0.128971    -0.00269236    -0.00781205     -0.0044834     -0.0190194      0.0103243     -0.0119116   -7.91669e-05        3.64771      -0.185519      -0.154851
        0.12795    -0.00314377        0.12874    -0.00268917    -0.00577365   -0.000379541    -0.00687972     -0.0117553    -0.00549632     0.00719999        4.24678      -0.046241     -0.0536974
       0.126653    -0.00347573       0.128181    -0.00307831     -0.0126331    -0.00844332     -0.0207984   -0.000957948     0.00113923      0.0015447        5.96214      -0.113391     -0.0466408
       0.126238     -0.0023463       0.127914    -0.00279362    -0.00704916     0.00530499     -0.0230491     0.00441887     0.00344843    -0.00153137        4.96283     -0.0484111     -0.0378762
       0.125613   -0.000374728       0.127504    -0.00210606    -0.00954526      0.0153818     -0.0247991      0.0245795     0.00494856    -0.00568546        7.17321     -0.0738255    -0.00206642
       0.124869    0.000625818       0.127152    -0.00163353    -0.00856985      0.0117448     -0.0338891      0.0325365     0.00635654    -0.00783111        7.44602      -0.111916     -0.0576049
       0.124178     0.00522143       0.126447    0.000726147     -0.0160748      0.0521435     -0.0248726      0.0529027     0.00662917     -0.0106943        12.5195     0.00856553       0.085414
        0.12258     0.00581709       0.125819     0.00192848     -0.0151693      0.0311848     -0.0518373      0.0461924     0.00875122     -0.0157566        9.32338       0.130827      -0.112203
       0.123241     0.00765985       0.125474     0.00364862    -0.00898645      0.0402736     -0.0237649      0.0464508     0.00610763     -0.0154498        8.58962       0.229884      0.0489792
       0.122648     0.00998605       0.124637     0.00537041     -0.0189757      0.0412179     -0.0183561      0.0644333     0.00893861     -0.0100378        6.55421      0.0475437       0.249763
       0.120905       0.013081       0.123759     0.00799923      -0.020854      0.0609043     -0.0428303      0.0595993     0.00799936   -0.000222456        6.51188      0.0753943      0.0947321
       0.121426      0.0120086       0.123215      0.0091297     -0.0138336      0.0305085     -0.0193407      0.0312615    -0.00211626     0.00215029        4.66022       0.124903       0.142604
       0.121314      0.0118158       0.122621      0.0102542     -0.0142218        0.02734     -0.0172182      0.0125159    -0.00672668     0.00436722        6.01774       0.203423      0.0722369
       0.122445      0.0115273       0.122376      0.0107425    -0.00671525      0.0132825      0.0072004       0.013296     -0.0134781      0.0109185        9.39167      0.0140517       0.157401
       0.122563      0.0132923       0.122353      0.0124299    -0.00116768       0.037776    -0.00317293    0.000170598     -0.0165339      0.0192426        7.37233        0.11261     -0.0711465
       0.123339      0.0123141       0.122561      0.0126566     0.00437969     0.00867324      0.0084422     -0.0026473     -0.0226563      0.0204453        4.81447     -0.0677491      -0.170729
       0.125791       0.011419       0.123575      0.0124828      0.0223377    -0.00288753      0.0298517     -0.0103949     -0.0208973       0.023587        4.63034      -0.241249      -0.131153
       0.126485      0.0112857       0.124449      0.0127144      0.0211224     0.00471402      0.0239501     -0.0261947      -0.013691      0.0221389        4.05074      -0.107127      -0.138559
       0.129709      0.0110771       0.126572      0.0126367      0.0479666    -0.00120539      0.0361753     -0.0246399    -0.00788063      0.0122231        4.39298     -0.0125835      -0.131507
       0.128951      0.0121867       0.127487      0.0127261      0.0245679     0.00180963      0.0123287    -0.00419443   -0.000865158     0.00684201        5.28309      -0.091765      -0.170605
       0.130562      0.0129546       0.128984      0.0128386      0.0347804     0.00261044      0.0184724     0.00374112     0.00437099     0.00682377        7.36897      -0.146989     -0.0679017
       0.130589      0.0115403       0.130168      0.0123578      0.0290534     -0.0101243    -0.00418231     -0.0147563      0.0112821     0.00348352        9.39119    -0.00770651       -0.12745
       0.133685     0.00912377       0.132366      0.0110152      0.0503746     -0.0300122      0.0112964     -0.0229308      0.0141932    -0.00277306        7.37804      0.0298534     -0.0624502
       0.132797     0.00949136       0.133167      0.0104648      0.0223483     -0.0148904     -0.0117492    -0.00899579      0.0189537     -0.0035726        10.9332    -0.00105072     -0.0378681
       0.132084     0.00880907       0.133787     0.00984114       0.015635     -0.0149594     -0.0310093     -0.0140619      0.0215378     -0.0025766        10.1525      0.0614729     -0.0684725
       0.132134     0.00710319       0.134064     0.00858351     0.00754569     -0.0286607     -0.0237806     -0.0128422      0.0231946    -0.00219406        12.4039     -0.0322846       0.109811
       0.132187      0.0030433       0.134153     0.00677601     0.00265872      -0.041908     -0.0238342     -0.0576274      0.0261037    0.000992286        12.5558       0.254801       0.273148
       0.130087     0.00311812       0.133953     0.00557806     -0.0040394     -0.0300665     -0.0693199     -0.0199133      0.0229421    0.000832784        12.6364     0.00208713     -0.0865445
       0.130455    0.000424673       0.133724     0.00413479    -0.00534779     -0.0341813     -0.0429163     -0.0546945      0.0118036     0.00971578        12.7345        0.17081     -0.0351161
         0.1308   -0.000208885       0.133554     0.00313469    -0.00422464     -0.0250203      -0.037691     -0.0399937      0.0136597      0.0112989        13.2871      0.0810628     0.00389993
       0.129198     -0.0035382        0.13241     6.0215e-05     -0.0251275     -0.0689107     -0.0351036     -0.0164232      0.0159524      0.0165799         21.062      -0.583197       0.204099
       0.126512    -0.00730692       0.131551    -0.00192099     -0.0210589      -0.049685     -0.0850244      -0.086539      0.0147474      0.0171176         19.197     -0.0844032       -0.20508
       0.125615    -0.00874867       0.130412    -0.00400143     -0.0267105      -0.049906     -0.0602775      -0.057595     0.00603265     -0.0091113        15.1131     -0.0167307      -0.127709
       0.125806    -0.00677966        0.12968    -0.00456446     -0.0184849     -0.0171521     -0.0474615     -0.0299961       0.013036     -0.0140835         12.135       0.112504        0.01311
       0.121653    -0.00884551        0.12717    -0.00591892     -0.0560699     -0.0309717     -0.0627362     -0.0442329      0.0187137     -0.0134699        16.6743        0.33618       0.240699
       0.121844    -0.00868821       0.125839    -0.00727552     -0.0343473     -0.0323998     -0.0404606     0.00261927      0.0187423    -0.00835444        15.2668      -0.114832       0.496853
       0.120929     -0.0108283         0.1244    -0.00854536     -0.0345283     -0.0306684     -0.0426913     -0.0306042     0.00862843     0.00490712        16.0493     -0.0689206        0.45862
       0.119548     -0.0143187       0.123154    -0.00987579     -0.0303646     -0.0318042     -0.0594125     -0.0739851     -0.0175037    0.000276554        13.8273       0.371723     -0.0414311
       0.119133     -0.0144398       0.121267     -0.0122189     -0.0437894      -0.053791     -0.0151181       0.011181     -0.0355331    -0.00284864        19.0602      -0.552378      0.0592094
       0.119091     -0.0156165         0.1209     -0.0126005     -0.0123031      -0.013623      -0.042866     -0.0634586     -0.0345189     0.00974642        17.6775       0.093007      -0.562197
       0.119989     -0.0153062       0.120061      -0.013555     -0.0193627     -0.0219786      0.0184011     -0.0104193     -0.0343313    -0.00862862        9.20778      -0.119309      -0.144608
       0.119667     -0.0145526       0.119938     -0.0141853    -0.00458619     -0.0158124    -0.00669702     0.00223206     -0.0127588    -0.00974537        7.65918       -0.21068      -0.177283
       0.119579     -0.0147452       0.119427     -0.0140897     -0.0114925    0.000484069      0.0197493     -0.0240144    -0.00577408     -0.0114492        9.23141       0.215624        0.27862
       0.119172     -0.0132925       0.119468     -0.0139905   -0.000265084     0.00219074     -0.0079222      0.0147221   -0.000976142     -0.0192297        3.27821        0.13278       0.199417
       0.119066        -0.0124       0.119637     -0.0136831     0.00362537     0.00685907     -0.0150641       0.018551      -0.013483     -0.0102915        3.37205      0.0818198     -0.0191521
       0.121925     -0.0113845       0.120717     -0.0132658      0.0236982     0.00969853      0.0131573      0.0325278     -0.0220464    -0.00391032        4.74524      -0.142409     -0.0826713
       0.124938     -0.0112401       0.122104     -0.0126681      0.0323287      0.0138807      0.0391693      0.0139072     -0.0218348   -0.000715148        5.17807     -0.0427906      0.0192581
       0.124927     -0.0107675       0.123006      -0.012303      0.0227018     0.00927517      0.0173995      0.0229207     -0.0181463    -0.00571622        3.21171     -0.0961193      -0.121309
       0.125981     -0.0093832       0.123981     -0.0113534      0.0233243      0.0214391      0.0264267      0.0203784     -0.0179947    -0.00831581         5.0465      0.0393928     -0.0533365
       0.127572    -0.00803751       0.125195     -0.0102799      0.0285712      0.0253297      0.0311333      0.0242399     -0.0139449     -0.0117558        6.17368       0.151291      0.0318269
       0.131607    -0.00328756       0.127658    -0.00792429      0.0560553      0.0534151      0.0481516      0.0628313     -0.0101475     -0.0122366        7.84852      0.0124172      0.0690311
       0.131003    -0.00316773       0.128886    -0.00666573      0.0321285      0.0325265      0.0151903      0.0412684     -0.0105413    -0.00609244         6.3585      0.0431474      -0.150014
       0.132681    -0.00307511       0.130257    -0.00564056      0.0328183      0.0253961      0.0325786      0.0309614     -0.0133689     -0.0047263        3.78078      0.0407609     -0.0334886
       0.133545    -0.00164441       0.131604    -0.00452217      0.0323936      0.0266969      0.0184063      0.0414275    -0.00895422    -0.00366057        3.41367      -0.117101     -0.0869933
       0.137882     0.00345839       0.134187    -0.00151789      0.0590157      0.0675622      0.0471697      0.0586877    -0.00682908    -0.00204064        7.74335     -0.0740327      0.0446537
       0.137426     0.00415944       0.135458    0.000118885      0.0333599      0.0421105      0.0161992      0.0471487    -0.00411194    -0.00481023        6.65391     -0.0014073     -0.0510626
       0.137582     0.00653828       0.136398     0.00210382      0.0236322      0.0470857      0.0133309      0.0554697    -0.00534433    -0.00794138        8.75918    -0.00932275      0.0040196
       0.139101      0.0086104       0.137745     0.00417643      0.0314595      0.0494768      0.0132472      0.0512267    -0.00451094    -0.00835062        7.71823      0.0776387      0.0128994
       0.142012      0.0132543       0.139877     0.00737616      0.0492019      0.0740618      0.0191264      0.0704304    -0.00432878    -0.00848545        11.2278       0.105029       -0.05454
         0.1427      0.0137196       0.140789     0.00887774      0.0246238      0.0398403      0.0300578      0.0666476    -0.00434035    -0.00653435          7.069     -0.0817685       0.175541
       0.143302      0.0128363       0.141796      0.0101946      0.0242095      0.0324289      0.0160913      0.0204492    -0.00350541     -0.0023352        5.95222       0.179915       0.173226
       0.144595      0.0127805       0.142826       0.011047      0.0246789      0.0216542      0.0217793      0.0207133    -0.00926107    -0.00419248        6.84996       0.154033       0.179092
       0.147764      0.0162491        0.14489      0.0131194      0.0470517      0.0469287      0.0264583      0.0401672     -0.0187053    0.000839102        13.5891      0.0208626     -0.0536284
       0.148978      0.0158944        0.14599       0.014119      0.0284678      0.0262851      0.0395538      0.0189961      -0.025639     0.00768672        13.9009    -0.00310477     -0.0114493
       0.151817      0.0159139       0.147854      0.0148666      0.0430912      0.0187755      0.0495498      0.0131995     -0.0245516     0.00861739        16.8679      -0.091474    -0.00401219
       0.152546      0.0148541       0.149258      0.0153559      0.0346488      0.0124479      0.0367462     -0.0189531     -0.0234622     0.00854574        11.4075        0.13722      -0.100144
       0.159371      0.0177036       0.153089      0.0166051      0.0862003      0.0282262      0.0768144       0.018178     -0.0231675     0.00543069        18.8005     -0.0565727     -0.0778192
       0.159735      0.0178134       0.155069      0.0170356      0.0513866       0.012122      0.0534222      0.0120718     -0.0180559     0.00975453        15.1021      -0.188665      -0.121413
       0.161588      0.0173599       0.157247      0.0172657      0.0521828     0.00618204      0.0543007    -0.00134324     -0.0148296     0.00784837        14.5804       -0.15541     -0.0305493
       0.163668      0.0168414       0.159435      0.0172178      0.0524938   -0.000415064      0.0529792    -0.00818944    -0.00989705    0.000221479        13.3107     -0.0581351      0.0670109
       0.170137       0.017531       0.164006      0.0173491        0.10398     0.00279336      0.0617648     0.00227895    -0.00749033    -0.00719692         24.496     -0.0215776      -0.151391
       0.167367      0.0203301       0.166477      0.0178396      0.0637799       0.010874     -0.0424391      0.0488986    -0.00839179     -0.0104407        20.1229       -0.15054      -0.184061
       0.171905      0.0205626       0.169142      0.0178008      0.0639236    0.000249023      0.0499429      0.0336183    -0.00592583     -0.0110195        24.1412      -0.156408     -0.0449521
         0.1758      0.0192526       0.171704      0.0180602      0.0617313     0.00562873      0.0450946     0.00585189     0.00146622     -0.0156462        25.7686      0.0572987     -0.0473699
       0.183544      0.0222334       0.176573      0.0191026       0.111345      0.0230784      0.0885519      0.0479231     0.00506288      -0.024083        39.7073     -0.0608974       0.145208
       0.182582      0.0219681        0.17879      0.0201428      0.0590339      0.0247756      0.0339448     0.00168846     0.00653202     -0.0228334        29.8879       0.482075      0.0150822
       0.183247      0.0250086       0.181031      0.0213307      0.0543119      0.0281361      0.0145079      0.0624634     0.00406403     -0.0225531        28.3308      0.0959771      -0.132068
       0.186985      0.0247387       0.182892       0.022123      0.0456131      0.0199271       0.072804      0.0319224     0.00152082     -0.0101421        25.5419      0.0667936       0.458118
       0.189772      0.0269728       0.186334      0.0243209      0.0789241      0.0494681      0.0130435      0.0225715     0.00434691     0.00106405        28.4786       0.202007      -0.117947
       0.191413      0.0276167       0.187965      0.0254212      0.0431205      0.0287131      0.0514691      0.0327191     -0.0110303     0.00231372        28.5522     -0.0168004       0.140332
       0.193115      0.0287526       0.189905      0.0270249      0.0462096      0.0375108      0.0322159      0.0143515    -0.00931745      0.0101596         28.148      0.0169645      0.0176013
        0.19182      0.0300992       0.190656      0.0286899      0.0208516      0.0397168     0.00481435      0.0105156     -0.0120156      0.0108243        24.8397      0.0414117      -0.172592
       0.196112       0.034943       0.193076      0.0314611      0.0543573      0.0638285      0.0357761      0.0451286     -0.0150052      0.0104233        31.8212      -0.136522      -0.134592
       0.199377      0.0350821         0.1954      0.0331863      0.0556322      0.0436483      0.0520666      0.0100484    -0.00872594       0.011041        31.1424      0.0672341       0.041611
       0.197493      0.0333777       0.196539      0.0344463      0.0301695      0.0315791    -0.00727858     -0.0572244    -0.00243658     0.00728391        22.3641       0.186896     -0.0320306
       0.199532      0.0345842       0.199168      0.0361661      0.0597923      0.0403069     -0.0120069     -0.0189773    -0.00171238     0.00622843        28.7273       0.186168      -0.246244
       0.209756      0.0430637       0.203609      0.0387151       0.101909      0.0590895      0.0976054      0.0874515    -0.00168341      0.0149722        70.0619      -0.427392       0.165144
       0.209076      0.0406756       0.205464      0.0394726      0.0502509       0.022271      0.0301956    -0.00182449     0.00744385      0.0227811         32.634      -0.205515      0.0132776
       0.209472      0.0389918       0.207465      0.0398145       0.048258     0.00961237      0.0147108     -0.0205915     0.00263566      0.0067253        32.8346     -0.0147009     -0.0760192
       0.209378      0.0416572       0.209377      0.0408047      0.0461269      0.0223492     -0.0265118      0.0129948   -0.000710186     -0.0065446        41.8204     -0.0992405      -0.485523
        0.21539      0.0469362       0.211621      0.0432924      0.0530688      0.0559688      0.0452255      0.0437261     0.00106937    -0.00805606        95.9539       0.602032      -0.682142
       0.215485      0.0483925       0.212843      0.0449473      0.0317088      0.0413422      0.0317088      0.0413422      0.0166938    -0.00943447          93.93       -0.33554     -0.0558659
       0.217229      0.0503785       0.214315       0.046764      0.0349631      0.0433747      0.0349631      0.0433747      0.0504057      0.0114727        96.6843      -0.316737       0.350572
       0.218678      0.0502885       0.215769      0.0478936      0.0349062      0.0287383      0.0349062      0.0287383      0.0529144     0.00205992        93.1569       0.216216      -0.177776
        0.21942      0.0511891       0.216969      0.0489851      0.0294136      0.0264485      0.0294136      0.0264485      0.0380551     -0.0141612        92.9101       0.255953       0.220797
       0.213905      0.0545179       0.215787      0.0508824     -0.0225912      0.0436269     -0.0225912      0.0436269      0.0430461    -0.00662423        80.4662      -0.350804       0.209239
       0.218517      0.0557888       0.215937      0.0526456    0.000980127      0.0424493      0.0609366      0.0329866      0.0407602     0.00573539        90.9453       0.126263     -0.0890652
       0.218539      0.0567245       0.216438       0.053976      0.0109207      0.0329806      0.0252111      0.0329823      0.0311866   -0.000136745        78.4911    -0.00253662     -0.0561123
       0.206329      0.0620658       0.211724      0.0570859      -0.100726      0.0704709     -0.0647443      0.0597599      0.0345801     0.00126444        56.1555      -0.034641      0.0310558
        0.20873       0.061667       0.211351      0.0582841     -0.0181402      0.0329294     -0.0314556      0.0405952      0.0369611     0.00204586        57.3885      0.0295346       0.104201
       0.207881      0.0626318       0.210208      0.0596776     -0.0265043      0.0333927      -0.027919      0.0354506      0.0367582     0.00156103        59.1686       0.188177      0.0818779
       0.206856      0.0638842       0.209101      0.0610617     -0.0265483      0.0332364     -0.0269399       0.033869      0.0325704     0.00162255        57.3387       0.111077       0.155998
        0.19984      0.0682265       0.205399       0.063757     -0.0826216      0.0615407     -0.0667125      0.0536345      0.0318155     0.00227903        55.2301       0.114351       0.246054
       0.198751      0.0683308       0.203401      0.0650391     -0.0514262       0.033847     -0.0557937      0.0395006      0.0318155     0.00227903        53.5261      0.0987764       0.137868
        0.19681      0.0688723       0.201233      0.0662165     -0.0519788      0.0288175     -0.0530688      0.0318698      0.0318155     0.00227903        51.8937       0.115255       0.197115
       0.194607      0.0688596       0.199022      0.0669658     -0.0529488      0.0190671     -0.0529831       0.022725      0.0318155     0.00227903        50.1155     -0.0324265     -0.0105774
       0.184183      0.0707346       0.193219      0.0683283      -0.130627      0.0313358      -0.108443      0.0288756      0.0318155     0.00227903        42.9053        0.09825     -0.0628005
        0.18334       0.069621       0.190367      0.0685114     -0.0746722     0.00708994     -0.0843211      0.0133144      0.0318155     0.00227903        40.2542      0.0248677       0.152237
       0.181597      0.0687875       0.187603      0.0684751     -0.0671764    -7.7161e-05     -0.0720749       0.003749      0.0318155     0.00227903         36.756       0.112919      0.0401238
        0.17821      0.0685917       0.184419      0.0684872     -0.0754893     0.00025557     -0.0745137     0.00125369      0.0318155     0.00227903        35.8172       0.105848      -0.265956
       0.166749      0.0677327       0.177661      0.0681434      -0.153515    -0.00740132      -0.130943    -0.00492846      0.0318155     0.00227903         32.064      -0.210204      -0.205269
       0.165857      0.0683132       0.174261      0.0682883     -0.0888005     0.00238968      -0.100841    0.000298789      0.0318155     0.00227903        32.2816      -0.196773       0.140345
       0.162905      0.0677572       0.170574      0.0680466     -0.0885059     -0.0049812     -0.0920303    -0.00347263      0.0318155     0.00227903        26.6103      -0.141816      0.0396735
       0.158345      0.0674866       0.166413      0.0678508     -0.0987304    -0.00472839     -0.0968161     -0.0043696      0.0318155     0.00227903        25.2873       0.129036       0.104354
       0.145398      0.0659665       0.158485      0.0670842      -0.181128     -0.0170302      -0.157039     -0.0134129      0.0318155     0.00227903        30.6555       0.193432       0.102378
       0.144764       0.066465        0.15459      0.0669974      -0.102249    -0.00357885      -0.117903    -0.00638858      0.0318155     0.00227903        26.7026     -0.0831545       0.137364
       0.141428      0.0658753       0.150326      0.0665824      -0.102323    -0.00932279      -0.106775    -0.00848445      0.0318155     0.00227903        24.7545      -0.274487       0.267967
       0.137702      0.0652027       0.146182      0.0660914     -0.0997439     -0.0115371      -0.101753     -0.0106649      0.0318155     0.00227903        24.3529      -0.169652       0.209806
       0.123354      0.0631957       0.137514      0.0649657      -0.197193     -0.0254696      -0.169924     -0.0212397      0.0318155     0.00227903        36.7045      -0.200543      -0.183191
       0.122562      0.0643716       0.133256      0.0649933      -0.111692    -0.00194958       -0.12833    -0.00746105      0.0318155     0.00227903         31.264      -0.146439     -0.0579499
       0.119677      0.0625266       0.128943      0.0639969      -0.104339     -0.0217168      -0.111193     -0.0176437      0.0318155     0.00227903        25.3046      -0.107481      -0.272266
       0.115556      0.0629863       0.124516      0.0637951       -0.10605    -0.00653086       -0.10752    -0.00970596      0.0318155     0.00227903         27.585     0.00599985     -0.0308887
      0.0999125      0.0608791       0.115148      0.0626375      -0.212953      -0.025658       -0.18283     -0.0211003      0.0318155     0.00227903        852.375      0.0470724      0.0153269
      0.0986758      0.0603408       0.110401      0.0619193      -0.123845     -0.0180787      -0.140698      -0.018942      0.0318155     0.00227903        240.062     -0.0374807     -0.0809049
      0.0948002      0.0597721       0.105364      0.0612243      -0.121185     -0.0168198       -0.12676     -0.0174262      0.0318155     0.00227903        38.5609       0.059061     -0.0251228
      0.0897289      0.0583429       0.100159       0.060189      -0.124528     -0.0240438      -0.125166      -0.022153      0.0318155     0.00227903         39.713      0.0523885     -0.0248217
      0.0717861      0.0545333      0.0893742       0.058008      -0.245413     -0.0495143      -0.211057     -0.0416968      0.0318155     0.00227903         884.15      0.0146828      0.0951845
      0.0703164      0.0535367       0.083874      0.0566151      -0.143345     -0.0350385      -0.162692     -0.0369409      0.0318155     0.00227903         1264.2      0.0233319     -0.0146545
      0.0661441      0.0523822      0.0781852      0.0552393      -0.137213     -0.0332217      -0.144493     -0.0342843      0.0318155     0.00227903        1461.54      0.0159011      0.0475197
      0.0617782      0.0510708      0.0728696      0.0538592      -0.128538     -0.0331311      -0.133096     -0.0334606      0.0318155     0.00227903        1260.12      0.0132111     -0.0060399
      0.0433634      0.0464318      0.0616818      0.0510446       -0.25451     -0.0641096      -0.219821     -0.0553528      0.0318155     0.00227903         1120.6      0.0218868       0.028279
      0.0411416      0.0452779       0.055648      0.0492652       -0.15578     -0.0448453      -0.174078     -0.0478474      0.0318155     0.00227903        1297.39       0.125909      0.0447703
      0.0382526      0.0443027      0.0502565      0.0477093      -0.132035     -0.0380916      -0.144047      -0.040879      0.0318155     0.00227903        1486.15     -0.0920153     -0.0204083
      0.0325278      0.0436498      0.0443445      0.0464583      -0.140902     -0.0308314      -0.141801     -0.0337022      0.0318155     0.00227903        1492.14    -0.00774696      0.0202884
        0.01202      0.0388706      0.0320466        0.04357      -0.279726     -0.0654699      -0.240319     -0.0563934      0.0318155     0.00227903        980.499     -0.0853576      -0.027678
       0.010718      0.0384456      0.0259471       0.042086      -0.159721     -0.0386017      -0.182749      -0.043685      0.0318155     0.00227903        1143.94      -0.127191    -0.00536655
      0.0147229      0.0376331      0.0233561      0.0406934     -0.0719377     -0.0339397      -0.103598     -0.0367241      0.0318155     0.00227903        1893.81     -0.0411195      0.0306993
      0.0255003      0.0385388      0.0255607      0.0402217       0.040425     -0.0135829   -0.000724467     -0.0201946      0.0318155     0.00227903        45.6639      0.0198934     -0.0092467
      0.0332717      0.0366069      0.0288365       0.038886      0.0748009     -0.0302102      0.0532222     -0.0273486      0.0318155     0.00227903        24.8302      0.0595268      0.0495596
      0.0343968      0.0367583      0.0305199      0.0383187      0.0438417     -0.0152751      0.0465218     -0.0187247      0.0318155     0.00227903        26.4326     0.00346562      -0.116803
      0.0340109      0.0357768      0.0314485      0.0374414      0.0244405     -0.0204756      0.0307495     -0.0199754      0.0318155     0.00227903        29.2369      0.0933559      0.0181581
      0.0348214      0.0360705      0.0325402       0.037103      0.0260249    -0.00935664      0.0273748     -0.0123906      0.0318155     0.00227903        31.8022     -0.0387173      0.0608387
      0.0373486      0.0338902      0.0342909      0.0358509      0.0404188     -0.0279826       0.036692     -0.0235278      0.0318155     0.00227903        25.0258      0.0103663    -0.00989315
      0.0371774      0.0332723      0.0350663      0.0350407        0.02079     -0.0202978      0.0253334     -0.0212207      0.0318155     0.00227903        27.8305      0.0336412      0.0479012
       0.037285      0.0333505       0.035719      0.0345752      0.0161764     -0.0120856      0.0187927     -0.0146956      0.0318155     0.00227903          29.97      -0.130342      0.0359371
       0.037694      0.0333853      0.0363452      0.0342391      0.0151436    -0.00846653      0.0161862     -0.0102463      0.0318155     0.00227903        30.6499     -0.0353704       0.162951
      0.0396936      0.0328987      0.0376021      0.0337815      0.0286635     -0.0107323      0.0250986     -0.0105934      0.0318155     0.00227903         28.392       0.173106     -0.0574545
      0.0394103      0.0329425      0.0380571      0.0335527      0.0126943    -0.00601426      0.0162383    -0.00732258      0.0318155     0.00227903        28.9968     -0.0469366     -0.0486238
      0.0389771      0.0323089      0.0382574      0.0331005     0.00559578     -0.0103696     0.00863651    -0.00949904      0.0318155     0.00227903        31.2884      0.0180134     -0.0586544
      0.0388535       0.032095      0.0384136      0.0327865     0.00393498    -0.00781826     0.00527827    -0.00829848      0.0318155     0.00227903        31.4381    -0.00888941       0.076891
      0.0373345      0.0312269      0.0378763       0.032211     -0.0112134     -0.0132135    -0.00650152     -0.0118092      0.0318155     0.00227903        35.2776       0.126492      0.0300235
      0.0366955      0.0312822      0.0374566      0.0319621     -0.0101859    -0.00669819     -0.0091332    -0.00815849      0.0318155     0.00227903        38.3648     -0.0947392       0.107356
      0.0365926      0.0320042      0.0372003      0.0320829    -0.00655571     0.00194051    -0.00729214    -0.00094492      0.0318155     0.00227903        37.3569      0.0710413      -0.015613
      0.0363992      0.0320838      0.0369428      0.0320881    -0.00621659    0.000305738    -0.00652389   -5.15931e-05      0.0318155     0.00227903        37.9279    -0.00618278     -0.0406707
      0.0357617      0.0324959      0.0365102      0.0322662    -0.00996597     0.00387855    -0.00898252     0.00275565      0.0318155     0.00227903        38.8493     -0.0364356      0.0384801
      0.0355937      0.0327957      0.0362288      0.0324591    -0.00707623     0.00455263    -0.00762088     0.00403921      0.0318155     0.00227903        38.9441      0.0168166     0.00631094
      0.0354557      0.0328413      0.0359884      0.0325723    -0.00589995      0.0029024    -0.00639164      0.0032272      0.0318155     0.00227903        40.1908     -0.0771717     -0.0180161
      0.0355086      0.0324314      0.0358604      0.0324695    -0.00335361    -0.00193119    -0.00422162   -0.000457365      0.0318155     0.00227903        39.3485     -0.0438904    -0.00980075
      0.0352099      0.0326752      0.0356285      0.0325693     -0.0053439     0.00196241    -0.00502325     0.00127105      0.0318155     0.00227903        38.5545     -0.0370648     -0.0092272
      0.0351707      0.0324024      0.0354945      0.0324779    -0.00343061     -0.0017776    -0.00388565   -0.000906556      0.0318155     0.00227903        38.0421      -0.130968       0.027393
      0.0350087      0.0323021      0.0353314      0.0324151    -0.00386595    -0.00153523    -0.00387158    -0.00135561      0.0318155     0.00227903        38.9614      0.0133211      0.0131359
      0.0349722      0.0322168      0.0352246      0.0323465    -0.00269252    -0.00163547    -0.00302939    -0.00155551      0.0318155     0.00227903        37.7975      0.0192292      -0.114737
      0.0346408      0.0319696      0.0350077      0.0322021    -0.00495352    -0.00328266    -0.00440377    -0.00278919      0.0318155     0.00227903        39.0978     -0.0487636     -0.0416343
      0.0342788      0.0320035      0.0347476      0.0321528    -0.00611407    -0.00139203    -0.00562541    -0.00179122      0.0318155     0.00227903        39.9318      -0.066463     -0.0416956
