    -0.00303166     -0.0283393     -0.0692256     -0.0152641       0.794327      -0.156904       0.794327      -0.156904    2.42623e-05     4.6489e-07        153.378       0.144027       0.427966     0.00600147      0.0178323
     -0.0574365     -0.0190781     -0.0693224     -0.0151479      0.0773427     0.00250982        0.14455     -0.0468669   -0.000238117    4.74334e-05        970.141       0.138966       0.429799      0.0177927      0.0535741
     -0.0626343     -0.0165819     -0.0692423     -0.0151286     0.00946381    0.000415286      0.0628813     -0.0052593     -0.0173677     0.00481712        877.786     -0.0465929        0.14428      0.0216422      0.0774937
     -0.0648138     -0.0163341     -0.0689472     -0.0151413     0.00732092    -0.00027439      0.0510105     -0.0205658     -0.0356372      0.0110185         777.03      0.0153889    -0.00695242      0.0203419      0.0832162
     -0.0609214     -0.0148298     -0.0662701     -0.0159929      0.0585566     -0.0183944      0.0494159      0.0526675     -0.0407471      0.0101759        681.143      -0.790931      -0.504547     -0.0119701      0.0619125
     -0.0561258     -0.0170867     -0.0650062     -0.0163616      0.0331569    -0.00796246       0.157661     -0.0328452     -0.0399459     0.00941311        779.702      -0.185789       0.353097     -0.0526642      0.0556073
     -0.0554318     -0.0145972      -0.063817     -0.0162899       0.029001     0.00154865       0.115475       0.035244     -0.0202516     -0.0217596        735.517      -0.312258       0.449072     -0.0734158       0.089026
     -0.0536724     -0.0110617     -0.0625729     -0.0165548      0.0297725    -0.00572167       0.130178       0.102195     -0.0381954     -0.0333235        763.139      -0.767778       0.592513      -0.118415       0.132419
     -0.0475977      -0.012281       -0.05917     -0.0153788      0.0764811      0.0254011        0.14261     -0.0161886     -0.0574486     -0.0460128        658.146       0.464394        0.37432       -0.13106       0.172694
     -0.0427761     -0.0104366     -0.0558689     -0.0144781      0.0789511      0.0194545       0.165531       0.058573     -0.0817007     -0.0756391        565.355       0.540732       0.117763     -0.0891814       0.193194
     -0.0374299    -0.00445575     -0.0525463     -0.0128319      0.0796646      0.0355578       0.201183       0.140375     -0.0960367     -0.0600395        436.152      0.0484549    -0.00534719     -0.0646342       0.197879
     -0.0303304    -0.00244932     -0.0488496     -0.0108067      0.0878141      0.0437452        0.26589       0.107484      -0.100015     -0.0331396         357.32      0.0964807       0.244968     -0.0585951       0.207865
     -0.0164143    -0.00350026      -0.041384    -0.00942715       0.170039      0.0297978       0.342456      0.0715332      -0.100088     -0.0311189         250.91       0.234802       0.452606     -0.0447915       0.236931
     -0.0107772    -0.00181596     -0.0370109    -0.00800962       0.111462      0.0306185       0.363932       0.103741      -0.108866     -0.0301209        295.596     -0.0797603       0.686405     -0.0383313       0.284388
     -0.0093321   -0.000684515     -0.0316998    -0.00557566       0.125867      0.0525737       0.227622      0.0387677      -0.131046     -0.0192071        322.297       0.252185      -0.157134     -0.0311458        0.30644
    -0.00675638     0.00188781     -0.0253214    -0.00308819       0.150359      0.0537293       0.220558      0.0827479      -0.158356     -0.0201868        254.328      0.0601043       -0.69864     -0.0181339       0.270787
      0.0189708     0.00943622     -0.0124579     0.00223862       0.292888       0.115059       0.433921      0.0679618       -0.15225     -0.0130507        148.476       0.407296      -0.478978     0.00133944       0.221724
     0.00841288     0.00917059     -0.0131676     0.00471296      0.0139588      0.0534459       0.331241      0.0967532      -0.122145    -0.00881888        119.954      0.0166672      -0.186903      0.0190043       0.193981
     0.00268839     0.00834204     -0.0182557      0.0046151      -0.108508    -0.00211391       0.349982      0.0479473      -0.101627      0.0065087        97.0397    -0.00282438        0.62534      0.0195813       0.212245
     -0.0110992     0.00509154     -0.0236449     0.00376421      -0.127257     -0.0183792       0.111754      0.0219085      -0.100262     0.00856839        370.568     -0.0895872     -0.0816924      0.0157309         0.2349
     -0.0253949     0.00152988     -0.0308855     0.00118467      -0.169121      -0.055718       0.105266      0.0234659      -0.128255     0.00780748        491.784      -0.402567      0.0971752    -0.00477538       0.235542
     -0.0224874    -0.00204651     -0.0313525     0.00025404     -0.0270009     -0.0201017       0.125526     -0.0533864      -0.125931     0.00340198        375.204     0.00452608     -0.0447193     -0.0213588       0.237729
     -0.0210525    -0.00206064     -0.0319422   -0.000506458     -0.0154367     -0.0164268       0.161047      -0.012946      -0.127519      -0.012615        333.357     -0.0555333     -0.0460348     -0.0234841       0.233948
     -0.0198931   -5.85837e-05     -0.0312695    -0.00115896      0.0129871     -0.0140941       0.143724      0.0327238      -0.126739     -0.0145068        314.062      -0.346262      -0.398507     -0.0402253        0.21543
      -0.017726     0.00170306     -0.0298305     -0.0017205      0.0323803     -0.0121293       0.164628      0.0629855      -0.124739     -0.0148261        314.571      -0.627329      -0.548612       -0.08079       0.175975
     -0.0116607    -0.00212716     -0.0274347    -0.00209007      0.0549886    -0.00798267       0.242213     -0.0482063      -0.108029     -0.0286521        179.823       0.356384     -0.0650259     -0.0920774       0.150413
    -0.00941931     0.00207371     -0.0247395    -0.00171959      0.0637147     0.00800244       0.199388      0.0822786      -0.079712     -0.0610683        266.568     -0.0786223      -0.170094     -0.0805045       0.140617
     -0.0147968     0.00756114     -0.0270113    0.000274162     -0.0427007       0.043065       0.209885      0.0959745     -0.0772253     -0.0485838        330.485    -0.00574245       0.557843     -0.0840187       0.156771
     -0.0374302      0.0183102     -0.0368338     0.00495892      -0.216436       0.101191      -0.028207       0.203371     -0.0728516      -0.046696        722.751      -0.517854     -0.0144932      -0.105835       0.179412
     -0.0373079      0.0143083     -0.0404492     0.00720762     -0.0997358      0.0485721      0.0997124      0.0336794     -0.0931326     -0.0492381        660.507       0.650974       0.646797      -0.100291        0.20575
     -0.0350878      0.0176723     -0.0427898      0.0101852     -0.0605306      0.0643149        0.12366       0.105853     -0.0956582     -0.0689018        572.232       0.572486       0.676017      -0.049317        0.26086
     -0.0359998      0.0204344     -0.0446375      0.0136931     -0.0459639      0.0757715         0.1023      0.0765876      -0.119977     -0.0455097          607.3       0.733212       0.232595     0.00508404       0.298717
     -0.0355415      0.0321298     -0.0453021      0.0202088     -0.0189521        0.14074       0.122441       0.192231      -0.154473     -0.0117457        517.824      0.0559424      -0.122342      0.0379639       0.303314
     -0.0279785      0.0297432      -0.044021      0.0229259      0.0257779      0.0586888       0.247722      0.0638527      -0.163344      0.0171933        379.286       0.295875      0.0879516      0.0526223       0.301883
     -0.0249531      0.0264554     -0.0420542      0.0255821      0.0450595      0.0573737       0.209283     -0.0119094      -0.158062      0.0204843        364.777        0.60048      -0.351099      0.0899696       0.290925
     -0.0150793      0.0377074     -0.0364526      0.0316182       0.125501        0.13038       0.300743       0.121829      -0.159373      0.0290705        270.885      -0.138624      -0.251302       0.109213       0.265829
     -0.0111505      0.0406686     -0.0322287      0.0347759       0.103786       0.068207       0.272445      0.0779592      -0.147272      0.0538392        397.193      -0.357995      -0.492641       0.088522       0.234836
    -0.00450559      0.0389115     -0.0271349      0.0369855       0.120405      0.0477262       0.320117     0.00157936       -0.13186      0.0459134        186.302      -0.211837      -0.347315      0.0647793       0.199841
     0.00150181      0.0413327     -0.0215195      0.0397345       0.133334      0.0593794       0.306393      0.0182805      -0.110584      0.0290745         189.89      -0.313131      -0.384449      0.0429058       0.169351
     0.00130281      0.0501019      -0.018099      0.0443562       0.087215      0.0998278       0.258659      0.0820792     -0.0969078       0.019801         95.118      -0.581763      -0.412093     0.00562143       0.136163
    -0.00850668      0.0719128     -0.0214304      0.0583949     -0.0632362       0.303235       0.209533       0.120162     -0.0817161     0.00792204        110.762       0.114847      0.0683609     -0.0138321       0.121845
     -0.0104919      0.0743885     -0.0218615      0.0646388     -0.0156341       0.134868       0.166713       0.102549     -0.0654919     -0.0153248        108.427       0.437099       0.274879     0.00916481       0.136144
     -0.0149353      0.0833132     -0.0216596      0.0717066     0.00279625       0.152666      0.0605053       0.151058     -0.0676549     -0.0126273        121.319        0.22646      -0.372517      0.0368118       0.132077
     -0.0117757      0.0883142     -0.0206023      0.0774366      0.0231186       0.123767       0.139728       0.137141     -0.0782511      0.0115197        95.3633     0.00762408     -0.0543508      0.0465651        0.11429
    0.000234117       0.100856     -0.0154364      0.0881608       0.113894       0.231643       0.221459       0.115771     -0.0614677      0.0199261         120.03       0.592952       0.228501      0.0715871       0.121545
    -0.00252767       0.101115     -0.0134749      0.0933895      0.0537578        0.11294       0.119797      0.0993097     -0.0589792      0.0206642        93.1138        0.28224      -0.285502        0.10805       0.119173
   -0.000417768       0.105969     -0.0101853      0.0986613      0.0764325       0.113871       0.111416      0.0974991     -0.0673888      0.0429376        79.2206      -0.137908      -0.651914       0.114063      0.0801158
      0.0181285       0.118444    -0.00164217       0.108214       0.192174       0.206335       0.286123       0.107051     -0.0574214      0.0561542        85.1013       -0.13822       0.140063       0.102558      0.0587883
      0.0162156       0.113985     0.00267775       0.111981       0.112528      0.0813783       0.140294     -0.0128031     -0.0303585      0.0499552        66.1964       0.289979      -0.541781       0.108881      0.0420547
      0.0184559       0.119731     0.00622074       0.116426      0.0877814      0.0960046       0.180734      0.0516082     -0.0317989       0.044087        69.9482      -0.194261      0.0788973       0.112872      0.0227685
      0.0243933       0.120645      0.0116449       0.120389       0.125939      0.0856092       0.155905     -0.0372402    -0.00905841      0.0573344        61.6712       0.260308      0.0415427       0.115622      0.0277858
      0.0279711       0.125899      0.0171621       0.124144       0.131767      0.0811023       0.112989      0.0321021     -0.0110354       0.051448         63.323      -0.235816       -0.38058       0.116645        0.01366
      0.0446255        0.13446      0.0278567       0.130302       0.244179       0.133019       0.196747      0.0319717     -0.0133794      0.0588971        65.7671      -0.194353      -0.474793      0.0987215     -0.0219803
      0.0490654       0.131532      0.0344283       0.132262       0.166366      0.0423259       0.179737     -0.0282472    0.000481191      0.0523113        54.2607     -0.0727911       -0.25258      0.0875902      -0.052287
      0.0514181       0.132269      0.0404777       0.133438       0.147304      0.0253955        0.11953     -0.0122592      0.0211645      0.0423117        63.7636      -0.336525      -0.323938      0.0705361     -0.0763073
      0.0549911       0.130603        0.04551       0.135063       0.123428      0.0351065        0.12725      -0.107581      0.0309818      0.0400904         77.583       0.573519       0.302288      0.0804081     -0.0772105
      0.0697751       0.134315      0.0559077       0.136331       0.236934      0.0273914       0.152687    -0.00952725      0.0452922      0.0266161        69.1826       0.049503       0.172191       0.106366       -0.05744
      0.0683304        0.13371      0.0598892       0.136928       0.109694       0.012901      0.0961526     -0.0535767       0.034735      0.0467684         65.243      0.0412615       0.215386       0.110147     -0.0412911
       0.074575       0.131236      0.0649031       0.136781       0.119268    -0.00318325        0.13181     -0.0830398       0.025918      0.0531661         57.902      0.0820582       0.645977       0.115286    -0.00540677
      0.0900608       0.121985      0.0753172       0.133287       0.236872     -0.0754693       0.149494      -0.160611      0.0172612      0.0527286        61.1947       0.174291     -0.0165399       0.125967      0.0208263
      0.0886222       0.122721      0.0794716       0.132017       0.113423     -0.0274374        0.09197      -0.117484    -0.00826746      0.0553179        53.4146     -0.0717676      -0.446527       0.130238     0.00153828
      0.0931794       0.119842      0.0842943       0.130083       0.115512     -0.0417607       0.108519      -0.143665    -0.00912803      0.0627487        46.2123      -0.022782      -0.377926       0.126299     -0.0328186
      0.0971761       0.120944      0.0881779       0.128203       0.095436     -0.0406107       0.128156     -0.0649022      0.0158125      0.0599996        47.1701      -0.622984       0.078112      0.0993938      -0.045313
      0.0971464       0.111098      0.0917312       0.125483      0.0862955     -0.0587549      0.0428979      -0.255645      0.0312973      0.0582243        48.0002       0.635383      -0.180623      0.0999074     -0.0495826
       0.104794       0.108901      0.0977105       0.120269       0.137783      -0.112622      0.0786274     -0.0837535      0.0287952      0.0341591        46.7634      -0.531831      -0.230941       0.104224     -0.0667299
       0.106683       0.108081       0.100887       0.117226      0.0823808     -0.0657308      0.0782134      -0.120643      0.0338131       0.055236        38.7053      -0.527148       0.114078      0.0601015     -0.0715986
       0.107102       0.102819       0.103401       0.113527       0.062552     -0.0798993      0.0414536      -0.145824      0.0434261      0.0402706        33.7673      -0.312665       0.247257      0.0251107     -0.0565432
       0.107995      0.0976624       0.106526        0.10945       0.073751     -0.0880573     -0.0122927      -0.169043      0.0400494      0.0144874        37.5987       0.186555      -0.188557      0.0198555     -0.0540965
       0.109751      0.0783391       0.108541      0.0977368      0.0509007      -0.253013      0.0122958      -0.231216      0.0269355   -0.000574124        37.3052      0.0731172      -0.064667      0.0306754      -0.064648
       0.114462      0.0827681       0.110686      0.0938078       0.051414     -0.0848668      0.0701751      -0.128311      0.0330938     0.00673984        37.2108     -0.0811356       0.591543      0.0303411     -0.0426965
       0.112042      0.0787175       0.112585      0.0897996      0.0461687     -0.0865767     -0.0537429      -0.158125      0.0363185      0.0116771        33.8345       0.316396      -0.312135      0.0401416     -0.0310538
       0.119426      0.0642303       0.115948      0.0806671       0.077265      -0.197262      0.0545416      -0.196917      0.0137486     0.00894057         42.423       0.178803      0.0648961      0.0607753     -0.0413546
       0.119464      0.0636719       0.117795      0.0762284      0.0476069     -0.0958768     0.00264386       -0.15806      0.0236784      0.0201304        37.1636       0.110658      -0.174936      0.0728369     -0.0459406
       0.121739      0.0633034        0.11925      0.0718433      0.0361961     -0.0947162      0.0476566     -0.0704709      0.0245205      0.0296923        36.4501      -0.667796       0.287467      0.0496278     -0.0412558
       0.120697      0.0562334       0.119436      0.0669171     0.00762909      -0.106406       0.022197      -0.146411      0.0316722      0.0331181        29.1398      -0.369819       0.512635     0.00639677    -0.00793463
       0.119587      0.0499956        0.11992       0.061795      0.0112356      -0.110638     -0.0200116      -0.158793      0.0201777     0.00726341        11.6356     0.00585354       0.142317    -0.00876733      0.0193748
       0.122366      0.0335713       0.120788      0.0513268       0.019855      -0.226114      0.0248348      -0.221699   -0.000703272     -0.0103856        24.0827       0.210629       0.191736    0.000252724      0.0332899
       0.123788      0.0392739       0.121633      0.0483298      0.0202431     -0.0647347      0.0206864      -0.106567    -0.00707262    -0.00913383        15.9155       0.133779     -0.0582142      0.0146031      0.0388517
       0.125129      0.0370319       0.122712      0.0444382      0.0253256      -0.084059      0.0228624     -0.0829628     -0.0133466    0.000163901        13.5086     -0.0649393      -0.314136      0.0174713      0.0233369
       0.128595      0.0328893       0.124394      0.0404926      0.0388714      -0.085225        0.06015     -0.0931139    -0.00934285     0.00637363        11.5696     -0.0662028      -0.133524      0.0120068     0.00468493
       0.131173      0.0191859       0.126451      0.0319585       0.048325      -0.184335      0.0601167       -0.14516     0.00433821     0.00364314        14.4788      -0.268466     -0.0565208    -0.00193707    -0.00323466
       0.129991      0.0200132       0.127458      0.0281774       0.026569     -0.0816728      0.0254222     -0.0965611      0.0101965      0.0001068         6.6403      -0.254669      -0.145317     -0.0237342     -0.0116445
        0.13081      0.0189355       0.128682      0.0250281      0.0291046     -0.0680241      0.0263036     -0.0767239      0.0120717     -0.0105839        7.22874     -0.0696065     -0.0738997     -0.0372457     -0.0207779
       0.133681      0.0121542       0.131074      0.0193749      0.0545737       -0.12211      0.0221756     -0.0751077      0.0175731     -0.0218945        7.35827      -0.184655      -0.191729     -0.0478399     -0.0318452
       0.133166      0.0158332       0.132258      0.0168395      0.0310312     -0.0547642    -0.00923575      0.0306121      0.0211594     -0.0242918         12.385      -0.138147     -0.0510451     -0.0612904     -0.0419609
       0.134852      0.0114645       0.133173      0.0140896      0.0228727      -0.059397      0.0260649     -0.0410176      0.0296745     -0.0328246        12.1765     -0.0500674      0.0211494     -0.0691323     -0.0432045
       0.134827     0.00820963          0.134      0.0115345      0.0201379     -0.0551902     0.00501656     -0.0405991      0.0310721     -0.0384678        15.3177      0.0927342      0.0230419      -0.067355     -0.0413622
       0.134474     0.00545193       0.134611     0.00957359      0.0152132     -0.0423564    -0.00416135     -0.0745938      0.0309954     -0.0401306        15.9106       0.747415      0.0784779     -0.0323507     -0.0371333
       0.135067     0.00343547        0.13536     0.00609364       0.017714     -0.0751671    -0.00718449     0.00135048      0.0298707     -0.0367414        8.92753      0.0867262       0.103147     0.00240278     -0.0295668
       0.134894     0.00203152       0.135625      0.0045133     0.00749127     -0.0341352     -0.0120176     -0.0355877      0.0265829    -0.00667335        9.68766       0.190507       0.112427      0.0139542     -0.0205836
       0.134905    -0.00234528       0.135771     0.00189836     0.00389117     -0.0564826     -0.0139337     -0.0475226      0.0219622    5.56588e-05        20.1957      0.0504344      0.0872301      0.0239935     -0.0122657
       0.134939    -0.00508281        0.13572   -0.000216465   -0.000712627     -0.0456803     -0.0105931      -0.063627      0.0162695     0.00661277        20.0246      0.0811443       0.088381      0.0294762    -0.00494948
       0.134327     -0.0100727       0.135312    -0.00367746    -0.00887041     -0.0747576     -0.0128038     -0.0733899      0.0125808     0.00839232        29.8538     -0.0956979      0.0715913      0.0288696     0.00171709
       0.134995     -0.0103468       0.135013    -0.00488167    -0.00735782     -0.0260108     0.00793727     -0.0831409     0.00905806      0.0114441        21.7203       0.209964       0.233778      0.0336299      0.0144391
       0.132871    -0.00929289       0.134641    -0.00600695     -0.0087631      -0.024306      -0.042835     -0.0276609     0.00618941     0.00903057        18.6115      -0.208481      -0.320713      0.0336924      0.0108185
       0.133497     -0.0102697       0.134231     -0.0074509    -0.00972824     -0.0311895    -0.00113486     -0.0280749    -0.00270945      0.0152421        16.4949      -0.400516      -0.147784     0.00831699    -0.00870484
       0.132583     -0.0154953       0.133665     -0.0106914     -0.0132111     -0.0699946     -0.0137587     -0.0554295     0.00867111     0.00927793         19.185      -0.417961      -0.118613     -0.0257854     -0.0198032
       0.133389     -0.0147199       0.133228      -0.011933     -0.0107434     -0.0268179      0.0211889     -0.0393211      0.0170994     -0.0130936        14.1617      -0.189794        0.35047     -0.0511081     -0.0101433
       0.129902     -0.0129578       0.132462      -0.012713     -0.0176221      -0.016849     -0.0518329      0.0031742      0.0211747      -0.030137        18.7987      -0.101008       -0.11869     -0.0632251   -0.000485636
       0.131008     -0.0119322       0.132215     -0.0130894    -0.00710903      -0.008131    -0.00869237      0.0142711     0.00839502     -0.0375596         25.069      0.0842137      0.0222047     -0.0639258     -0.0045059
         0.1302     -0.0141041       0.131731     -0.0145743     -0.0111631     -0.0320736     -0.0250052      0.0112848      0.0112515     -0.0404904        19.3749       0.160759      -0.108679     -0.0537186    -0.00810811
       0.131214      -0.014003       0.131727     -0.0153307    -0.00119775     -0.0163382    -0.00175654      0.0246052      0.0121121     -0.0380341        18.1334        0.11292      0.0236991     -0.0423157     -0.0116471
       0.131296     -0.0143441       0.131343     -0.0159318     -0.0084255     -0.0129825      0.0087661      0.0278678      0.0154973     -0.0309185        16.9492      0.0296556       0.255359     -0.0363749   -2.02503e-05
       0.129683     -0.0167312       0.130976     -0.0166886    -0.00876494     -0.0163476     -0.0273386    -0.00810426      0.0156047     -0.0260916        12.3109       0.315324     -0.0344896     -0.0220015     0.00918293
       0.127933     -0.0174501       0.129983     -0.0176235     -0.0223098      -0.020194     -0.0280138       0.014494     0.00527925      -0.023625        9.64833      0.0768634      -0.133012    -0.00566075     0.00220442
        0.12995     -0.0166819       0.129879     -0.0177951    -0.00449112    -0.00370543      0.0123987      0.0234738     0.00496906     -0.0114492        5.96257      -0.135003       0.126713    -0.00808389      0.0019412
       0.128977     -0.0180948       0.129677     -0.0179896    -0.00481714    -0.00420102     -0.0175211    -0.00860039      0.0104162    -0.00718869        4.44415      0.0708234     -0.0959043     -0.0107586      0.0032258
       0.128271     -0.0191926       0.129048      -0.019004     -0.0140699     -0.0219115    -0.00446165      0.0104557     0.00740284     -0.0123797        4.13756      -0.181513      0.0122807     -0.0153713    -0.00026015
       0.127963     -0.0182001       0.128582     -0.0185094     -0.0114711       0.010682    -0.00535612    -0.00770298     0.00916869     -0.0118458        4.77722       0.136086      0.0561671     -0.0172631     0.00259447
       0.128381     -0.0177701       0.128498     -0.0184894    -0.00295631    0.000433432     0.00011804      0.0141542     0.00927455     -0.0173948        3.68484      0.0528114      0.0738055    -0.00939241     0.00800991
       0.127597     -0.0177971       0.128161     -0.0184666    -0.00757075    0.000492735     -0.0104892     0.00890208     0.00758189     -0.0117294        2.21826      0.0579422     -0.0438579    -0.00477765     0.00925875
       0.127984      -0.018133       0.128156     -0.0185735   -0.000862325    -0.00230918    -0.00318946     0.00827185     0.00399763    -0.00919951        2.20798    0.000480039     -0.0921944    -0.00234339     0.00358963
       0.127019     -0.0189923       0.127775     -0.0190762    -0.00830956     -0.0108596     -0.0123375      0.0066859      0.0047831    -0.00681235        2.39047      -0.115306      -0.162196    -0.00712812     -0.0070098
       0.127019     -0.0193504       0.127465     -0.0192986    -0.00753573    -0.00480291    0.000291156    -0.00193122     0.00869304    -0.00662841        2.61204     -0.0513072     0.00109572     -0.0140705      -0.013721
       0.127083     -0.0190376       0.127407     -0.0193563    -0.00201335    -0.00124626    -0.00244965     0.00500285      0.0154255     -0.0107168        2.65664     -0.0275071      0.0741815     -0.0173544     -0.0105852
       0.126009     -0.0194922       0.127061     -0.0195766    -0.00767408     -0.0047593     -0.0159833    -0.00105352      0.0160939     -0.0132431        2.98984      0.0763845      0.0252338     -0.0153179     -0.0064423
       0.125378     -0.0190437       0.126922     -0.0198269    -0.00376816    -0.00540488     -0.0278731       0.018497      0.0126372     -0.0144885        1.72057     -0.0791018      -0.159394     -0.0154311     -0.0120312
         0.1257     -0.0183367       0.126653      -0.019704    -0.00618841     0.00265362    -0.00688674      0.0210129      0.0114937     -0.0126394        2.05993      -0.122727    -0.00503184     -0.0238404     -0.0188817
       0.125527     -0.0190366       0.126506     -0.0197039    -0.00378117    2.49445e-06      -0.013363     0.00298673       0.016508     -0.0144128        2.52436      0.0734599      0.0186336     -0.0258939     -0.0183155
       0.124085     -0.0182997       0.125915     -0.0197075     -0.0131565   -7.70465e-05     -0.0253612      0.0254691      0.0172696      -0.019567        2.61496     -0.0384158     0.00130841     -0.0244335     -0.0174834
       0.124374     -0.0178298       0.125716     -0.0193713    -0.00560933     0.00726087     -0.0158205      0.0173569      0.0172051     -0.0181229        2.16808      0.0649187      0.0606426     -0.0233293     -0.0149027
       0.124233     -0.0172538         0.1256     -0.0188955    -0.00307566      0.0102774     -0.0216994      0.0203105      0.0169836     -0.0180696        1.70861        0.11859     -0.0139525     -0.0156832     -0.0129574
       0.123976     -0.0170181       0.125179     -0.0185632     -0.0093877     0.00717679     -0.0121451      0.0215748       0.013989     -0.0155684        1.24348      0.0857906      0.0772726    -0.00716737     -0.0103213
        0.12354     -0.0179233        0.12465     -0.0186106     -0.0123682    -0.00102253     -0.0113276     0.00891595      0.0137212     -0.0107168        3.50127       0.082518       0.142798   -0.000154538    -0.00115284
       0.123282      -0.017359       0.124332     -0.0183877     -0.0081162      0.0048149     -0.0157806      0.0186346      0.0114356    -0.00677754         4.2254      -0.064991       0.058344    0.000576019     0.00722694
       0.123099     -0.0189442       0.124073     -0.0185731    -0.00638906    -0.00400617     -0.0164023     -0.0112243     0.00547344    -0.00377716        4.44114      0.0897109     -0.0761098     0.00160599     0.00648737
       0.124333     -0.0189971       0.124206     -0.0186705       0.002217    -0.00210238     0.00432561    -0.00263133     0.00298339    -0.00525404        5.25793      0.0448622     -0.0253232     0.00721312     0.00226021
       0.124869     -0.0192049       0.124231     -0.0186251    0.000776274    0.000980119      0.0128665     -0.0117635     0.00547856    -0.00243939        6.28718       0.122208       0.084544      0.0141745     0.00472832
        0.12553     -0.0201108       0.124299     -0.0193509     0.00154018     -0.0156782      0.0233873     0.00044488     0.00648588   -0.000588548        9.95194      -0.144363       0.247886      0.0132513      0.0185781
       0.124715     -0.0222532         0.1243     -0.0199778    0.000170433     -0.0135408    -0.00230282     -0.0411395      0.0044815     0.00418113        11.6011       0.131991    -0.00914385      0.0127354      0.0285254
       0.125445     -0.0222807       0.124397     -0.0204363     0.00211078    -0.00990254      0.0160801     -0.0216245    -0.00558108    6.38842e-05        11.7739      0.0622836     -0.0226255      0.0208302       0.027205
       0.126659     -0.0227941       0.124723     -0.0212725     0.00725847     -0.0180627      0.0287561     -0.0113761    -0.00642687      0.0031197        12.9764      -0.163083      0.0150889      0.0166302      0.0268912
       0.128035     -0.0253911       0.125779     -0.0226681      0.0235301     -0.0301439      0.0212652     -0.0358107    -0.00542611     0.00641249        13.8395      -0.128731      -0.205936      0.0044713      0.0189404
        0.12829     -0.0253134        0.12652     -0.0234649      0.0183751     -0.0172124      0.0178754     -0.0206525    -0.00383955   -0.000801218        10.7087      -0.157613      -0.312214    -0.00745956    -0.00264875
       0.130097     -0.0257201       0.127647     -0.0242557      0.0261647      -0.017081      0.0359983     -0.0194591     0.00571198    -0.00662423         7.1087     -0.0749043      -0.123686     -0.0171476     -0.0208112
       0.129239     -0.0243588       0.128232     -0.0245061      0.0152555    -0.00540854     0.00886997     0.00804458      0.0182754     -0.0128911        8.06444      -0.145631      -0.111524     -0.0263364     -0.0306121
        0.13028     -0.0266971       0.129487     -0.0257115       0.028644     -0.0260364     0.00506064     -0.0152627      0.0234432     -0.0160427        10.7778      0.0262611     -0.0992064     -0.0313102     -0.0393929
       0.129737     -0.0263201       0.130159     -0.0265774      0.0173625     -0.0187042     -0.0124785      0.0148038      0.0269409     -0.0214528        8.60245      -0.127165      -0.119325     -0.0355147     -0.0484957
       0.129788     -0.0268763       0.130605     -0.0273626      0.0113825     -0.0169586    -0.00985878     0.00894266      0.0313908     -0.0218088        8.67125     -0.0773775      0.0336337     -0.0440372     -0.0520668
       0.128782     -0.0271191       0.130527     -0.0280301   -0.000553468     -0.0144196     -0.0235009      0.0167126      0.0359095     -0.0236065        10.0006     -0.0623382       0.129252     -0.0498588     -0.0452794
       0.128198     -0.0298384       0.130455     -0.0293436    -0.00161607     -0.0283719     -0.0330482     -0.0111969      0.0365347     -0.0285846        9.13249       0.202291       0.122532     -0.0440286     -0.0347881
       0.127326     -0.0280614       0.130084      -0.029392    -0.00816156    -0.00104401     -0.0406556      0.0230978      0.0311028     -0.0308018        8.04649       0.165923       0.057034     -0.0286864     -0.0273063
       0.126743     -0.0284682       0.129449     -0.0294988     -0.0145311    -0.00230753     -0.0348608      0.0113181      0.0256726      -0.023954        5.11897       0.255007      0.0827813     -0.0111481     -0.0214805
       0.125568     -0.0288896       0.128043     -0.0298631     -0.0318381    -0.00786811     -0.0204047      0.0223807      0.0232198     -0.0160245         6.5384      0.0292187       0.334547    0.000694752    -0.00409506
       0.124669     -0.0286864       0.127203     -0.0296364     -0.0213113     0.00489565     -0.0384749      0.0130278       0.019668    -0.00608422        6.57509     -0.0126638       0.129552     0.00138474      0.0152435
       0.123814     -0.0295426       0.126041     -0.0296757     -0.0272276   -0.000848316     -0.0272681    0.000446263     0.00617737    -0.00427414          8.606     0.00933915      0.0514737     0.00124598      0.0227842
       0.123344     -0.0287405        0.12532     -0.0294637     -0.0183155     0.00458006     -0.0330971       0.014332   -0.000434217    -0.00482429        8.42063      -0.120813      -0.241825    -0.00339849      0.0148544
       0.124838     -0.0286677       0.124736      -0.029225     -0.0144319     0.00515563      0.0179918     0.00445184    -0.00209063    -0.00513519        5.62716     -0.0480204       0.110578     -0.0104331     0.00938749
       0.122544     -0.0282475       0.123578     -0.0288932     -0.0264614     0.00716528      -0.013894     0.00611017     0.00645179    -0.00975765         5.1681      0.0279334      0.0329542     -0.0112704      0.0153666
       0.122356     -0.0282401       0.123082     -0.0288626      -0.013367    0.000661232    -0.00834952     0.00944117      0.0037964     -0.0122571        5.58265      0.0176519      -0.013327    -0.00937095      0.0161843
       0.122069     -0.0278089       0.122707       -0.02883    -0.00942404    0.000704925     -0.0109052      0.0185621     0.00162155     -0.0116946        5.35924     -0.0912677      -0.136572     -0.0124386     0.00993776
       0.123414     -0.0277531       0.122646     -0.0286741    -0.00225738     0.00336755      0.0203016      0.0106714     0.00182766     -0.0110093        5.00602     -0.0359388       0.092657     -0.0177389     0.00810766
       0.124911     -0.0282814       0.123225     -0.0286727      0.0122781    3.00944e-05      0.0234916     0.00116555     0.00864727     -0.0142206         7.4004       0.100337       0.126733     -0.0150559      0.0172482
       0.123757     -0.0279491       0.123488     -0.0285913     0.00690905     0.00175835     -0.0102297     0.00943894     0.00617737     -0.0159016        7.19991       0.102658      -0.247125    -0.00659786      0.0122323
       0.125364     -0.0268728       0.124086      -0.028303      0.0136019     0.00622761      0.0205336      0.0252962    0.000939909       -0.01293        6.80198     -0.0670367      -0.139096    -0.00511315    -0.00386131
       0.127053      -0.026735       0.124937     -0.0281972       0.019738     0.00228408      0.0319311      0.0246199     0.00945002    -0.00838949        5.36849      -0.195945      0.0314612     -0.0160709     -0.0083467
       0.128359     -0.0287759       0.126317      -0.028581      0.0317877    -0.00828879      0.0195769      -0.010567      0.0161175    -0.00997258        5.00855       0.058677     -0.0532047     -0.0217904    -0.00925192
       0.128066     -0.0272381       0.126671     -0.0284686      0.0108163     0.00242827      0.0228586      0.0245197       0.015567     -0.0180862        4.77173       -0.09495       0.114087     -0.0233016    -0.00671447
       0.129411     -0.0270037       0.127847     -0.0281495      0.0264929     0.00689169      0.0140297     0.00877498      0.0164432     -0.0167015        5.58811       0.100546      0.0175119     -0.0230686     -0.0012291
       0.129066     -0.0268605       0.128239       -0.02808       0.011123     0.00150049     0.00826891      0.0189782      0.0132489     -0.0187284        3.53656      0.0672185       -0.01657     -0.0160784    -0.00119147
       0.130552     -0.0260187       0.129231     -0.0278767      0.0225382     0.00439177      0.0136233      0.0313198      0.0123474     -0.0160797        3.34745     -0.0852153     -0.0587269     -0.0168282    -0.00432844
       0.129592      -0.026853       0.129307     -0.0278799     0.00388761   -6.87987e-05      0.0014304      0.0107397      0.0124005     -0.0129587        2.77419      0.0136296     -0.0806346     -0.0198109     -0.0101356
       0.129173     -0.0276171       0.129289     -0.0282007    4.77588e-06    -0.00692923   -0.000220792      0.0100901      0.0141338     -0.0151653          3.213     0.00579635     -0.0136126     -0.0190015     -0.0140626
       0.128866      -0.026434       0.129317     -0.0280877    0.000598825     0.00244147    -0.00709371      0.0295115        0.01758     -0.0155704        3.80163      -0.143405    -0.00345133      -0.024735     -0.0147745
        0.12772     -0.0273879       0.128602     -0.0283298      -0.015388    -0.00523063    -0.00387429      0.0105851      0.0191191     -0.0155602        4.42771     -0.0408102       0.184839     -0.0324108    -0.00721729
       0.127377     -0.0279972       0.128218     -0.0285076    -0.00983713    -0.00384013     -0.0099699     0.00253609       0.019266     -0.0199925        3.66847       0.141467       0.186586     -0.0282165     0.00825882
       0.125108     -0.0272639       0.127127     -0.0284787     -0.0245288    0.000625022     -0.0305076      0.0197132      0.0130072     -0.0224384        5.65463       0.107177    -0.00303011     -0.0178564      0.0159059
       0.125489     -0.0265807       0.126658     -0.0280763     -0.0125952     0.00869084     -0.0148829      0.0188008     0.00503904     -0.0175359        3.85843        0.13242     -0.0726078    -0.00787315      0.0127544
       0.125338     -0.0267811       0.125908     -0.0278704     -0.0174638     0.00444741    -0.00063443      0.0152948     0.00445432     -0.0125127         3.8969      0.0910532      0.0328819     0.00143862      0.0110993
       0.125543     -0.0272266       0.125541     -0.0278356    -0.00967617    0.000752279     0.00390674      0.0100872     0.00730926    -0.00610889        3.85293      0.0139515      0.0784111      0.0058136      0.0157356
       0.124866      -0.027156       0.125135     -0.0277188    -0.00972557     0.00252177    -0.00522182      0.0105096     0.00684578    -0.00275065         4.5025     -0.0899706     -0.0281517     0.00264645      0.0178275
       0.125115     -0.0282564       0.124921     -0.0279195    -0.00559357    -0.00433532     0.00494466    -0.00725555     0.00367886    -0.00220646        5.41181     -0.0159107     -0.0238045    -0.00176561      0.0156636
       0.126731     -0.0296531       0.125413     -0.0287002      0.0100583     -0.0168622      0.0184669    -0.00926456     0.00380129    -0.00486935        6.49831     -0.0556477     -0.0125625    -0.00474726      0.0141482
       0.127256     -0.0291428       0.125918     -0.0289496      0.0119097    -0.00538714        0.01421    0.000462454     0.00431103    -0.00604953        6.83234      -0.093021     -0.0980031     -0.0109418     0.00954056
       0.127713     -0.0289821       0.126288     -0.0292642     0.00919511    -0.00679534      0.0208129     0.00822997     0.00499982    -0.00813581        4.47541      -0.151963     -0.0342522     -0.0211494     0.00402927
       0.128083     -0.0298117       0.126893     -0.0297314      0.0139892     -0.0100908      0.0114103    -0.00332728       0.009116     -0.0121957        6.19684     -0.0120754      -0.105122     -0.0279841    -0.00177887
       0.129489     -0.0299948       0.127984     -0.0305235      0.0249646     -0.0171111      0.0156029      0.0176737      0.0113384     -0.0201191        6.60651      -0.164225      -0.138299     -0.0353304     -0.0119207
       0.129698      -0.029023       0.128616     -0.0303366      0.0161406     0.00403788      0.0134877       0.013126      0.0155144     -0.0210067        6.88781      0.0187294     -0.0741287     -0.0413929      -0.020771
       0.129318     -0.0277063       0.129118     -0.0298496      0.0124657      0.0105185    -0.00191554      0.0281487      0.0210913     -0.0264229        8.81939      0.0933959     -0.0922218      -0.036721     -0.0277029
       0.128913     -0.0274622       0.129317     -0.0296147     0.00554701       0.005074    -0.00493917      0.0292886      0.0242155     -0.0271593        7.75195       0.116767    0.000732877     -0.0279641     -0.0315155
       0.128566     -0.0250721        0.12942       -0.02867     0.00276624      0.0204066     -0.0118576      0.0552619      0.0275456     -0.0230684        5.40465     -0.0699365      0.0639422     -0.0260132     -0.0288211
       0.127689     -0.0255121       0.129315     -0.0280524    -0.00198255      0.0133406       -0.02582       0.027931      0.0276838     -0.0178367        4.16578      0.0749502       0.010877     -0.0258043     -0.0257039
       0.127645     -0.0262838       0.128987     -0.0278959    -0.00729538     0.00338075     -0.0120485       0.020741      0.0252993     -0.0204812        3.66605       0.110346       0.171775     -0.0180838     -0.0180936
       0.126616     -0.0247918       0.128373     -0.0269526      -0.013993       0.020374     -0.0234249      0.0260821      0.0243586     -0.0189471        3.53968       0.150083       0.156428    -0.00723278    -0.00441801
       0.122845     -0.0229921       0.126501     -0.0256268     -0.0418317      0.0286364     -0.0498711        0.03317      0.0173823     -0.0141899        4.12962       0.120423      0.0203259     0.00403833     0.00294971
       0.123567     -0.0246146       0.125617     -0.0253641     -0.0232707     0.00567553     -0.0190466     0.00551697      0.0108508    -0.00782062         9.3313       0.168929       0.129549      0.0160947      0.0091939
       0.122727     -0.0248847       0.124555     -0.0254093      -0.025259    -0.00097682     -0.0230319      0.0163363     0.00979251    -0.00278307        13.2462      -0.126884      0.0579548      0.0178456      0.0170064
       0.121787     -0.0269041       0.123788     -0.0258025     -0.0191076    -0.00849273     -0.0327053     -0.0198617     0.00514466     0.00367581        14.8296     -0.0255894      -0.199127      0.0114927      0.0111232
       0.119822     -0.0271776       0.122175     -0.0261945     -0.0367335    -0.00846634     -0.0240526    -0.00853555     0.00207001    -0.00172163        9.86626      -0.128389       -0.11621     0.00507689    -0.00201737
       0.120924     -0.0280156       0.121708     -0.0266372     -0.0137646    -0.00956386    -0.00153019     -0.0224143     0.00874287    -0.00360967        11.2468    0.000390047      0.0749902    -0.00025682    -0.00373588
       0.119633     -0.0272083       0.120958     -0.0265652     -0.0175874      0.0015565     -0.0177338     -0.0101579      0.0142207    -0.00838507        7.38974      0.0541298      0.0371184     0.00201511    0.000935078
       0.118714     -0.0291583       0.120278     -0.0275105     -0.0164395     -0.0204181     -0.0209709      -0.021478      0.0122587    -0.00924231        7.16013      0.0774251     -0.0188557     0.00749636      0.0016942
       0.118227     -0.0285169       0.119793     -0.0281134     -0.0121256     -0.0130229     -0.0233987      0.0079513      0.0104587    -0.00718678        9.57344      -0.237732      -0.122106    0.000817776    -0.00417874
       0.120207     -0.0305701       0.120067     -0.0290858     0.00471506     -0.0210056     0.00794654     -0.0228875      0.0112788    -0.00482429        9.72135      -0.100017      0.0409281     -0.0132549    -0.00756042
       0.119161     -0.0298269       0.120049     -0.0294903    6.93359e-05    -0.00873534     -0.0214764     0.00091863      0.0163919     -0.0150387         7.4241       -0.14742      -0.174037     -0.0235647     -0.0131065
       0.119668     -0.0299087       0.120292     -0.0298602     0.00525977    -0.00799175    -0.00865442    -0.00275678      0.0160155     -0.0198799        11.0984    -0.00936894      -0.136475      -0.030097      -0.026045
       0.121603      -0.030432        0.12087     -0.0298907      0.0130118    -0.00065753      0.0184517     -0.0205071      0.0218392     -0.0251774        11.7338        0.36903       0.156498     -0.0151117     -0.0252101
       0.120111      -0.027154       0.120912     -0.0294675     0.00220835     0.00914157     -0.0187079      0.0503521      0.0273517     -0.0259034        7.82264      -0.114596      0.0253265    -0.00451078     -0.0176346
       0.118896     -0.0285146        0.12085     -0.0293441    -0.00110654     0.00266392      -0.035573     0.00210917      0.0225348     -0.0117108        8.11492      0.0851589      -0.181253    -0.00573712     -0.0241322
       0.120927     -0.0279736       0.121302     -0.0290271     0.00964508     0.00684724     0.00158093      0.0182003      0.0216776      -0.014198        6.33572     -0.0275159      0.0414005    -0.00333516     -0.0299616
       0.121817     -0.0270681       0.121517     -0.0284339     0.00560934      0.0128132      0.0114461      0.0174376      0.0289671     -0.0118868        5.51778     -0.0376094       0.291046     -0.0060487     -0.0161089
       0.119917     -0.0276276       0.121273     -0.0281448     -0.0047183     0.00624531     -0.0277036     0.00125553      0.0285547     -0.0121609        6.29987      0.0946543      0.0583787    -0.00367162    -0.00154795
       0.120458      -0.025843       0.121462     -0.0272772     0.00362503      0.0187393        -0.0182      0.0196382      0.0165165      -0.013165        2.82942      0.0412754      -0.077696     0.00199223    -0.00235288
       0.121532     -0.0258918       0.121691     -0.0268821     0.00530555     0.00853474    -0.00165789        0.01261      0.0137094     -0.0110585        3.94587      0.0139257     -0.0545169     0.00429249    -0.00786098
       0.121912      -0.025401       0.121748     -0.0263344     0.00174994      0.0118306     0.00545477      0.0115882      0.0162149    -0.00885762        4.61072    -0.00913072       0.052226     0.00449228    -0.00795536
       0.120937     -0.0259113       0.121665     -0.0262737    -0.00161458     0.00131011     -0.0155605     0.00576017      0.0186557    -0.00825645        4.97205     -0.0536849     -0.0770663     0.00187445    -0.00899024
       0.120956     -0.0265065       0.121515     -0.0263551    -0.00340055     -0.0017563    -0.00389217    -0.00351575      0.0173993    -0.00822569        5.91873     -0.0155244      0.0213553    -0.00100929      -0.011311
       0.120501     -0.0267357       0.121222     -0.0263617    -0.00666905   -0.000144196      -0.008134    -0.00815126      0.0189489    -0.00983335         4.9734      0.0690115      0.0648526     0.00121975    -0.00771842
       0.120079     -0.0274303       0.120877     -0.0269829    -0.00812468     -0.0134176    -0.00874722     0.00153376      0.0189863     -0.0106022        5.57445     -0.0939219      0.0988111    0.000181675   -0.000897475
       0.118731     -0.0276539       0.120495      -0.027247    -0.00905302    -0.00570518     -0.0331143    -0.00606582      0.0168573    -0.00923396          6.961     -0.0553938      -0.172409    -0.00604008    -0.00396432
       0.119466     -0.0277733        0.12026     -0.0275119    -0.00599334    -0.00572087    -0.00403952    -0.00226641      0.0127226     -0.0115022        4.62025      -0.048978     -0.0196891     -0.0103889     -0.0119697
       0.119429     -0.0283081        0.12002      -0.027941    -0.00576479    -0.00926806    -0.00545811    -0.00458405      0.0182106     -0.0142185        5.06681    -0.00725007      0.0550477     -0.0127317      -0.010497
       0.118383     -0.0282124       0.119691     -0.0283344    -0.00768245    -0.00849889     -0.0213059     0.00660884      0.0199886     -0.0166913        7.52827     -0.0758064     -0.0396477     -0.0161924    -0.00985555
       0.119265     -0.0276758        0.11973       -0.02813    6.89256e-05     0.00441611    -0.00221711     0.00110307      0.0187987     -0.0170797        5.44578      0.0758763      0.0678492     -0.0161895    -0.00868156
       0.119008     -0.0273821       0.119795     -0.0281475     0.00141006   -0.000379036     -0.0167409      0.0136198       0.018935     -0.0198268        5.46249      0.0235861     -0.0708116     -0.0120451    -0.00880228
       0.119371     -0.0263825       0.120186     -0.0276793     0.00858095       0.010113     -0.0182816      0.0164814      0.0174099     -0.0183357        4.12433      0.0407649      -0.216089    -0.00936374     -0.0207565
        0.12074     -0.0248777       0.120656      -0.026753      0.0110128      0.0200086     0.00561629      0.0232928      0.0190832     -0.0167445        6.60813      0.0458438     -0.0288404    -0.00575505     -0.0309622
       0.120957     -0.0257836       0.120829     -0.0266519     0.00484795     0.00218518     0.00699723      0.0109054      0.0288667     -0.0145292        7.94012      0.0463801       0.182046    -0.00191236     -0.0245792
       0.119187     -0.0257569       0.120745     -0.0263337    -0.00134292     0.00687319      -0.031241     0.00525056      0.0294325     -0.0125618        7.59637      0.0823516      -0.031185     0.00345182     -0.0182946
        0.11962     -0.0257657       0.120674     -0.0261859    -0.00166927     0.00319206    -0.00974404      0.0073207      0.0233306     -0.0104469        9.53819      0.0126852      0.0910205     0.00741148        -0.0158
       0.120164     -0.0261276       0.120878     -0.0261582     0.00423635    0.000596979     -0.0127522     0.00036729      0.0228553    -0.00719692        8.06811     -0.0130351      0.0391995     0.00739717     -0.0103738
       0.120319     -0.0272535       0.120965     -0.0265534     0.00230478    -0.00853514     -0.0104397    -0.00866042      0.0206973    -0.00641156         8.7082     -0.0294781     0.00872627     0.00562572    -0.00837778
       0.119791     -0.0277803       0.120912     -0.0267462   -0.000917293    -0.00416397     -0.0208095     -0.0177258      0.0189932     -0.0065322        9.02443      0.0712949      -0.124752     0.00736809     -0.0132126
        0.12005     -0.0275278       0.120701     -0.0270188     -0.0046466    -0.00588892    -0.00241925   -0.000757202      0.0183982    -0.00807048        9.91102     -0.0748918      0.0473551     0.00721788     -0.0164375
       0.119772     -0.0292806       0.120622     -0.0278374     -0.0021596     -0.0176829     -0.0134179     -0.0197077      0.0219792    -0.00651182        11.2124     -0.0363859      0.0237176     0.00258112     -0.0134758
       0.118406     -0.0302701       0.120084     -0.0283922      -0.011839     -0.0119818      -0.024043     -0.0301094       0.021512    -0.00810732        10.5615       0.124225      -0.021457     0.00624084     -0.0133805
        0.11764      -0.030039       0.119599     -0.0290898     -0.0116722     -0.0150697     -0.0278531    -0.00155018      0.0205951    -0.00982107        11.0609      -0.126143      -0.069055     0.00616121     -0.0171517
       0.118016     -0.0304631       0.119462     -0.0295838    -0.00411132     -0.0106696     -0.0187749     -0.0113525      0.0206855    -0.00620497        13.0829      -0.111326     -0.0374885    -0.00373337     -0.0215923
       0.117835     -0.0324399        0.11899     -0.0305571     -0.0106178     -0.0210233    -0.00846873     -0.0280613      0.0229235    -0.00943877        13.0097      0.0302776       0.146059    -0.00711064       -0.01707
       0.117164     -0.0312325       0.118773     -0.0304472    -0.00573864     0.00237343     -0.0271246      -0.014526      0.0245051     -0.0146972        8.24253       0.159809      0.0132298    0.000810146     -0.0104328
       0.116681     -0.0305948       0.118518      -0.030417     -0.0060879    0.000653024     -0.0288732    -0.00031492      0.0185735     -0.0140835        6.65039      0.0958113      -0.101897      0.0114613     -0.0141261
       0.117515     -0.0285327       0.118409     -0.0296556    -0.00295712      0.0164449     -0.0068806      0.0186906      0.0174539    -0.00729109        6.43205     -0.0629688      0.0371971      0.0128303     -0.0168234
       0.116489     -0.0286241       0.117907     -0.0292092     -0.0111342     0.00964296     -0.0192438     0.00552781      0.0207844    -0.00283839        5.53486     -0.0629688      0.0371971     0.00758266     -0.0137247
       0.116115     -0.0298503       0.117564     -0.0294401    -0.00854158     -0.0049871     -0.0191547    -0.00565155      0.0204877    -0.00459124        7.15467     -0.0629688      0.0371971     0.00233555     -0.0106237
       0.116106     -0.0277662       0.117309     -0.0286241    -0.00635419      0.0176248     -0.0157626       0.010331      0.0192928    -0.00762249        4.53072     -0.0629688      0.0371971    -0.00291217    -0.00752395
       0.116129     -0.0276401       0.117085     -0.0283612    -0.00546227     0.00567842     -0.0123444     0.00945493       0.017471      -0.010314        6.11124     -0.0629688      0.0371971     -0.0081596    -0.00442389
       0.115145     -0.0250967       0.116676     -0.0270793    -0.00938416      0.0276905     -0.0252424      0.0227492      0.0155824     -0.0135354        6.14722      -0.004491       -0.10268     -0.0109703    -0.00715139
       0.114517      -0.024016         0.1162     -0.0262889     -0.0112365      0.0170719      -0.023001      0.0326459       0.014035     -0.0161102        4.59117     -0.0848336      -0.126925      -0.014692     -0.0167164
       0.115627     -0.0239667       0.116225      -0.025737   -0.000570685      0.0119213    -0.00241019      0.0202516      0.0168778     -0.0164784        4.07644     -0.0102587      0.0408588     -0.0186544      -0.020304
       0.114449      -0.022185       0.115681      -0.024548     -0.0118005      0.0256816     -0.0145762      0.0271789      0.0222775     -0.0195179         5.5389      0.0731608       0.102563     -0.0160333     -0.0143269
       0.112404     -0.0207409        0.11479      -0.023356     -0.0204297      0.0257476     -0.0343495      0.0319481      0.0235234     -0.0212216        4.29629       0.103409      0.0118284    -0.00867614    -0.00956233
       0.112606     -0.0209591       0.114545     -0.0227864      -0.007351      0.0123036     -0.0285875      0.0233921      0.0193271     -0.0189227        4.02072      0.0862223     -0.0738717   -0.000774866     -0.0121478
       0.112359     -0.0191467       0.114137     -0.0219491    -0.00954262      0.0180858     -0.0240802       0.047428      0.0186675     -0.0131672         6.1206      -0.220778     -0.0841484    -0.00638125     -0.0187325
       0.113346     -0.0208299       0.113614     -0.0217189     -0.0122517     0.00497269      0.0146893     0.00214676      0.0204331    -0.00963916        8.07013     0.00225426       0.360155      -0.015486    -0.00723333
       0.110255     -0.0208371       0.112503     -0.0213388      -0.025225     0.00821009     -0.0380381     0.00113097      0.0234893     -0.0172107         3.5584        0.16025      0.0958308     -0.0087149      0.0117655
       0.110556     -0.0193996          0.112     -0.0208161     -0.0133892      0.0112905     -0.0174394      0.0230483      0.0107178     -0.0186507        4.60713      0.0357243      0.0426033   -0.000549069      0.0175343
       0.112152     -0.0188539       0.112099     -0.0201296    0.000819029      0.0148286    0.000616137       0.013226     0.00571198     -0.0120834        6.76492       0.078273     -0.0200229     0.00420094       0.018477
       0.112977      -0.019498       0.112004     -0.0198413    -0.00197803     0.00622761      0.0192115     0.00123233     0.00505931     -0.0100399        5.97131        0.11869      0.0905602      0.0124078      0.0214152
       0.111388     -0.0203306       0.111313     -0.0200363       -0.01512    -0.00421257    0.000802137   -0.000785994     0.00501854     -0.0063727        8.06153      0.0013707     0.00634575      0.0174103      0.0254521
       0.110396      -0.021099       0.110606      -0.020024     -0.0167876    0.000264935   -0.000710399     -0.0207019     0.00244803    -0.00171365        8.25135       0.116134     -0.0366138      0.0223064      0.0241909
       0.111245     -0.0209901       0.110452     -0.0201349    -0.00500764    -0.00239612      0.0157631    -0.00634194     0.00200314    -0.00106312        10.9368      -0.054912      0.0290386       0.024857      0.0238762
       0.111085     -0.0211868       0.110312     -0.0202948    -0.00353145    -0.00345369     0.00956595    -0.00989999     0.00229317     0.00254081        11.0054      -0.146915     -0.0464819      0.0164475       0.023149
       0.112221     -0.0243688       0.110668      -0.021642     0.00734699     -0.0290983      0.0225349     -0.0371054     0.00218231     0.00186383         11.879     -0.0832909      -0.028559     0.00685549      0.0200238
       0.112182     -0.0232159       0.111019     -0.0221082     0.00831768     -0.0100694     0.00965268    -0.00676403     0.00243622     -0.0032822        7.53619      -0.237398      -0.185414    -0.00650664      0.0111108
       0.111894     -0.0244534       0.111106     -0.0227416      0.0027179     -0.0136821      0.0110087     -0.0315324      0.0042277    -0.00846924        6.32083      0.0522188      -0.161746     -0.0142227    -0.00335409
       0.112731      -0.023751       0.111487     -0.0232721     0.00848514      -0.011459      0.0216229     0.00165851      0.0118874     -0.0174745         6.6742     -0.0720853      0.0137905     -0.0150504    -0.00951873
       0.112274     -0.0245371       0.111704     -0.0241366     0.00554839     -0.0186725     0.00624025    -0.00116664      0.0189845     -0.0171002        5.21739     -0.0942553      0.0290406     -0.0219812     -0.0077345
        0.11205     -0.0246233       0.111905     -0.0244912     0.00488167    -0.00765966    0.000456817    -0.00377229      0.0206021      -0.016904         3.6906      0.0342264      0.0215681     -0.0244823    -0.00562659
       0.112333     -0.0246364       0.112246     -0.0249134     0.00785855    -0.00912057    -0.00200974     0.00711411      0.0194994     -0.0204198        3.62083      0.0264154     -0.0294392     -0.0219555    -0.00595492
       0.112285     -0.0237601       0.112565     -0.0248778     0.00767023    0.000769579    -0.00986418      0.0178298      0.0180742     -0.0212523        3.63308   -0.000220147      -0.147141      -0.020864     -0.0133116
       0.115106     -0.0229134       0.113444     -0.0244522      0.0197703     0.00919307      0.0325765       0.019146      0.0183367     -0.0199617        4.32903      0.0419267       0.180872     -0.0191263     -0.0119062
       0.114145     -0.0222695       0.113729     -0.0241932     0.00812224     0.00559522    -0.00168644      0.0311131      0.0236462     -0.0196284        2.20134     -0.0738221      0.0510892     -0.0204554    -0.00223903
       0.114143     -0.0221356       0.113845     -0.0238002     0.00332213     0.00848774     0.00592774      0.0189936      0.0181288     -0.0179942        2.42543      0.0195442       0.102569     -0.0227168     0.00416231
        0.11509     -0.0215385       0.114298     -0.0232424      0.0101201      0.0120494     0.00889222      0.0202527      0.0137553     -0.0184234        3.27214      0.0938399      0.0624892     -0.0179921      0.0110402
       0.115714     -0.0200236       0.114917     -0.0224576      0.0143778      0.0169516     0.00313819      0.0352784      0.0108631     -0.0193828        3.43833     0.00986543      -0.123466     -0.0136712     0.00849915
       0.116001     -0.0207414       0.115134     -0.0221691     0.00612944     0.00623091      0.0131233      0.0156792     0.00759727     -0.0170982        3.28779      0.0825581     -0.0746405    -0.00982028    0.000244617
       0.117049     -0.0198418       0.115523     -0.0215045      0.0090125      0.0143549      0.0263749      0.0223207      0.0107693     -0.0153026        2.49402      0.0499255       0.109078    -0.00430003     0.00167704
       0.117162     -0.0201294       0.116013     -0.0212236      0.0114901     0.00606692      0.0113241      0.0142656      0.0142991     -0.0123593        3.67696      0.0325087      0.0354796   -0.000865324     0.00769949
        0.11746     -0.0210386       0.116413     -0.0214356     0.00978353    -0.00457925      0.0126727     0.00844856      0.0129437     -0.0094489        4.60635     -0.0495148     0.00840758    -0.00157434     0.00952768
       0.118301     -0.0214487       0.117017     -0.0215514      0.0140252    -0.00249952      0.0143999     0.00135683      0.0103788    -0.00816859        4.06093     -0.0404658     -0.0456652    -0.00532354     0.00797462
        0.11921     -0.0220659       0.117724     -0.0218135      0.0166815    -0.00566233      0.0173062    -0.00397218     0.00993389    -0.00848962        3.34521     0.00273361     -0.0764764    -0.00689564      0.0028863
       0.119981     -0.0213786       0.118342     -0.0217215      0.0150001      0.0019874      0.0228519     0.00593524      0.0101673     -0.0102751        3.43199      -0.015823    -0.00617293    -0.00744106   -0.000556188
        0.11915     -0.0205049       0.118648     -0.0214552     0.00812383     0.00575217   -0.000154068      0.0148287      0.0134385     -0.0109787        2.18523     -0.0631924      -0.137933     -0.0107334    -0.00656039
       0.118712     -0.0212152       0.118543     -0.0215815    -0.00147077    -0.00272736     0.00711681     0.00329735      0.0141763     -0.0117273        3.72087    0.000483343     0.00946398     -0.0133463     -0.0119146
       0.117515     -0.0207509       0.118191     -0.0214767    -0.00773585     0.00226183    -0.00930073      0.0109824      0.0199307     -0.0144457        4.17689    -0.00683787       0.020152      -0.013611     -0.0106815
       0.116258     -0.0212402       0.117572     -0.0216715     -0.0141558    -0.00420597     -0.0156473     0.00623492      0.0218223     -0.0154928        4.97825      0.0134006      0.0534699     -0.0133375    -0.00761342
       0.112162     -0.0186729       0.115717     -0.0206988     -0.0414789      0.0210101     -0.0489944      0.0279581       0.021398     -0.0154827        8.43821     -0.0233798     -0.0666304     -0.0137532    -0.00816273
        0.11162     -0.0201989       0.114564     -0.0206981     -0.0290427    1.56507e-05     -0.0335095   -8.19657e-05      0.0188157     -0.0153026        5.82264        0.15274     0.00643262    -0.00836325     -0.0106723
       0.111568     -0.0200774       0.113749      -0.020839     -0.0205101    -0.00304541     -0.0249892      0.0180695      0.0201485     -0.0153189        4.90677     -0.0340348      0.0648981    -0.00341633    -0.00770156
       0.110762     -0.0197267       0.112503     -0.0204247     -0.0289678     0.00895042     -0.0117231     0.00417609      0.0201964     -0.0102505         6.0866      0.0708591       0.278834    -0.00188231     0.00662088
       0.106253     -0.0208882       0.110575     -0.0207501     -0.0445479    -0.00703014     -0.0705484    -4.9128e-05       0.018831     -0.0100665        6.95583      0.0319923      -0.192035     0.00240326      0.0102377
       0.106459     -0.0208966       0.109399     -0.0209443     -0.0298472    -0.00419402     -0.0318865     0.00482324     0.00950617    -0.00957979        5.01995     -0.0720508      -0.124543    0.000734329    -0.00295401
       0.107777     -0.0206762       0.108823     -0.0207312     -0.0154234     0.00460311    -0.00409706    -0.00318706       0.010348    -0.00785745        5.57719      0.0183982      0.0831775     -0.0015017    -0.00467746
       0.105152     -0.0212633       0.107339     -0.0209003     -0.0336098    -0.00365309     -0.0259821    -0.00561146      0.0177301    -0.00866569        6.45446      0.0479499      0.0928204     0.00126314     0.00265598
       0.100873     -0.0232952       0.104812      -0.021769     -0.0579369     -0.0187644     -0.0465328     -0.0212605       0.016445    -0.00947548        10.3975       0.101824      0.0883895     0.00750351      0.0102067
       0.101722     -0.0226097       0.104049     -0.0219097      -0.022284    -0.00303881     -0.0295488    -0.00636386       0.012015    -0.00800277        6.80784       0.018713     0.00767499       0.012526      0.0142088
       0.100665     -0.0237262       0.102674     -0.0224107     -0.0319245     -0.0108213     -0.0211022     -0.0183851      0.0084886     -0.0036626        7.59229      0.0334333      0.0274696       0.014699      0.0156736
       0.101204     -0.0236111       0.102013     -0.0226074      -0.017476    -0.00424842    -0.00545385     -0.0115024     0.00699205    -0.00168694        6.53006      -0.029396      0.0671692      0.0148673      0.0196185
      0.0975854     -0.0251016      0.0998511     -0.0234494     -0.0484373      -0.018188     -0.0240208     -0.0190399     0.00654382   -0.000930083        9.61053     -0.0905301      0.0647598     0.00987005      0.0251155
      0.0977922     -0.0252828      0.0991518      -0.023931     -0.0199471     -0.0104019     -0.0188308     -0.0166617     0.00344688   -0.000874889        6.03613      -0.101483     -0.0825997     0.00186968      0.0243721
      0.0977311     -0.0251685      0.0984677     -0.0242375     -0.0167727     -0.0066202    -0.00741004     -0.0123327    0.000692669    -0.00435199        5.96795     -0.0680445      -0.118645    -0.00519399      0.0159879
      0.0974074     -0.0253084      0.0978788     -0.0246677     -0.0143979    -0.00929156     -0.0035728    -0.00676217     0.00272757    -0.00890673        6.14749     -0.0623876      -0.108113     -0.0106287     0.00654078
      0.0954431     -0.0241238      0.0969601     -0.0245758      -0.021282     0.00198414     -0.0221061     0.00824172     0.00763291     -0.0121998        9.15216     -0.0800566      -0.199643     -0.0165638    -0.00628149
      0.0944947     -0.0235335      0.0962888     -0.0246018     -0.0166293   -0.000560729     -0.0229565      0.0187584      0.0125946     -0.0146214        11.3851      -0.144976      -0.183983       -0.02594     -0.0222663
       0.094773     -0.0229689      0.0956549     -0.0242917     -0.0153541     0.00669809     0.00292644      0.0138737      0.0197006     -0.0176587         12.478      -0.015833       0.189805     -0.0326402     -0.0220232
      0.0941127     -0.0235574      0.0950854     -0.0243494     -0.0138381    -0.00124791    -0.00797361     0.00644038      0.0276853     -0.0229787        13.4406       0.147994       0.312502     -0.0271338    -0.00109441
       0.090516     -0.0199898      0.0930943      -0.022913     -0.0443921      0.0310263      -0.027586      0.0382468      0.0226014     -0.0253737         9.2851       0.145464       0.347701     -0.0149063      0.0264163
      0.0913921     -0.0204703      0.0928112     -0.0222268     -0.0105522      0.0148233     -0.0261748      0.0161346     0.00898117     -0.0198531        10.4085       0.283588      0.0134072     0.00297117      0.0414619
      0.0923879     -0.0193524      0.0923283     -0.0215682     -0.0114875      0.0142247     0.00524367      0.0391661    -0.00504964     -0.0132775        12.7264     -0.0387462      -0.023619      0.0131721      0.0410366
      0.0936242     -0.0200405      0.0923138     -0.0209176    -0.00146112      0.0140541      0.0190625     0.00351669    -0.00959211    -0.00329043        13.9696      0.0779431     -0.0791272      0.0148053       0.036756
       0.093057     -0.0175366      0.0915354      -0.019346     -0.0169602      0.0339449      0.0323991      0.0226531    -0.00853508     0.00030731        9.55227     0.00351221       0.127583       0.018199      0.0387759
      0.0922967     -0.0166325      0.0909941     -0.0183136     -0.0133873      0.0223009      0.0200862      0.0232738    -0.00562066    1.89423e-05        10.5672      -0.123841      0.0836119      0.0131855       0.047576
      0.0919701     -0.0150989      0.0905501     -0.0170715      -0.010929       0.026829      0.0221523      0.0253856    -0.00852817     0.00107836         10.795      -0.187844      0.0314209    0.000198841       0.052371
      0.0917758     -0.0150379      0.0901973     -0.0162294    -0.00871386      0.0181888      0.0223694     0.00834624     -0.0123275    -0.00302852        11.9019     -0.0332276     -0.0660979    -0.00901305      0.0509257
      0.0934148     -0.0121225      0.0905624     -0.0147044     0.00701495      0.0329401      0.0422261      0.0335251     -0.0143661     -0.0106107        13.8073     -0.0557631      -0.043939      -0.012721      0.0463438
       0.093182     -0.0101793      0.0905065     -0.0134907    -0.00050566      0.0262176      0.0388565      0.0474306     -0.0136364     -0.0140057        13.7068      -0.175641     -0.0383253     -0.0223627      0.0429173
      0.0929145     -0.0101904      0.0907046     -0.0123544     0.00422831      0.0245437      0.0262616      0.0141424     -0.0115554     -0.0151061        15.3878       0.176507      -0.175749     -0.0223278      0.0339971
      0.0931056    -0.00890168      0.0909002     -0.0117681     0.00464651      0.0126641      0.0322562      0.0493774    -0.00985282     -0.0211582        14.9153       -0.10002      -0.134529     -0.0191416      0.0210686
      0.0954245    -0.00746344      0.0917488     -0.0102866      0.0187957      0.0320007      0.0593858      0.0250543    -0.00192386     -0.0177997        19.8078       0.157499       0.150627     -0.0167472       0.021739
      0.0941482    -0.00782265      0.0921598    -0.00967516      0.0107579      0.0132063      0.0164927      0.0230023     0.00398535     -0.0190597        14.3996       0.176222       -0.10137    -0.00284229      0.0237899
      0.0933318    -0.00705513      0.0922341    -0.00913109     0.00267916      0.0117519      0.0128172       0.034036     0.00168795     -0.0175768          11.97     -0.0359435      -0.171784     0.00300169      0.0124087
      0.0948325    -0.00659574      0.0926768     -0.0086047     0.00983101        0.01137      0.0374409      0.0310981     0.00116998    -0.00946118        5.34126      -0.191453      0.0633534    -0.00647332      0.0078907
      0.0954668    -0.00644699      0.0931389    -0.00767412      0.0109648      0.0201004      0.0349261     0.00431084     0.00790733    -0.00759984        6.42627      0.0781432       0.183027     -0.0111947      0.0181575
      0.0951497    -0.00662927      0.0932286    -0.00722988     0.00303362     0.00959559      0.0285924     0.00311666     0.00829798     -0.0162006        5.72819       0.192414       0.223553     7.9155e-05         0.0351
      0.0950935    -0.00579089      0.0934703    -0.00657101     0.00552482      0.0142317      0.0165206     0.00773736    0.000106636     -0.0149322        7.42711       0.201498       0.013038      0.0164914      0.0449581
      0.0969187    -0.00489022      0.0943644    -0.00623592      0.0198649      0.0072378      0.0293959      0.0297054    -0.00915879    -0.00601889        8.54799      -0.177935      -0.163713      0.0174727      0.0386796
       0.101176    -0.00509628      0.0962301     -0.0058358      0.0422838     0.00864267      0.0689279     0.00796739     -0.0123242     0.00240182        9.69708      -0.188181     -0.0538204     0.00221777      0.0296164
       0.101099    -0.00736993      0.0971046    -0.00644043      0.0231188       -0.01306      0.0508727     -0.0148222    -0.00768453    0.000556695        7.60244      -0.090954     -0.0773347    -0.00941289      0.0241523
       0.101387    -0.00639192      0.0978854    -0.00631027      0.0191778      0.0028114      0.0486686     -0.0024194    -0.00329894    -0.00879623        8.41118     -0.0192308     0.00177439     -0.0140043      0.0210023
       0.101917    -0.00576712      0.0990201    -0.00611166      0.0264268     0.00429002      0.0305633     0.00185887    -0.00291067     -0.0110666        11.2952      0.0795385      -0.159212     -0.0114917      0.0144429
       0.105262    -0.00395423       0.101002    -0.00547363      0.0454507      0.0137814      0.0569451      0.0228003    -0.00291067     -0.0110666        6.72629     0.00530815     -0.0566006    -0.00795643     0.00545073
       0.104989    -0.00500178       0.102125    -0.00575279      0.0288045    -0.00602985        0.03023      0.0134125    -0.00291067     -0.0110666        6.18246     -0.0647679      -0.156657     -0.0104338    -0.00343326
       0.106145    -0.00350833       0.103153    -0.00524979       0.025094      0.0108649      0.0462701      0.0271024    -0.00291067     -0.0110666        7.63973      -0.160774       0.097209     -0.0198313    -0.00591171
       0.106672    -0.00242431       0.104255    -0.00437723      0.0263057      0.0188472      0.0276517      0.0199161    -0.00291067     -0.0110666        11.0926   -0.000835003      0.0736664     -0.0265653     0.00120783
       0.109996   -0.000110747       0.106428    -0.00311346      0.0495635      0.0272975      0.0420232      0.0391837    -0.00291067     -0.0110666        9.57141      0.0157818      0.0427447     -0.0259424     0.00605774
       0.109547     0.00177117       0.107238    -0.00168877      0.0224492      0.0307734      0.0255958      0.0423133    -0.00291067     -0.0110647        11.8543      0.0807255     -0.0285283     -0.0219212     0.00665092
       0.110692     0.00320183       0.108129   -0.000461617      0.0214863      0.0265064      0.0369619       0.050527    -0.00291067     -0.0110647        9.87203    -0.00543066      0.0893239     -0.0187839     0.00918341
       0.111551     0.00435764       0.109257    0.000819454      0.0265211      0.0276711       0.022834      0.0452013    -0.00291067     -0.0110647        8.99906    -0.00169592     -0.0551022     -0.0190807      0.0106106
       0.114162     0.00955516       0.110915      0.0035693      0.0384588      0.0593966      0.0409073      0.0827918    -0.00291067     -0.0110647        13.6792      -0.179809     -0.0391864     -0.0266437     0.00668144
       0.114236     0.00968204       0.111749     0.00522463      0.0218719      0.0357551      0.0304132      0.0498113    -0.00291067     -0.0110647         12.982     0.00736286     -0.0431594     -0.0338296     0.00325155
       0.114414      0.0103387       0.112465     0.00654552      0.0176557      0.0285314      0.0245257      0.0465604    -0.00291067     -0.0110647        10.3215       0.089565     -0.0233315     -0.0297908    0.000482082
        0.11507      0.0127193       0.113253     0.00824308      0.0187675      0.0366673      0.0230621      0.0592789    -0.00291067     -0.0110647        10.3452      0.0507177     0.00527538     -0.0239457   -0.000271624
       0.117903      0.0175645       0.114799      0.0114807      0.0352913      0.0699315      0.0428018      0.0721824    -0.00291067     -0.0110647        16.5846       0.134718       0.125845     -0.0162192      0.0051918
       0.118207      0.0166313       0.115827      0.0128784      0.0257138      0.0301917      0.0249682      0.0431003    -0.00291067     -0.0110647        8.09747       0.212503      0.0144209    -0.00175147      0.0110369
        0.11893      0.0172013       0.116689      0.0143407      0.0211932      0.0315846      0.0283209      0.0332679    -0.00291067     -0.0110647        6.98611        0.21317     0.00885703       0.015985      0.0120072
       0.120393      0.0184164       0.117924       0.015964      0.0288021      0.0350634      0.0271184      0.0289563    -0.00291067     -0.0110647        9.58248       0.142145     -0.0855127      0.0307899     0.00881386
       0.125426      0.0230364       0.120399      0.0190021      0.0563348       0.065623      0.0702258      0.0508116    -0.00291067     -0.0110647        12.6879     -0.0146069       0.113769      0.0361042     0.00999117
       0.125786       0.022494       0.121987      0.0206552      0.0399362      0.0357074      0.0396117      0.0145107    -0.00291067     -0.0110647        9.25197      0.0285686     -0.0667086      0.0366859       0.011951
       0.127046      0.0244715       0.123447      0.0224469      0.0355272      0.0387005       0.046246      0.0275708    -0.00291067     -0.0110647        8.82036      -0.158699     -0.0282223      0.0312638     0.00799561
       0.128114      0.0253119       0.124701       0.024219      0.0306483      0.0382786      0.0444296    0.000106625    -0.00291067     -0.0110647        8.05865      0.0465822      0.0256719      0.0265923     0.00788975
       0.133154      0.0313385       0.127645      0.0277051      0.0666567      0.0752981      0.0696857      0.0413867    -0.00291067     -0.0110647        14.3315     0.00714263      0.0755632       0.028831      0.0121093
       0.133242      0.0317229       0.129232      0.0295175      0.0409308      0.0391491      0.0435254      0.0215173    -0.00291067     -0.0110647        11.5064      0.0163582     -0.0760819        0.02981      0.0120854
        0.13459      0.0333811        0.13079      0.0315197      0.0377557      0.0432468      0.0483186      0.0163805    -0.00291067     -0.0110647        11.5869      0.0502751     -0.0449012      0.0325866     0.00704575
       0.136883      0.0346101       0.132665      0.0332479      0.0442797      0.0373285      0.0537439      0.0109011    -0.00291067     -0.0110647        11.6846       0.061232     0.00715177      0.0372324     0.00547504
       0.142666      0.0405189       0.137062      0.0373639      0.0993991      0.0889073      0.0467533      0.0203054    -0.00291067     -0.0110647        23.8151       0.284204      -0.459918      0.0516262     -0.0133898
       0.145151       0.040959       0.139519      0.0388883      0.0630058      0.0329264      0.0814317      0.0362442    -0.00291067     -0.0110647        18.2884      -0.106778     -0.0784863      0.0590177     -0.0358243
       0.146417      0.0417575       0.142043      0.0404327      0.0608145      0.0333591      0.0481398      0.0144885    -0.00291067     -0.0110647        11.0351       -0.23873     -0.0536285      0.0446219      -0.041328
        0.14717       0.043212       0.144331      0.0423341      0.0555174      0.0410697      0.0267379    0.000654196    -0.00291067     -0.0110647        11.0457      -0.138512     -0.0715343       0.028904     -0.0465426
       0.154413      0.0500363       0.149108      0.0462869       0.108727      0.0853811      0.0563432      0.0376264    -0.00291067     -0.0110647        20.9575      -0.054651     -0.0737796      0.0208554      -0.052598
       0.153877      0.0481779        0.15159      0.0477437      0.0644764      0.0314676    -0.00957516     -0.0210475    -0.00291067     -0.0110647        19.1099      0.0709384     -0.0468179       0.021534      -0.057623
       0.155185      0.0510684       0.153713      0.0499695       0.052305      0.0480764      0.0121069      0.0200752    -0.00291067     -0.0110647        24.1515    0.000164955      -0.106907       0.024497     -0.0640275
       0.159524      0.0528633       0.156133      0.0518159      0.0575136       0.039882       0.052913    -0.00292659    -0.00291067     -0.0110647          25.48        0.22674       0.203135      0.0339508     -0.0600196
       0.165113      0.0575055       0.161052      0.0548505       0.111995      0.0655477      0.0216197       0.028937    -0.00291067     -0.0110647        25.5683       0.159964      -0.159797      0.0500636     -0.0582137
       0.166533      0.0592755       0.163366      0.0566962      0.0611767      0.0398663       0.042666      0.0387154    -0.00291067     -0.0110647        21.9281      -0.119781      0.0863633      0.0517378     -0.0612721
        0.16841      0.0579102       0.165868      0.0579024      0.0601813      0.0260537      0.0233306     -0.0147723    -0.00291067     -0.0110647        19.6018      0.0452819       0.113295      0.0486336     -0.0529534
       0.170719      0.0588483       0.168383      0.0591961      0.0603277      0.0279459      0.0219835    -0.00969766    -0.00291067     -0.0110647        19.8447      0.0111751        0.13096      0.0509863     -0.0427762
       0.176779      0.0639891       0.172541      0.0621245      0.0958396      0.0632516      0.0401126      0.0178673    -0.00291067     -0.0110647        25.5928     -0.0571569      0.0220483      0.0490708     -0.0364005
       0.177412      0.0645554       0.174758      0.0636452      0.0574833       0.032847      0.0217022     0.00754203    -0.00291067     -0.0110647        24.4347      -0.136192     -0.0809025      0.0410147     -0.0388531
       0.178826       0.064727       0.176815      0.0650342      0.0501786      0.0300038      0.0176435     -0.0189906    -0.00291067     -0.0110647        21.5539      0.0737753     -0.0826481       0.038414      -0.045666
       0.180446      0.0683602       0.178757       0.066912      0.0469746      0.0405597      0.0155007      0.0227108    -0.00291067     -0.0110647        24.7172      -0.154077     -0.0424001       0.035068     -0.0508744
        0.18525      0.0741057       0.182062      0.0706426      0.0760694      0.0805807      0.0330753      0.0295501    -0.00291067     -0.0110647        33.2663     0.00967006     0.00870201      0.0290508     -0.0522812
       0.184324      0.0723761       0.183543       0.072615      0.0395994      0.0426035     -0.0208505     -0.0483359    -0.00291067     -0.0110647        28.3278       0.157367     -0.0564143      0.0360107     -0.0542693
       0.184693      0.0748081       0.184881      0.0744044      0.0328567      0.0386531    -0.00290744      0.0224128    -0.00291067     -0.0110647        30.2262     -0.0398268     -0.0372432      0.0409079     -0.0581706
       0.186275      0.0781706       0.186195      0.0763242        0.03168      0.0414665    -0.00361012      0.0187074    -0.00291067     -0.0110647        30.7648     -0.0547164    -0.00050241      0.0369687     -0.0597446
        0.19036      0.0846591       0.188989      0.0805924      0.0635183      0.0921925     0.00807455      0.0400978    -0.00291067     -0.0110647        42.6885      0.0238199    -0.00633192      0.0356817       -0.06003
       0.189694      0.0847472       0.189996       0.082383      0.0280964      0.0386787     -0.0126069      0.0270838    -0.00291067     -0.0110647        36.9252     -0.0513641     -0.0174655      0.0345335     -0.0610231
       0.190473      0.0856406       0.191099      0.0841241      0.0266447      0.0376058     -0.0125096      0.0117902    -0.00291067     -0.0110647        36.1847     -0.0110343      0.0567914      0.0319338     -0.0593855
