     -0.0626894     0.00616082     -0.0754081    -0.00321157       0.660786        0.10343      -0.355537       0.121508    7.21844e-05   -1.39594e-05        177.999      -0.450599      -0.697503     -0.0187749     -0.0290582
      -0.072963    -0.00748992     -0.0753365    -0.00324818      0.0676254   -0.000790601     -0.0106618      -0.101011    7.21844e-05   -1.39594e-05        226.153        0.35314     0.00892077     -0.0228328     -0.0577444
      -0.078066     -0.0141848     -0.0754025    -0.00332329     0.00533588    -0.00162241     -0.0104332      -0.154707      0.0209224     -0.0132632        286.314       0.599243       0.585917      0.0168471     -0.0329691
      -0.085675    -0.00973124     -0.0767469    -0.00276228     -0.0285062      0.0121178      -0.151624     -0.0949585      0.0311149     -0.0113918        254.169        0.77176      0.0925825      0.0739684    -0.00474214
     -0.0813979   -4.50858e-05     -0.0774816    -0.00248344     -0.0187187     0.00602284     -0.0165897        0.10712      0.0103721       0.015107        211.339      -0.773943       0.642473      0.0738773      0.0259252
     -0.0784751    -0.00516201     -0.0774387    -0.00319265    -0.00094635     -0.0153189     -0.0213808     -0.0526398   -0.000809011      0.0455269        189.623      -0.326641       0.348594      0.0280228      0.0672102
       -0.07774     -0.0117361     -0.0772166    -0.00494999     0.00470421     -0.0379584     -0.0262928       -0.11136     -0.0184821      0.0328643        177.956       0.230104      -0.235994      0.0240002      0.0719023
     -0.0750428     -0.0121072     -0.0770295    -0.00635178     0.00451079     -0.0302786       0.031833     -0.0762955     -0.0416506    0.000591505        325.878       0.281092      -0.258446         0.0453         0.0513
     -0.0740675     -0.0053743     -0.0762882    -0.00581245       0.016464      0.0116494      0.0173562      0.0387411     -0.0405883     0.00334059        175.447      -0.559803      -0.566098       0.033689      0.0169473
     -0.0721292    -0.00627771     -0.0763299    -0.00627916    0.000744537     -0.0100809      0.0906241     0.00586943     -0.0276639      0.0175861        171.283      -0.725335       0.288201     -0.0198557     0.00536633
     -0.0732772     -0.0102113     -0.0768166    -0.00755157      -0.010437     -0.0274841      0.0632736     -0.0532315    -0.00796741     0.00501965        177.978      -0.125713       0.661347     -0.0553136      0.0449266
     -0.0804771     -0.0136429     -0.0772021    -0.00955399    -0.00937099     -0.0432521      -0.105037     -0.0685014     -0.0095765     -0.0271878        775.038       0.354428      -0.791114     -0.0457833      0.0395241
     -0.0764936     -0.0103023     -0.0775501    -0.00956745     -0.0084549   -0.000290865      0.0495777     -0.0104299     -0.0354053     -0.0387602        161.021       0.498057     -0.0515655     -0.0102643     0.00443602
     -0.0730511    -0.00853566     -0.0763489      -0.010063      0.0251005     -0.0107038      0.0448725      0.0440313     -0.0397481     -0.0325382        160.781     -0.0728546      0.0482324     0.00745153       0.004282
     -0.0720478    -0.00951879     -0.0743617     -0.0102831      0.0454349    -0.00475515     0.00897713      0.0107715     -0.0109588    -0.00753845         157.71       -0.11936      -0.372701   -0.000557408    -0.00924961
     -0.0689534     -0.0149109     -0.0723096     -0.0124864      0.0488688     -0.0475899      0.0460363     -0.0274042      -0.013872    -0.00302054        162.779       -0.14068      -0.167556     -0.0113924     -0.0317599
     -0.0683377     -0.0160169      -0.070977     -0.0135713      0.0336692     -0.0234347      0.0351924     -0.0371392   -0.000602779      -0.010993        164.642      0.0834222      0.0349058     -0.0137777     -0.0372873
     -0.0684827     -0.0138034     -0.0701915      -0.013731       0.020334    -0.00344834      0.0270975     0.00737823     0.00951487     -0.0161532        174.212     -0.0624456       0.298934     -0.0129035     -0.0233786
     -0.0696382     -0.0131425     -0.0695069     -0.0138043      0.0168208     -0.0015841     -0.0161421       0.010863     0.00783748     -0.0140119        167.493     -0.0770911      0.0142434     -0.0187175     -0.0103292
     -0.0682219     -0.0126345     -0.0684729     -0.0134892      0.0240166     0.00680727    -0.00334419     0.00706281    -0.00231927     -0.0137602        157.538      0.0598319     -0.0935156      -0.019437     -0.0136341
     -0.0634349     -0.0126973     -0.0654026     -0.0132496      0.0687213     0.00517539     0.00322146     0.00194057    -0.00681537     -0.0173888        164.389       0.210232      -0.485789    -0.00818409     -0.0377699
     -0.0633196    -0.00977077     -0.0640796     -0.0125612       0.035448      0.0148686     0.00328093      0.0537424    -0.00223726     -0.0159857        193.441      -0.232072       0.177778    -0.00909442     -0.0506015
     -0.0649186     -0.0116343     -0.0635395     -0.0121656      0.0152106     0.00854381     -0.0300469     -0.0118038      0.0172189    -0.00761427        176.479       0.219488      0.0178432    -0.00961847     -0.0424508
     -0.0665557     -0.0116322     -0.0635104     -0.0117951     0.00214983     0.00800326      -0.053666    -0.00106885      0.0114527     -0.0152023        176.855      0.0510428      -0.150206     0.00165462      -0.047965
     -0.0690394    -0.00999569      -0.063021     -0.0106367       0.010787      0.0250221     -0.0623562     0.00467508     0.00759727     -0.0138238        194.305       0.105067       0.242156     0.00815916     -0.0441339
     -0.0641593    -0.00832457     -0.0627272    -0.00981964     0.00742491      0.0176483    -0.00885453      0.0247718      0.0109585    -0.00772251        169.217     -0.0826306       0.531479     0.00909376     -0.0119022
     -0.0629436    -0.00988177     -0.0628823    -0.00901525     -0.0026078      0.0173747     0.00605301     -0.0375737     0.00399405    -0.00385274        172.828       0.471458        0.63948      0.0252943      0.0368834
     -0.0652654    -0.00902533     -0.0634056    -0.00832594     -0.0115644      0.0148892     -0.0501441    -0.00717007     -0.0185161    -0.00540532        851.895        0.32843     -0.0931257      0.0586219      0.0596457
     -0.0605497    -0.00748663     -0.0621205    -0.00678164      0.0266012       0.033357      0.0171922     -0.0221009     -0.0447524      0.0118389        191.095       0.408929      -0.289758      0.0893445      0.0436907
     -0.0577778    -0.00581812     -0.0603851      -0.006623      0.0401456      0.0034265      0.0167091      0.0492571     -0.0409823      0.0269003        508.075      -0.684606      -0.677809       0.077857       0.003407
     -0.0575961     -0.0109877     -0.0598382    -0.00695066      0.0158279    -0.00707752      0.0370098     -0.0841037     -0.0297673      0.0419477        313.307      -0.111803      -0.387133      0.0446744     -0.0409855
     -0.0712216     -0.0121483     -0.0592167    -0.00806234      0.0150053     -0.0240123      -0.114374     -0.0838993     -0.0052728      0.0273974        280.146       0.480577       0.431084       0.060039     -0.0391569
     -0.0621601     -0.0121926     -0.0594374    -0.00781719    -0.00326613     0.00529528     -0.0193148     -0.0634921      0.0169153      0.0110614        201.823       0.461762       0.765927      0.0993023      0.0107489
     -0.0639772    -0.00732759      -0.059631    -0.00752796    -0.00450828     0.00624737       -0.10131      0.0507874    -0.00129491      0.0317232        189.113      -0.687123      -0.282007      0.0899181      0.0308909
      -0.058195     -0.0130816     -0.0584961    -0.00843164      0.0240641     -0.0195195      0.0137016     -0.0865522     -0.0331438      0.0520188        1051.31      -0.257541       -0.12914        0.05056      0.0137653
     -0.0517671     -0.0169936     -0.0561227      -0.010258      0.0536716      -0.039449      0.0591238     -0.0928553     -0.0224621      0.0243765        1115.96      -0.135487     -0.0119138       0.034184     0.00788403
     -0.0474601     -0.0205651     -0.0530953     -0.0130869      0.0707578     -0.0611047      0.0657702     -0.0989641     -0.0133281     0.00502979        433.865     -0.0294698     -0.0740134      0.0273108     0.00430012
     -0.0504446     -0.0176686     -0.0522331     -0.0134545      0.0257005    -0.00794063     0.00426339      -0.058342     -0.0119149     0.00124596        427.769      0.0594099      -0.444884      0.0285583     -0.0173319
     -0.0668681     -0.0197941     -0.0509575     -0.0148459      0.0301217     -0.0300536       -0.18599      -0.062007    -0.00952035   -0.000688803        196.991      0.0137569      -0.226067      0.0316072     -0.0452865
     -0.0657538     -0.0177443     -0.0478881     -0.0175269       0.069312     -0.0579089      -0.201528     0.00564731     0.00888068     0.00113772        386.986      -0.263029       0.220463      0.0212212      -0.045524
     -0.0551466     -0.0134414     -0.0474783     -0.0195733      0.0157836     -0.0442033      -0.103239      0.0660572      0.0183762     0.00182914        328.988      -0.134454       0.107445     0.00465918     -0.0318608
     -0.0554025     -0.0210768     -0.0496524     -0.0209148     -0.0453829     -0.0289751     -0.0654494    -0.00258514     0.00967485    -0.00745262        293.641       -0.11819       0.271843    -0.00586786     -0.0160556
     -0.0602862     -0.0240581     -0.0523052     -0.0222706     -0.0618391     -0.0292857      -0.123796     -0.0235652      0.0042637     -0.0140876        190.843     -0.0408584      -0.305551     -0.0124949     -0.0174592
     -0.0606001     -0.0235319     -0.0545402     -0.0229325     -0.0544593     -0.0142968     -0.0654941    -0.00055664    -0.00475317     -0.0187365         198.12      -0.141916     -0.0529902     -0.0201109     -0.0323997
     -0.0662623     -0.0275429     -0.0588383     -0.0246503     -0.0982849     -0.0371044     -0.0799263      -0.048734     0.00381345     -0.0213503        194.157       0.243363       0.257721      -0.015884     -0.0238698
     -0.0664469     -0.0268455     -0.0616087     -0.0251857       -0.06967     -0.0115657     -0.0371021     -0.0221937     0.00649458     -0.0265006        189.264        0.31431       0.747145     0.00735235      0.0179944
     -0.0700664     -0.0265882      -0.064249     -0.0253465     -0.0639959     -0.0034718     -0.0910372     -0.0187524    -0.00372344     -0.0183481        181.363        0.34224       0.162636      0.0347085      0.0558982
       -0.07142     -0.0268324      -0.066652     -0.0257012     -0.0583058    -0.00766337     -0.0620603    -0.00686994     -0.0354785     -0.0041535        197.778      0.0669414      -0.121084      0.0517569      0.0576291
     -0.0706086       -0.02962     -0.0683843     -0.0270177     -0.0432485     -0.0284358     -0.0211688     -0.0253962     -0.0484118     0.00975667        181.936      -0.229282      -0.167017      0.0449929      0.0456243
     -0.0700305     -0.0327988     -0.0695184     -0.0278126     -0.0288196     -0.0171688     0.00126987     -0.0868471     -0.0448155      0.0153811        277.694       0.237735      -0.124978      0.0453458      0.0334578
     -0.0732978     -0.0337049     -0.0710691     -0.0285386     -0.0363775     -0.0156819     -0.0381471     -0.0740547      -0.035787     0.00658642        181.773       0.340491      -0.452524       0.069438     0.00939703
     -0.0755492     -0.0307366     -0.0736649     -0.0284963      -0.059707    0.000913373      0.0053376     -0.0113234     -0.0305802      0.0140476        205.316      -0.283889       0.160232      0.0717998    -0.00278788
     -0.0755536     -0.0322418     -0.0744545     -0.0287652     -0.0230263    -0.00580902     -0.0107815     -0.0557619     -0.0126463      0.0290643        204.383      -0.170433       0.203714      0.0528698      0.0123844
     -0.0764281     -0.0337074     -0.0755196     -0.0296161     -0.0253092     -0.0183783    -0.00429374     -0.0537644     -0.0177407      0.0192797        188.146       -0.21326       0.281566      0.0368824      0.0326037
     -0.0777858     -0.0348752     -0.0759409     -0.0300645     -0.0116317    -0.00968709      -0.044269     -0.0826361     -0.0272651     0.00986921        177.651       0.245799      -0.294072       0.038239       0.032083
     -0.0736294     -0.0309938     -0.0755045     -0.0301654     0.00826362    -0.00217774      0.0425661      0.0173044     -0.0384905     0.00195788         195.73       -0.50408      0.0596639      0.0274763      0.0223174
     -0.0688464     -0.0313816      -0.074002     -0.0305687      0.0332813    -0.00871148      0.0818108     -0.0108045      -0.030021     0.00839459        184.864      -0.500822        0.40553     -0.0143931      0.0416999
     -0.0728556     -0.0310857     -0.0735697     -0.0313098      0.0126654     -0.0160078     -0.0283046      0.0138794     -0.0307385    -0.00902761        186.241      -0.641063      -0.490093     -0.0619692      0.0381827
     -0.0704205     -0.0318718     -0.0730003     -0.0322148      0.0135648     -0.0195488      0.0508831   -6.90678e-05      -0.046825      -0.032174        173.381      -0.292224      -0.129897      -0.100856      0.0123572
     -0.0699743     -0.0303922     -0.0717799     -0.0321203      0.0277169     0.00204223     0.00516624      0.0118609     -0.0286863     -0.0580924        183.605       0.163317      -0.492848      -0.106228     -0.0135917
     -0.0671854     -0.0246026     -0.0695045      -0.031076      0.0519203      0.0225559      0.0214134        0.10587     -0.0178005     -0.0734588        181.913      -0.116391        -0.5234      -0.104273     -0.0559317
      -0.068145     -0.0238362     -0.0688938     -0.0302806       0.018383      0.0171811      0.0164735      0.0808186    -0.00267201      -0.070769        239.742       0.130587      -0.142689      -0.103683     -0.0836875
     -0.0674769     -0.0244485      -0.067947     -0.0297625       0.022289      0.0111917      0.0150881      0.0658549      0.0239273     -0.0705627        209.303       0.384952       0.312939     -0.0822035     -0.0765961
     -0.0683808     -0.0205389     -0.0673423     -0.0285262      0.0152918      0.0267029     -0.0190461       0.129686       0.029027     -0.0670037        190.607     -0.0939942        0.37404     -0.0700827      -0.047974
     -0.0671365     -0.0205923     -0.0665315     -0.0270217      0.0190428      0.0324971    -0.00846435      0.0710509      0.0164978     -0.0513183        177.413       0.247841       0.447774     -0.0636738     -0.0137332
     -0.0649105     -0.0204898     -0.0649383     -0.0254442      0.0363163      0.0340738     -0.0189162      0.0551965    -4.8813e-05     -0.0530057        166.969       0.481233      0.0393527     -0.0332958     0.00656891
     -0.0622966     -0.0192769     -0.0633761     -0.0234858       0.037375      0.0423016     0.00319075      0.0450246     -0.0171321     -0.0494773        172.052       0.636586      -0.192573      0.0132775    0.000185966
     -0.0622815      -0.013047     -0.0620021     -0.0208055      0.0334158      0.0578949      -0.031827       0.136164     -0.0234061     -0.0312703        173.133      -0.363668      -0.765666      0.0246472     -0.0397355
       -0.08198    -0.00880228     -0.0597115     -0.0160628      0.0528184       0.102442      -0.241261      0.0899797     -0.0144562   -1.77741e-05        359.372      -0.467154      0.0166099    -0.00996937     -0.0709424
     -0.0663406    -0.00519715     -0.0590768     -0.0139694      0.0189915      0.0452177     -0.0691879       0.118963      0.0170434     -0.0133759        250.504      -0.656338       0.594791      -0.056779      -0.045474
      -0.064738    -0.00634586     -0.0591059     -0.0114147     0.00127127      0.0551812      -0.102314      0.0266711      0.0171453     -0.0364286        196.906       0.192323     -0.0166745     -0.0761109     -0.0213948
     -0.0621286   -0.000672186     -0.0590216    -0.00721176     0.00194848      0.0907835     -0.0373393      0.0649574    -0.00824552     -0.0625001        182.114       0.671633      0.0452177     -0.0401148     -0.0202051
     -0.0607468     0.00794324     -0.0555718     0.00266846      0.0747098       0.213413      -0.124631      0.0646842    -0.00981861     -0.0557321         199.49       0.684243      -0.340497      0.0163765     -0.0325063
     -0.0663668      0.0105645     -0.0545022     0.00684305       0.030574      0.0901712      -0.111074        0.05368    -0.00863212     -0.0307855        257.426        0.37715       0.478978      0.0606008     -0.0267374
     -0.0600344      0.0168693     -0.0538058      0.0105969      0.0181011      0.0810836      -0.118847      0.0993073     0.00391382     0.00595032        182.771      -0.294613      -0.367788      0.0640411     -0.0221046
     -0.0543816      0.0170213      -0.053047      0.0136079      0.0182002      0.0650363    -0.00413212      0.0229044     -0.0135613      0.0201548        756.079     -0.0659918     -0.0154391      0.0490165     -0.0380704
     -0.0545957      0.0184251     -0.0530338      0.0172026     0.00210471      0.0776456      -0.027118     -0.0180779    -0.00133925     0.00794636        558.623       0.489261     -0.0740079      0.0666523     -0.0417952
     -0.0601547      0.0179508     -0.0549479      0.0187577     -0.0411353      0.0335906     -0.0732952     -0.0184891     0.00131458     0.00278424        232.531       0.415544      -0.143049       0.104352     -0.0508362
     -0.0610359      0.0190489     -0.0566289      0.0204338     -0.0404228      0.0362046     -0.0386197     -0.0222371      0.0029406        0.01641        257.308         0.1686       0.352891        0.12869     -0.0420952
     -0.0636925      0.0191218     -0.0573474      0.0218864     -0.0195619      0.0313757      -0.114945     -0.0418358     0.00713021      0.0371495        247.222    7.48187e-05      -0.368132       0.135717     -0.0427306
      -0.066371       0.020064     -0.0599985      0.0228273     -0.0592195      0.0203237     -0.0639703     -0.0302874    -0.00373894      0.0470283        238.878      -0.428077      0.0540868       0.117886     -0.0558146
      -0.066049      0.0185925     -0.0608699      0.0231346      -0.024744     0.00663794     -0.0739369     -0.0712502     0.00940901      0.0464228        198.853      -0.383936      -0.051044      0.0840526     -0.0556891
     -0.0655994      0.0181439     -0.0620151       0.022833     -0.0272105     -0.0065156     -0.0301512     -0.0626349     0.00891298       0.028962        189.363      -0.471274       0.369205      0.0484195     -0.0424354
     -0.0660384      0.0178416     -0.0635346      0.0228459     -0.0355428    0.000278534      -0.017009     -0.0859178     0.00931865      0.0119021        180.717     -0.0610553       0.699094      0.0262408     0.00208759
     -0.0717235      0.0204263     -0.0655565       0.023745     -0.0472283      0.0194211      -0.111901     -0.0554206    -0.00522524    -0.00703956        177.656       0.161885      -0.143592      0.0304422      0.0252194
     -0.0693963      0.0209312     -0.0661359      0.0237593     -0.0172378    0.000307783     -0.0384293     -0.0435534      -0.030834     -0.0139525        167.439       0.260423      -0.179192       0.048038      0.0117707
     -0.0662176       0.022884     -0.0657791      0.0241859     0.00598409     0.00921657    -0.00560999     -0.0118382       -0.03261    -0.00647904        162.444      0.0158643      -0.187249      0.0595503    -0.00350284
     -0.0646058      0.0195671     -0.0654267      0.0236829     0.00821036     -0.0108658      0.0165597      -0.071329     -0.0237352      0.0046966        167.021       0.295522    -0.00561456      0.0725241     -0.0115358
     -0.0675571       0.016986      -0.066799      0.0222846     -0.0288214      -0.030204     0.00212985     -0.0637103     -0.0157241     0.00616502        175.329      0.0296753       0.288331      0.0860744    0.000253201
     -0.0679998      0.0189904     -0.0668611      0.0217071    -0.00422191     -0.0124729     -0.0255505      -0.011189     -0.0155897       0.016588        174.153      -0.654609     0.00870031      0.0600362      0.0126243
     -0.0679743      0.0147548     -0.0669554      0.0206713     -0.0024604      -0.022373     -0.0219561      -0.105922     -0.0273538      0.0190076        164.827     -0.0308563      -0.264733      0.0314751     0.00195599
     -0.0656668      0.0143655     -0.0667279      0.0193447     0.00466868     -0.0286554      0.0279898     -0.0597027     -0.0315515    0.000198829        155.987       -0.11881      0.0825628       0.025239    -0.00563482
     -0.0620797      0.0145777     -0.0649326      0.0184165      0.0392444      -0.020049      0.0335446     -0.0526847     -0.0208344     -0.0116638        166.744     -0.0458355       0.068259      0.0183787    0.000649929
     -0.0627176      0.0153357     -0.0645163       0.018118      0.0129177     -0.0064476      0.0238262     -0.0411551     -0.0223767      -0.013836        149.603      0.0651201       0.103105      0.0191822     0.00779009
      -0.063567       0.014388     -0.0642439      0.0169695     0.00717417     -0.0248066      0.0022916      -0.026319     -0.0257141       -0.01509        151.267      -0.106241     -0.0558752      0.0174689     0.00975609
     -0.0630775      0.0149485      -0.062894      0.0166863      0.0298766    -0.00611717     -0.0296448     -0.0249616     -0.0301573      -0.013932        170.765     -0.0505233      -0.676322      0.0109372      -0.020748
     -0.0611502      0.0170185     -0.0602646      0.0155099      0.0597825     -0.0254101     -0.0484106      0.0614128      -0.028937     -0.0168243        179.637         0.2152     -0.0104925      0.0177989     -0.0493649
     -0.0589525      0.0206695     -0.0590703      0.0155901      0.0317753     0.00173117      0.0105955      0.0803582    -0.00749033     -0.0195485        266.972      -0.282213       0.345086       0.015007     -0.0354237
     -0.0608441      0.0146766     -0.0580968      0.0154252      0.0242058    -0.00356246      -0.076388     -0.0340629     0.00138301     -0.0128542        171.745       0.242197       -0.53347      0.0133405     -0.0432726
      -0.068998      0.0193439     -0.0556693      0.0156345       0.054853     0.00452158      -0.121463      0.0364957     -0.0127383     -0.0217493        227.459       0.346943       0.517748      0.0378876     -0.0439308
      -0.056193      0.0169129     -0.0534008      0.0161748      0.0544862      0.0116711     -0.0567176       0.012875       0.005557     -0.0146175        410.653       0.114417       0.118146      0.0571108     -0.0174375
     -0.0545303       0.012683     -0.0527072      0.0161938      0.0204289    0.000410378     -0.0352655     -0.0721714     -0.0121619    0.000865686        592.475       0.558077      -0.122076      0.0851297     -0.0175996
     -0.0498097       0.014844     -0.0510618      0.0164431      0.0375846     0.00538424      0.0210851     0.00523393     -0.0187107     0.00624059        800.983      -0.238059      0.0792868      0.0984626     -0.0193835
      -0.044842      0.0129867     -0.0485912      0.0165448      0.0571232     0.00219673      0.0485994     -0.0603823     -0.0172362      0.0226338        1351.34      -0.145242       0.198931      0.0824919     -0.0077934
     -0.0479829     0.00510866     -0.0488878      0.0139815   -0.000693679     -0.0553674     0.00979532      -0.131764     -0.0169857      0.0214394        884.006       0.145485       0.171534      0.0825024     0.00764275
     -0.0557726       0.001864     -0.0514297      0.0108614      -0.054975     -0.0673941     -0.0709174      -0.105082     -0.0246195      0.0130046         295.64      -0.155568      -0.257989      0.0820823     0.00404358
     -0.0597911    -0.00229403     -0.0534558     0.00788155     -0.0492617     -0.0643648     -0.0976383      -0.145197     -0.0324703      0.0175453        287.212       0.115062      -0.695896      0.0803943     -0.0356982
     -0.0590814      0.0051488     -0.0551338     0.00463121     -0.0411699     -0.0702072     -0.0240497       0.126839     -0.0218962       0.013886        306.126      -0.265038       0.018754      0.0741448     -0.0639128
     -0.0698669     0.00270273     -0.0590673    -0.00278339     -0.0890807      -0.160156      -0.138854      0.0467453      0.0075596      0.0166513        309.899     -0.0503727      0.0258951      0.0610023     -0.0620521
     -0.0708499     -0.0131964     -0.0616364    -0.00677147     -0.0644003     -0.0861424      -0.117244     -0.0886291      0.0150129      0.0117018        213.682      0.0137424      0.0767949      0.0594764     -0.0577734
     -0.0690071     -0.0206153     -0.0636511     -0.0107846     -0.0499591      -0.086683     -0.0427967      -0.132132      0.0117082     0.00551449        293.185       0.109704       0.719795        0.06462      -0.024586
     -0.0722877     -0.0322471     -0.0663185     -0.0181317     -0.0626102      -0.158699     -0.0818926      -0.171449     0.00740129     0.00594221        264.854     -0.0260407       0.484266      0.0681067      0.0255804
     -0.0717672     -0.0323182     -0.0674826     -0.0218923     -0.0314059     -0.0812286     -0.0649981      -0.123472     -0.0218995      0.0103702        189.675      -0.223034       0.100232      0.0577283      0.0499363
     -0.0707304     -0.0367564     -0.0678972     -0.0258066     -0.0120963     -0.0845476     -0.0530679       -0.15004     -0.0426032      0.0106094        221.441      0.0358214      -0.421272      0.0499268      0.0365591
     -0.0657944       -0.04222     -0.0679185     -0.0299989    -0.00167103      -0.090554      0.0575277      -0.169441     -0.0497362     0.00374137        260.465       0.322593       0.177938      0.0648608      0.0264192
      -0.067748     -0.0443844     -0.0686615     -0.0340299     -0.0162148     -0.0870703     0.00691598      -0.118056     -0.0369087    0.000493515        245.489     -0.0241208    -0.00853285      0.0772972      0.0334787
     -0.0723903     -0.0528942     -0.0701764      -0.040984     -0.0343431      -0.150209     -0.0406803      -0.123644     -0.0378392       0.014469        246.496      -0.648455      -0.396069      0.0492749      0.0166245
     -0.0692576     -0.0564971     -0.0701727     -0.0450865    -0.00335513     -0.0886123      0.0343359      -0.161707     -0.0388719      0.0149988        193.508      -0.231371      0.0879735      0.0126162      0.0038023
     -0.0689738     -0.0581839     -0.0696004     -0.0495192      0.0120272     -0.0957475    -0.00442155     -0.0878361     -0.0238171     -0.0117252        164.337      -0.579079      -0.175157     -0.0211505    0.000324249
       -0.06798     -0.0600376      -0.069472     -0.0527974     0.00397623     -0.0708085      0.0357099      -0.103432     -0.0251277     -0.0234571        157.359      -0.100337       0.231819     -0.0494581     0.00252867
     -0.0642803     -0.0635007     -0.0684445      -0.058105      0.0225913      -0.114645      0.0730824     -0.0323144     -0.0228879     -0.0410528        152.761      -0.581364       0.682777     -0.0778616      0.0406194
     -0.0680649     -0.0641266      -0.067464     -0.0606002      0.0234371     -0.0538952     -0.0641619     -0.0640088     -0.0268746     -0.0522183        200.394      0.0345678      -0.592342      -0.100645      0.0443859
     -0.0642416     -0.0618265     -0.0665076     -0.0627473      0.0230023     -0.0463788       0.043593      0.0471393     -0.0569476     -0.0738678        1119.74      -0.374448      -0.319625      -0.114807     0.00639057
     -0.0543478      -0.067965     -0.0622314     -0.0663259      0.0946654     -0.0772969       0.110154     -0.0343744     -0.0352367     -0.0753998        1200.94       0.241733       0.023843      -0.120334    -0.00593738
     -0.0481487     -0.0630095     -0.0583566     -0.0663511      0.0931638   -0.000544596       0.147094      0.0565856     -0.0193054     -0.0869107        897.031       0.262499       0.559883     -0.0993249       0.018384
     -0.0508824     -0.0622297     -0.0574638     -0.0670479      0.0285999     -0.0150506      0.0866045      0.0793382     -0.0203128     -0.0791754        1104.53       0.108659       0.581533     -0.0838599      0.0659409
     -0.0482138     -0.0590694     -0.0555757     -0.0670616      0.0436426   -0.000294989      0.0985705       0.142234     -0.0448546     -0.0667298        704.354       -0.53687       0.500076        -0.1017       0.111003
     -0.0463383     -0.0651053     -0.0529185     -0.0677225      0.0617607     -0.0142762       0.050821    -0.00826089     -0.0688565     -0.0603709        595.968       0.363519      -0.214653      -0.108926       0.122894
     -0.0257085     -0.0582102     -0.0453227     -0.0670002       0.170244      0.0156016       0.303638       0.173791     -0.0935516     -0.0805028        291.166      -0.590483       0.676722      -0.118382       0.142143
     -0.0230965      -0.057314     -0.0412802     -0.0649603       0.104343      0.0440609       0.219993      0.0510567     -0.0865329     -0.0703684        424.828       0.312935       0.461449      -0.129944       0.189559
     -0.0171136     -0.0550792      -0.036709     -0.0617929       0.109172      0.0684171       0.267416      0.0731595      -0.111583     -0.0895389        290.405       0.704857       0.588279      -0.087538        0.23329
     -0.0178677     -0.0500645     -0.0322324     -0.0588472       0.107611      0.0636267       0.104449       0.144519      -0.133844     -0.0911771        308.452       0.310216      -0.756731     -0.0452454       0.226274
       0.010266     -0.0337146     -0.0187196     -0.0495635       0.302639       0.200527       0.407437       0.187128      -0.155888     -0.0624324         124.04        0.45391      -0.293821     -0.0134079       0.182507
      0.0166094     -0.0364045     -0.0123459     -0.0477455       0.167936      0.0392702       0.414099       0.194393      -0.141243     -0.0432783        120.016      -0.320847       0.177611    -0.00786638       0.177666
      0.0024181     -0.0469043     -0.0134568     -0.0515471    -0.00720178     -0.0821144       0.160158      0.0510793      -0.115963     -0.0249583        100.119      -0.261124      -0.588539     -0.0321146       0.160544
     -0.0114037     -0.0588913     -0.0191977     -0.0557226      -0.124724     -0.0901921       0.154873     -0.0677223      -0.122941     -0.0365307        276.295       0.168026     -0.0444557     -0.0359934       0.134173
     -0.0197678     -0.0705348     -0.0246723     -0.0622398      -0.130724      -0.140772      0.0923234     -0.0982484      -0.102101     -0.0494019        85.8528       0.187058       0.220742     -0.0211982       0.141518
     -0.0249713     -0.0707422     -0.0268045     -0.0643066      -0.059128     -0.0446413     0.00992618     -0.0963012     -0.0984843     -0.0436729        88.7602       0.566222      -0.296563      0.0101871       0.138361
     -0.0243849     -0.0712087     -0.0281879     -0.0662787     -0.0357938     -0.0425987      0.0723391      -0.054989      -0.107782     -0.0341928        96.9023       0.399417      -0.153875      0.0504203       0.119595
     -0.0234089     -0.0722924     -0.0275715     -0.0685497     0.00973437      -0.049053      0.0355859     -0.0243869       -0.10372     -0.0154764        110.161      -0.187406      -0.759563      0.0592542      0.0815411
     -0.0146429     -0.0794828     -0.0246925     -0.0728794      0.0631588     -0.0935221        0.16378      -0.068075     -0.0920381     0.00740253        134.264      -0.599514     -0.0617765      0.0264664      0.0473199
     -0.0133574     -0.0813377     -0.0223872     -0.0753443      0.0561103     -0.0532403       0.114544     -0.0799155      -0.061323   -3.43442e-05        101.063      -0.455127     -0.0556222     -0.0174752      0.0424285
     -0.0131303     -0.0827387     -0.0202928     -0.0776221      0.0508514     -0.0492024      0.0898497     -0.0689492     -0.0580689     -0.0264392        83.3994      -0.213308     -0.0806808     -0.0453256      0.0367484
     -0.0226214     -0.0872122     -0.0239332     -0.0814702     -0.0735476     -0.0831189       0.044565     -0.0721443     -0.0576395     -0.0459945        105.788     0.00103178       0.420821     -0.0541702        0.05092
     -0.0317346     -0.0944699     -0.0281235     -0.0877921     -0.0978651      -0.136553     -0.0475419     -0.0603062     -0.0552124     -0.0535946        129.962      -0.234031       0.130485     -0.0638786      0.0738888
      -0.029865     -0.0940647     -0.0297519     -0.0911339     -0.0449612     -0.0721823      0.0230496     -0.0192223     -0.0654542     -0.0555011        109.991      -0.323329       0.394345     -0.0871015      0.0957546
      -0.028965     -0.0962822     -0.0306071     -0.0943866     -0.0229676     -0.0702586      0.0206753     -0.0175526     -0.0763388     -0.0634797        102.172      -0.156241       0.116348      -0.107083       0.117035
     -0.0280863     -0.0961323     -0.0306041     -0.0971826    -0.00223291      -0.060394       0.022185      0.0414464      -0.091706     -0.0772938        94.7787      -0.418627       -0.40497      -0.131035        0.10501
     -0.0247611      -0.102661     -0.0294205      -0.100475      0.0253442     -0.0711127      0.0587728      -0.055631     -0.0962072     -0.0841475         90.818       0.398358      -0.515861      -0.131878      0.0666451
     -0.0201635     -0.0962486     -0.0279196      -0.101304      0.0349533     -0.0179124       0.123871       0.114288       -0.08008     -0.0996529         72.996       -0.23868     -0.0680366      -0.125225      0.0423188
     -0.0200313     -0.0955084     -0.0272939      -0.100734      0.0170102      0.0123097       0.112716      0.0443604     -0.0578915     -0.0856426         77.104       0.408268       0.359377      -0.118161      0.0544505
     -0.0207295     -0.0916265     -0.0262896     -0.0996447      0.0233942      0.0235346      0.0645259       0.129328     -0.0505831     -0.0841394        75.6886      0.0839949       0.101266     -0.0976506      0.0736432
       -0.01218     -0.0877404     -0.0223232     -0.0971205      0.0880134      0.0545217       0.142022       0.119688      -0.065439     -0.0742157        54.8863       0.208375       0.289751     -0.0854693      0.0899358
     -0.0077975     -0.0844541     -0.0186294      -0.094759      0.0885868      0.0510095       0.128138       0.151586     -0.0707262     -0.0685253        59.6091     -0.0970749     -0.0443936      -0.080832       0.100159
    -0.00311288     -0.0837297      -0.014477     -0.0923525      0.0985504      0.0519799        0.13829       0.100714     -0.0812508     -0.0615695        57.3824       0.159831      -0.258301     -0.0782182      0.0875468
     0.00234956     -0.0823043     -0.0105099     -0.0891192      0.0955451      0.0698396       0.176611      0.0639111     -0.0804908     -0.0638069        50.2628       0.676458     -0.0312456     -0.0433751      0.0754828
      0.0158733      -0.066234    -0.00123535     -0.0800204       0.209885       0.196535       0.188548       0.163826     -0.0698995     -0.0594423        41.2272       0.759396       -0.58048      0.0164475      0.0500035
      0.0190095     -0.0620083     0.00324217     -0.0755387       0.117703       0.096803       0.226506       0.217351     -0.0650111     -0.0371362        31.6928      -0.418143      0.0120501      0.0306678       0.026329
      0.0205588     -0.0748188     0.00812984     -0.0768008       0.117344       -0.02726       0.136249       0.004321     -0.0420988     0.00232803         58.113     -0.0586225      -0.326523      0.0108023       0.013226
      0.0264354      -0.079692      0.0137636     -0.0783029       0.133424     -0.0324456       0.165782    -0.00819892     -0.0407554     -0.0132613        60.3992      -0.268632     -0.0431583    -0.00283352    -0.00219456
      0.0432337     -0.0820601       0.024571     -0.0801792       0.246781     -0.0405284       0.225767     -0.0147932     -0.0296954     -0.0204914        61.4662      -0.390742      0.0101024     -0.0303071    -0.00356367
      0.0438933     -0.0793915      0.0304264      -0.079826       0.151155     0.00763046       0.151672    0.000658356     -0.0277167     -0.0300717        35.7455      -0.152881      -0.184709     -0.0529574     -0.0108374
       0.047963     -0.0782812      0.0366333     -0.0794793       0.149184     0.00748851       0.125311     0.00824777     -0.0278464     -0.0459739        34.1213       0.148297       -0.35371     -0.0531485     -0.0332705
      0.0548061     -0.0753575      0.0431732       -0.07872        0.15618       0.016399        0.14138      0.0518362     -0.0237693     -0.0555767        31.1368      0.0412051       -0.16336     -0.0452524     -0.0548153
      0.0767267     -0.0713328      0.0562877      -0.077017       0.298892      0.0367852       0.254596      0.0822091    -0.00714618     -0.0507947        25.9404      -0.129768       0.209716     -0.0489426     -0.0528845
       0.074236     -0.0779798      0.0623249     -0.0768575       0.160293     0.00344685       0.125573     -0.0303826   -0.000275311     -0.0476594        26.7534        0.15545       0.304142     -0.0478733     -0.0314749
      0.0806197     -0.0718318      0.0687167     -0.0755702       0.154092       0.027804       0.115808      0.0784166    -0.00815171     -0.0518479        23.0025      -0.143353      -0.114811     -0.0473696     -0.0235849
      0.0878399     -0.0682504      0.0756554     -0.0740179       0.165284      0.0335303       0.141932      0.0741868     -0.0212381     -0.0479127        23.8742      -0.107902      -0.179248     -0.0578385     -0.0358364
        0.11405     -0.0625085      0.0905313     -0.0698379       0.337848       0.090288       0.299139      0.0750248     -0.0174954     -0.0514654          33.38       0.267089       0.207645     -0.0512055     -0.0346535
       0.114849      -0.059948      0.0973621     -0.0677752       0.181331      0.0445538       0.208937       0.117196     -0.0101083     -0.0569632        22.4458     -0.0801126       0.260521     -0.0434149     -0.0151471
       0.116391     -0.0577468       0.103975     -0.0648225       0.160968      0.0637797       0.127305      0.0771918      -0.015583     -0.0486349        17.8498       0.250542      -0.192455     -0.0363128     -0.0123114
       0.124918     -0.0545956       0.111205     -0.0618804        0.17226      0.0635476       0.173712      0.0975472     -0.0266138     -0.0492138        18.9121       0.105237      0.0573072     -0.0214886     -0.0179395
       0.149845     -0.0426109       0.125728     -0.0550179       0.330936       0.148232       0.298435        0.15774     -0.0203622     -0.0411265        24.2134     -0.0321657        0.29014      -0.018444     -0.0034634
        0.15037      -0.044185       0.132493     -0.0521496       0.179219      0.0619534       0.216448      0.0955246     -0.0207335     -0.0362628        25.8644       0.037034       0.305707     -0.0182408      0.0213642
       0.155173     -0.0387124       0.139998     -0.0483025       0.180025      0.0830986       0.167821       0.137868     -0.0328724     -0.0367251        58.4904       -0.38639      -0.137817     -0.0327973      0.0283623
       0.162607     -0.0366625        0.14801     -0.0445456       0.191058      0.0811491       0.159995      0.0816294     -0.0461023     -0.0370073        101.561      0.0603388      -0.533763     -0.0463818    0.000381947
       0.192346     -0.0191834       0.163637     -0.0359167       0.356653       0.186383       0.391925       0.234132     -0.0435252     -0.0516065        78.9962      -0.573203        0.49699     -0.0677481    -0.00118509
       0.190172     -0.0183726         0.1715     -0.0309443       0.205507       0.107406       0.187918       0.135912     -0.0215111       -0.05203        141.011        0.11073      -0.326487     -0.0870166     0.00595474
       0.200258     -0.0124806       0.180169     -0.0257151       0.207804       0.112949       0.282223       0.175041     -0.0394703     -0.0718349        190.347      -0.101877       0.504033     -0.0866473      0.0133419
       0.207477     -0.0084002       0.189153     -0.0204251       0.214829       0.114265       0.201196       0.130618     -0.0300397     -0.0705892        156.654       0.533601    -0.00317089      -0.068662      0.0342083
       0.239298      0.0170246       0.207997    -0.00689478       0.428506       0.292254       0.380009        0.31044     -0.0476807     -0.0711762        500.388         0.1823     -0.0211985     -0.0388337      0.0331931
       0.240304      0.0198447       0.216379    0.000323372       0.223903       0.155912       0.296566       0.257713     -0.0491275     -0.0509993        345.618      -0.176369      0.0462031     -0.0385871       0.034234
       0.246765      0.0214933       0.225028      0.0069463       0.209205       0.143055       0.276667       0.158972     -0.0476584     -0.0409976        310.611       0.268361       0.256649     -0.0347551      0.0468526
       0.233141      0.0129596       0.225028      0.0069463      0.0209205              0      0.0770782      0.0845259     -0.0485056     -0.0471295        153.512       0.143936      -0.374658     -0.0175761      0.0419354
       0.229332      0.0110701       0.225028      0.0069463     0.00209205              0       0.065742      0.0680296     -0.0579088     -0.0390813        103.029       -0.21199      -0.164122     -0.0204121      0.0194855
       0.225842      0.0104098       0.225028      0.0069463    0.000209205              0    -0.00622302      0.0564794     -0.0450489     -0.0320556         111.19      -0.414621      -0.543812     -0.0465208     -0.0100113
       0.224455     0.00955171       0.225028      0.0069463    2.09205e-05              0    -0.00687005       0.031265     -0.0371079     -0.0395947        140.581       0.149652       0.438473     -0.0575603     -0.0144002
       0.232299     0.00155175       0.225028      0.0069463    2.09205e-06              0      0.0493143     -0.0845275     -0.0199699     -0.0551533         100.42       0.581987      -0.118745      -0.027076    -0.00109226
       0.227876     0.00830322       0.225028      0.0069463    2.09205e-07              0      0.0455642      0.0535854     -0.0414168     -0.0486451        93.3919     -0.0716199      0.0810688    -0.00581163    -0.00264229
       0.225348     0.00848621       0.225028      0.0069463    2.09205e-08              0    -0.00635606      0.0175538     -0.0379859     -0.0244572        64.4161     -0.0227824      -0.125716    -0.00974519    -0.00450158
        0.22577      0.0080715       0.225028      0.0069463    2.09205e-09              0       0.020958      0.0191481      -0.039455     -0.0244572        73.7859        -0.1185       0.151332     -0.0156322    -0.00343549
       0.223874     0.00694308       0.225028      0.0069463    2.09205e-10              0     -0.0325197     -0.0103534     -0.0355826     -0.0281409        45.3242       0.189228      -0.257542     -0.0126843    -0.00786115
        0.22606      0.0091655       0.225028      0.0069463    2.09205e-11              0      0.0363641      0.0533665     -0.0383813     -0.0308899        72.3845      -0.355563        0.18558     -0.0196135     -0.0108617
       0.224655     0.00663279       0.225028      0.0069463    2.09205e-12              0     -0.0155909     -0.0266431     -0.0383813     -0.0308899        51.9921       0.261919     -0.0346769     -0.0235154    -0.00457649
       0.223432     0.00776731       0.225028      0.0069463    2.09205e-13              0     -0.0328928      0.0207308     -0.0383813     -0.0308899        54.4844       0.074805      -0.313803    -0.00948519     -0.0190934
       0.225655     0.00789938       0.225028      0.0069463    2.09205e-14              0     0.00752945       0.011437     -0.0383813     -0.0308899        125.832      -0.229603     -0.0256637     -0.0159352     -0.0332396
       0.241032      0.0147926       0.225028      0.0069463    2.09205e-15              0       0.192057      0.0941557     -0.0383813     -0.0308899        214.885       0.224397       0.212283     -0.0161522     -0.0254643
       0.242728     0.00230388       0.225028      0.0069463    2.09205e-16              0       0.212402     -0.0557091     -0.0383813     -0.0308899        236.132      -0.114676      -0.288855     -0.0115804     -0.0286552
        0.23055      0.0107602       0.225028      0.0069463    2.09205e-17              0      0.0662673      0.0457665     -0.0383813     -0.0308899        134.746      -0.224124     0.00727547     -0.0256971     -0.0403875
       0.225028      0.0069463       0.225028      0.0069463    2.09205e-18              0    2.09205e-18              0     -0.0383813     -0.0308899        181.155        0.28474     -0.0260469      -0.023173     -0.0411707
       0.225028      0.0069463       0.225028      0.0069463    2.09205e-19              0    2.09205e-19              0     -0.0383813     -0.0308899        234.357       0.174612       0.020095    -0.00403337     -0.0414197
         0.2425     0.00691563       0.225028      0.0069463    2.09205e-20              0       0.209664    -0.00036805     -0.0383813     -0.0308899        300.994      0.0777119       0.182683     0.00648022      -0.032972
       0.225028      0.0069463       0.225028      0.0069463    2.09205e-21              0    2.09205e-21              0     -0.0383813     -0.0308899        134.707       0.178848      -0.023338      0.0171704      -0.026331
       0.225028      0.0069463       0.225028      0.0069463    2.09205e-22              0    2.09205e-22              0     -0.0383813     -0.0308899        167.702      -0.183937      0.0223343      0.0169587     -0.0263731
       0.225028      0.0069463       0.225028      0.0069463    2.09205e-23              0    2.09205e-23              0     -0.0383813     -0.0308899        204.825     -0.0444219     -0.0166097      0.0074439     -0.0261332
       0.225028      0.0069463       0.225028      0.0069463    2.09205e-24              0    2.09205e-24              0     -0.0383813     -0.0308899        250.417       0.010607       0.093031     0.00603485     -0.0229492
       0.250642     0.00633456       0.225028      0.0069463    2.09205e-25              0       0.307376    -0.00734086     -0.0383813     -0.0308899        304.075   -1.39701e-05     0.00603678      0.0064764     -0.0188217
       0.232346     0.00677151       0.225028      0.0069463    2.09205e-26              0      0.0878218    -0.00209739     -0.0383813     -0.0308899        95.4707      0.0439618      0.0219471     0.00830746      -0.017656
       0.227119     0.00689636       0.225028      0.0069463    2.09205e-27              0      0.0250919   -0.000599255     -0.0383813     -0.0308899        59.0131     -0.0145746    -0.00372261     0.00953197     -0.0168959
       0.225625     0.00693203       0.225028      0.0069463    2.09205e-28              0     0.00716912   -0.000171216     -0.0383813     -0.0308899        50.9988    -0.00105456     0.00644257     0.00888062      -0.016782
       0.225198     0.00694222       0.225028      0.0069463    2.09205e-29              0     0.00204832   -4.89186e-05     -0.0383813     -0.0308899        49.0834      0.0587402      0.0442801      0.0112844     -0.0146688
       0.225076     0.00694513       0.225028      0.0069463    2.09205e-30              0    0.000585234   -1.39763e-05     -0.0383813     -0.0308899        48.6389      0.0582809     -0.0248515      0.0161605     -0.0138571
       0.225041     0.00694596       0.225028      0.0069463    2.09205e-31              0    0.000167211   -3.99429e-06     -0.0383813     -0.0308899        49.2853    -0.00686441     -0.0690591      0.0183024     -0.0177693
       0.225032      0.0069462       0.225028      0.0069463    2.09205e-32              0    4.77747e-05   -1.14158e-06     -0.0383813     -0.0308899        48.3242      0.0127486      0.0219285       0.018548     -0.0197339
       0.225029     0.00694627       0.225028      0.0069463    2.09205e-33              0    1.36504e-05   -3.26352e-07     -0.0383813     -0.0308899        49.0937      0.0191191      0.0147095      0.0198755     -0.0182078
       0.225028     0.00694629       0.225028      0.0069463    2.09205e-34              0    3.90059e-06   -9.33937e-08     -0.0383813     -0.0308899        48.1851      0.0863789      0.0190608      0.0242715     -0.0168007
       0.225028      0.0069463       0.225028      0.0069463    2.09205e-35              0    1.11548e-06   -2.67441e-08     -0.0383813     -0.0308899        49.1181    -0.00700065     -0.0150672      0.0275788     -0.0166336
       0.225028      0.0069463       0.225028      0.0069463    2.09205e-36              0    3.17565e-07   -7.52088e-09     -0.0383813     -0.0308899        49.2659      -0.116693      -0.126888      0.0224252     -0.0225479
       0.225028      0.0069463       0.225028      0.0069463    2.09205e-37              0    9.05073e-08   -2.20896e-09     -0.0383813     -0.0308899        48.7233     -0.0917681     -0.0461026      0.0137391     -0.0297567
       0.225028      0.0069463       0.225028      0.0069463    2.09205e-38              0    2.57878e-08   -3.90574e-10     -0.0383813     -0.0308899        48.8499     0.00414599      -0.068386      0.0100884     -0.0345282
       0.225028      0.0069463       0.225028      0.0069463    2.09205e-39              0    7.36794e-09    8.68663e-12     -0.0383813     -0.0308899        48.5134     -0.0134588       0.029236      0.0097003     -0.0361593
       0.225028      0.0069463       0.225028      0.0069463    2.09205e-40              0    2.04499e-09    6.26219e-11     -0.0383813     -0.0308899        48.9591      0.0258739      0.0509504      0.0102177      -0.032819
       0.225028      0.0069463       0.225028      0.0069463      2.092e-41              0    7.64702e-10   -1.21775e-11     -0.0383813     -0.0308899        51.2481       0.030727      0.0443461      0.0125761     -0.0288491
       0.225028      0.0069463       0.225028      0.0069463    2.09214e-42              0    9.40165e-10     6.8813e-10     -0.0383813     -0.0308899        49.4605       0.107824     -0.0103095      0.0183492     -0.0274314
       0.225028      0.0069463       0.225028      0.0069463    2.08793e-43              0     8.8199e-11   -4.04791e-10     -0.0383813     -0.0308899        50.1595       0.107196       0.063537       0.027308     -0.0252145
       0.225028      0.0069463       0.225028      0.0069463    2.10195e-44              0    2.52001e-11   -2.96074e-10     -0.0383813     -0.0308899        49.0827      0.0121771     0.00979017      0.0322824     -0.0221577
       0.225028      0.0069463       0.225028      0.0069463     2.8026e-45              0     2.1769e-10   -8.45913e-11     -0.0383813     -0.0308899        49.2488      0.0546478      0.0264947      0.0350666     -0.0206476
       0.225028      0.0069463       0.225028      0.0069463              0              0   -8.06355e-11    -5.0529e-10     -0.0383813     -0.0308899        48.9496     -0.0494739      0.0838251      0.0352821     -0.0160517
       0.225028      0.0069463       0.225028      0.0069463              0              0   -6.39473e-10    2.44165e-09     -0.0383813     -0.0308899        49.5733      -0.068855     0.00355948      0.0303516     -0.0124107
       0.225028      0.0069463       0.225028      0.0069463              0              0    3.28482e-10    1.56356e-10     -0.0383813     -0.0308899        48.7099     -0.0278222       -0.10656      0.0263238     -0.0167017
       0.225028      0.0069463       0.225028      0.0069463              0              0    1.53994e-10   -7.97288e-10     -0.0383813     -0.0308899        50.0923     -0.0771738     -0.0226483      0.0219488     -0.0220866
       0.225028      0.0069463       0.225028      0.0069463              0              0    1.00624e-09   -1.19003e-09     -0.0383813     -0.0308899        48.3305     -0.0682805     -0.0845276      0.0158882       -0.02655
       0.225028      0.0069463       0.225028      0.0069463              0              0    8.88896e-10   -4.57472e-10     -0.0383813     -0.0308899        49.4055      0.0531934      0.0713429      0.0152597      -0.027099
       0.225028      0.0069463       0.225028      0.0069463              0              0    9.15512e-10   -3.41196e-10     -0.0383813     -0.0308899        48.5115       0.106958      0.0835251      0.0219326     -0.0206462
       0.225028      0.0069463       0.225028      0.0069463              0              0    2.01434e-10   -1.57624e-10     -0.0383813     -0.0308899        48.9877      -0.112628       0.120712      0.0216966     -0.0121365
       0.225028      0.0069463       0.225028      0.0069463              0              0   -3.03287e-10    1.95524e-10     -0.0383813     -0.0308899        48.8637     -0.0365622       0.103416      0.0154805    -0.00279763
       0.225028      0.0069463       0.225028      0.0069463              0              0    1.46389e-10    1.76144e-10     -0.0383813     -0.0308899        49.8031       0.198761     -0.0394537      0.0222378   -0.000132482
       0.225028      0.0069463       0.225028      0.0069463              0              0    1.01965e-10    1.70607e-10     -0.0383813     -0.0308899        50.2107       0.240895     -0.0388392      0.0405569    -0.00339337
       0.225028      0.0069463       0.225028      0.0069463              0              0   -3.10068e-11    1.69025e-10     -0.0383813     -0.0308899        51.0903   -0.000366722      0.0278166      0.0505791    -0.00385175
       0.225028      0.0069463       0.225028      0.0069463              0              0   -1.29139e-10   -1.92267e-10     -0.0383813     -0.0308899        51.1678     0.00948538     -0.0120736      0.0509591    -0.00319532
       0.225028      0.0069463       0.225028      0.0069463              0              0   -2.17317e-10   -1.60179e-10     -0.0383813     -0.0308899        51.0138      0.0180462     -0.0154636      0.0521064    -0.00434196
       0.225028      0.0069463       0.225028      0.0069463              0              0    -6.6349e-10   -8.20067e-10     -0.0383813     -0.0308899        52.0569      -0.132226     -0.0896303       0.047349    -0.00872161
       0.225028      0.0069463       0.225028      0.0069463              0              0   -5.50409e-10   -8.95845e-10     -0.0383813     -0.0308899          49.98     -0.0514508      -0.223338      0.0396957     -0.0217619
       0.225028      0.0069463       0.225028      0.0069463              0              0    -3.9782e-10   -1.27834e-09     -0.0383813     -0.0308899        50.7896      -0.112206     -0.0727674      0.0328765     -0.0340988
       0.225028      0.0069463       0.225028      0.0069463              0              0   -2.34532e-11     4.1658e-10     -0.0383813     -0.0308899        51.9574     -0.0288143     -0.0860625      0.0270009     -0.0407164
