       -0.06584    -0.00117043     -0.0926133    -0.00572348        0.32128      0.0546366        0.32128      0.0546366   -6.18946e-05    2.72987e-06   -1.17563e-06     0.00543642        72.4774
     -0.0915413    -0.00851997     -0.0926133    -0.00572348              0              0      0.0163263     -0.0251254   -6.18946e-05    3.94463e-05      0.0108728      0.0132794        81.9804
     -0.0902385    -0.00804232     -0.0926133    -0.00572348              0              0      0.0484662     -0.0390202   -0.000758911      0.0047804      0.0156856       0.023932        79.0971
     -0.0893563     -0.0098061     -0.0926133    -0.00694534              0     -0.0293248      0.0570329     -0.0305306    -0.00362566     0.00792586      0.0321784      0.0341544        78.0757
     -0.0929127     -0.0103248     -0.0926133    -0.00694534              0              0     -0.0429819     -0.0614471     -0.0181984      0.0153137      0.0361309      0.0522017        81.8608
     -0.0870123     -0.0111609     -0.0913867    -0.00816719      0.0294399     -0.0293243      0.0768474      -0.018888     -0.0425017      0.0181237      0.0682726      0.0612817        72.8762
     -0.0861306     -0.0102814       -0.09016    -0.00816719      0.0294401              0      0.0354827     -0.0276519     -0.0317692      0.0327377      0.0542912      0.0435386        65.7527
     -0.0770611     -0.0209493     -0.0877067     -0.0130547      0.0588799      -0.117299       0.191031       -0.08586     -0.0249924      0.0322654      0.0327864     0.00850391        59.6502
     -0.0798636     -0.0222099       -0.08648     -0.0142765      0.0294399     -0.0293248      0.0596162      -0.145374    -0.00971236      0.0194083     -0.0157786     0.00208998        62.7604
     -0.0796144      -0.021865     -0.0840267     -0.0154984        0.05888     -0.0293248      0.0193315     -0.0860816     -0.0380874    -0.00349916      0.0199575      0.0444341        162.836
      -0.076434     -0.0190954        -0.0828     -0.0167203      0.0294399     -0.0293248       0.105494      0.0033674     -0.0494678      0.0106381      0.0689116      0.0589113        171.282
     -0.0606749     -0.0230633       -0.07544     -0.0179421        0.17664     -0.0293248        0.18793     -0.0867103      -0.021495      0.0380187       0.048913      0.0539656        256.794
     -0.0663136     -0.0286996     -0.0742133     -0.0216077      0.0294401     -0.0879744       0.106141     -0.0672036    -0.00700727      0.0288392      0.0590181        0.04076        59.1376
     -0.0656486     -0.0332409       -0.07176     -0.0252733      0.0588799      -0.087974      0.0691789      -0.098395    -0.00226727      0.0321364       0.022501     0.00378513        58.3695
     -0.0621861     -0.0337857     -0.0693067      -0.027717      0.0588799     -0.0586496       0.105201     -0.0740292    -0.00310567      0.0165982     -0.0149306     -0.0306696        48.2535
     -0.0557952     -0.0450025        -0.0644     -0.0338264        0.11776      -0.146624      0.0863594      -0.152327   -0.000610496    -0.00319232     -0.0464085     -0.0415673        44.8364
     -0.0545113     -0.0441994     -0.0619467      -0.037492      0.0588798      -0.087974       0.103489      -0.065572     -0.0100563     -0.0182743     -0.0367273     -0.0400561        36.0336
     -0.0491214     -0.0457066     -0.0582667     -0.0399357        0.08832     -0.0586496       0.119907     -0.0893638    -0.00629308     -0.0146583     -0.0433853     -0.0232837        34.7201
     -0.0478829     -0.0477238     -0.0558133     -0.0423794      0.0588803     -0.0586495       0.103111     -0.0672719    -0.00882092     -0.0153883    -0.00318202      0.0201149         44.931
     -0.0367451     -0.0587478       -0.04968     -0.0497106         0.1472      -0.175949        0.15998      -0.066816     -0.0177689     0.00205826      0.0434122      0.0237179         55.113
     -0.0348931     -0.0586019         -0.046     -0.0521543        0.08832     -0.0586495       0.136452     -0.0901075      -0.028812       0.026019     0.00401974    -0.00563851        44.7102
     -0.0301996     -0.0655872       -0.04232     -0.0570418        0.08832      -0.117299       0.166202     -0.0988063     -0.0339493      0.0091921     -0.0152965     -0.0266134        40.9849
     -0.0281677     -0.0669623       -0.03864     -0.0607074        0.08832     -0.0879744       0.115239     -0.0676413     -0.0338129    -0.00498391     -0.0379304     -0.0516999        39.1225
     -0.0121634     -0.0687121     -0.0300533      -0.064373        0.20608     -0.0879741       0.228203     -0.0367048     -0.0391083     -0.0141652     -0.0654696     -0.0839166        41.2354
    -0.00989217     -0.0697591     -0.0251467     -0.0668167        0.11776     -0.0586495       0.199564     -0.0453753     -0.0264582     -0.0316752      -0.102363      -0.102065        37.1598
     -0.0116843     -0.0697882     -0.0214667     -0.0680386        0.08832     -0.0293249      0.0984954     -0.0364647     -0.0177586     -0.0502303      -0.101767     -0.0788507        32.7657
    -0.00823027     -0.0706678     -0.0177867     -0.0704823        0.08832     -0.0586494       0.131879      0.0248407     -0.0162658     -0.0508826     -0.0559346     -0.0479127        33.2225
      0.0113922     -0.0723203    -0.00797335      -0.072926        0.23552     -0.0586495        0.26176      0.0335863     0.00397429     -0.0276049     -0.0398913      -0.049025        23.4222
     0.00663899     -0.0761894    -0.00429335     -0.0753698        0.08832     -0.0586495       0.120409    -0.00303001      0.0129362     -0.0176894     -0.0581591     -0.0661193        25.0061
      0.0116025      -0.077224    0.000613327     -0.0765916        0.11776     -0.0293246       0.136559     -0.0129132    -0.00452056     -0.0269506     -0.0740796     -0.0689716         26.532
      0.0150246     -0.0733904        0.00552     -0.0765916        0.11776              0      0.0925783      0.0608263      -0.013484     -0.0362628     -0.0638639     -0.0698162        25.2439
      0.0367563     -0.0723979        0.01656     -0.0765916        0.26496              0       0.263667      0.0620877     -0.0185309     -0.0305871      -0.075769     -0.0824603        38.3107
      0.0331382     -0.0719427      0.0214667     -0.0765916        0.11776              0       0.116841      0.0687263   -0.000676895     -0.0344137     -0.0891519     -0.0956143        30.8549
      0.0382291     -0.0721397      0.0263733     -0.0765916        0.11776              0       0.174615      0.0577364     0.00308475     -0.0417093      -0.102076      -0.101823        26.0578
      0.0412431     -0.0714201        0.03128     -0.0765916        0.11776              0       0.113242      0.0775626      0.0237301     -0.0480602      -0.101569      -0.102035        25.1305
      0.0535197     -0.0628085      0.0398667      -0.072926        0.20608      0.0879741       0.154348       0.128681      0.0181772     -0.0485714      -0.102501     -0.0966047        27.6777
      0.0588231     -0.0633689          0.046     -0.0717042         0.1472      0.0293248       0.164267       0.113721      0.0103692     -0.0476121     -0.0907073     -0.0857283        29.3115
      0.0598342     -0.0599202      0.0509067     -0.0692604        0.11776      0.0586495      0.0841954        0.12445       0.010758     -0.0407705     -0.0807494     -0.0753331        27.5252
      0.0662491     -0.0587641      0.0558133     -0.0668167        0.11776      0.0586495       0.146377      0.0936315      0.0038856     -0.0358169     -0.0699165     -0.0546982          22.57
      0.0826352     -0.0502658      0.0656267     -0.0619293        0.23552       0.117299       0.202346       0.153873      0.0123415     -0.0305176     -0.0394801     -0.0307827         23.578
      0.0777645     -0.0523115      0.0693067     -0.0594855        0.08832      0.0586494      0.0788899      0.0762312     0.00640485     -0.0162045     -0.0220856    -0.00148707        17.7104
      0.0831083     -0.0484366      0.0742133     -0.0570418        0.11776      0.0586496       0.108367       0.142889     -0.0010536    -0.00662423      0.0191126     0.00281572        22.0224
      0.0885087     -0.0480614        0.07912     -0.0545981        0.11776      0.0586496       0.117338      0.0736609      0.0155354      0.0172732     -0.0134831     -0.0239454        15.0132
      0.0995342     -0.0402101        0.08648     -0.0497106        0.17664       0.117299       0.165188       0.116457      0.0265257      0.0037167     -0.0344076     -0.0430973        15.9586
      0.0947316     -0.0390977      0.0889333      -0.046045      0.0588802      0.0879742      0.0802782      0.0787619      0.0284023     -0.0101444     -0.0517869     -0.0595937        12.5701
      0.0994505     -0.0361132        0.09384     -0.0423794        0.11776      0.0879744      0.0292637      0.0488877      0.0188745     -0.0177056     -0.0674009     -0.0557691        19.5545
       0.101666     -0.0291478      0.0962933     -0.0387138      0.0588804      0.0879744      0.0768289       0.136208     0.00980875     -0.0248256     -0.0441363     -0.0416223        19.4146
        0.11619     -0.0231349       0.103653     -0.0338264        0.17664       0.117299       0.164812       0.119007      0.0204887     -0.0154702     -0.0391082     -0.0248304        31.1564
       0.111828     -0.0235005       0.106107     -0.0313826      0.0588795      0.0586496      0.0514534       0.102517      0.0232668    -0.00879444     -0.0105519    -0.00104123        11.9108
       0.116313     -0.0224611       0.109787     -0.0289389        0.08832      0.0586495      0.0837623      0.0827715      0.0129977     0.00611602     0.00847006      0.0126925        12.8977
       0.120372     -0.0215663       0.113467     -0.0264952        0.08832      0.0586496      0.0826657      0.0557933      0.0135976      0.0155529      0.0169153      0.0220389        16.6445
       0.126945      -0.016755       0.118373     -0.0228296       0.117761      0.0879744      0.0993024      0.0733049      0.0110376       0.019615       0.027163      0.0282507        23.1331
       0.121917     -0.0170088       0.120827     -0.0203859      0.0588795      0.0586491     -0.0327042         0.0224     0.00560889      0.0237179      0.0293388      0.0274744        12.8168
       0.128184     -0.0139328       0.124507      -0.019164        0.08832      0.0293248      0.0574781      0.0862435     0.00296543      0.0251087        0.02561      0.0118351        13.5768
       0.131297     -0.0127149        0.12696     -0.0167203      0.0588804      0.0586496      0.0416255      0.0298859     0.00989208      0.0218894    -0.00194085    -0.00283875         14.082
       0.142678    -0.00626759       0.133093     -0.0130547         0.1472      0.0879744       0.123025      0.0931827       0.013964     0.00666021    -0.00373648     -0.0134432        28.7365
       0.140312    -0.00579521       0.135547     -0.0106109      0.0588791      0.0586496      0.0454862      0.0424997      0.0242671     0.00433444     -0.0231493     -0.0166956        18.3511
        0.14144    -0.00470367          0.138    -0.00938906      0.0588806      0.0293248      0.0410078       0.074423      0.0263757    -0.00287725     -0.0102418     -0.0184468        16.2528
       0.145855    -0.00210004        0.14168    -0.00694534      0.0883198      0.0586491      0.0413965      0.0476213      0.0319166    0.000871766     -0.0266516      -0.022265        18.9093
       0.149034      0.0026525        0.14536    -0.00450161      0.0883201      0.0586496      0.0295965       0.109795      0.0330058    -0.00390197     -0.0178787     -0.0320233         20.355
       0.149937    0.000812331       0.147813    -0.00327974      0.0588802      0.0293248      0.0193391      0.0358803      0.0344203    -0.00319434     -0.0461669     -0.0433652        20.0705
       0.148521      0.0050908        0.14904    -0.00083601      0.0294399      0.0586496     -0.0181433      0.0777302      0.0407999     -0.0178161     -0.0405621     -0.0383478        25.5809
        0.15226     0.00534858       0.151493    0.000385857      0.0588802      0.0293248     0.00589453      0.0647342      0.0444816     -0.0169715     -0.0361336     -0.0343036        18.8226
       0.152241       0.011821        0.15272     0.00405146      0.0294396      0.0879744     -0.0107635      0.0953529      0.0478668      -0.013613     -0.0324736     -0.0286521        21.1485
        0.15006      0.0126268        0.15272     0.00649517              0      0.0586491     -0.0402555      0.0695651      0.0465916     -0.0115411     -0.0248306     -0.0143644        16.9683
       0.149902      0.0116945        0.15272     0.00771704              0      0.0293248     -0.0399471       0.050265      0.0389405    -0.00782884    -0.00389885     0.00505304        13.2181
       0.150388      0.0143813        0.15272      0.0101608              0      0.0586496     -0.0331355      0.0464154      0.0286426     0.00512408      0.0140047      0.0250196        15.0876
       0.148301      0.0162681       0.151493      0.0126045     -0.0294396      0.0586496     -0.0398532      0.0397829      0.0199431      0.0141356      0.0360351      0.0462437         15.607
        0.14986      0.0182506       0.151493      0.0150482              0      0.0586496      -0.026111      0.0368456      0.0121574      0.0246423      0.0564528      0.0603752        22.3868
       0.146602      0.0169946       0.150267      0.0162701     -0.0294406      0.0293248     -0.0610043     0.00314249     0.00420103      0.0343227      0.0642972      0.0631857        21.0769
         0.1481      0.0189135       0.150267       0.017492              0      0.0293248     -0.0320551      0.0309497     0.00229881        0.03808      0.0620747        0.04073        21.5695
       0.144966      0.0177858        0.14904      0.0187138     -0.0294396      0.0293248     -0.0554748      -0.041082       0.015648      0.0371781      0.0193849       0.021626        25.2485
       0.142055      0.0143135       0.147813      0.0187138     -0.0294399              0     -0.0799673     -0.0868737      0.0371799      0.0140066        0.02387      0.0518999        28.4401
       0.144529      0.0166001       0.146587      0.0187138     -0.0294406              0      0.0259483    -0.00540647      0.0518703      0.0176924      0.0799303      0.0893064        26.1323
        0.13875      0.0174987        0.14536      0.0187138     -0.0294396              0      -0.123114    -0.00285061      0.0642309      0.0450483        0.09868      0.0841384        21.1822
       0.140398      0.0125366       0.144133       0.017492     -0.0294396     -0.0293248     -0.0180119     -0.0737296      0.0346319      0.0569765      0.0695963      0.0609803        23.4971
       0.134109      0.0055428       0.140453      0.0138264     -0.0883201     -0.0879744     -0.0824639      -0.097402      0.0267387      0.0420153      0.0523643      0.0350561        28.9006
       0.133433     0.00152319       0.139227      0.0113826     -0.0294406     -0.0586496       -0.10529      -0.155251   -0.000441934      0.0311013      0.0177474      0.0287776        35.7169
       0.133353      0.0032971       0.136773      0.0101608     -0.0588795     -0.0293248     -0.0226538     -0.0880882     -0.0282682      0.0111657      0.0398078      0.0513229        25.1282
       0.132265    -0.00245295       0.135547     0.00649517     -0.0294406     -0.0879744     -0.0584009      -0.111826     -0.0121852      0.0201979      0.0628381      0.0685344        30.9293
       0.131845    -0.00560609        0.13432     0.00282959     -0.0294396     -0.0879739     -0.0176733     -0.0871224    -0.00298145      0.0335579      0.0742307      0.0602608        35.5358
       0.130085    -0.00941811        0.13432    -0.00083601              0     -0.0879744     -0.0827654      -0.102145      0.0199805      0.0391191      0.0462904      0.0246396        37.7234
       0.133348     -0.0125992        0.13432    -0.00450161              0     -0.0879744      0.0318862     -0.0988246      0.0323019       0.026342     0.00298929     -0.0170213        39.5041
       0.129708     -0.0286437       0.133093     -0.0130547     -0.0294396      -0.205273     -0.0407854      -0.205108      0.0563924     0.00574576     -0.0370313     -0.0391994        46.6607
       0.127604     -0.0237111       0.133093     -0.0154984              0     -0.0586496     -0.0969514      -0.104142      0.0526495     -0.0169346     -0.0413679     -0.0326576        26.6043
       0.128677     -0.0167922       0.133093     -0.0154984              0              0     -0.0628795    -0.00970967      0.0286698     -0.0169284     -0.0239471     -0.0171303        25.8614
       0.129818     -0.0220324       0.131867     -0.0179421     -0.0294406     -0.0586496     0.00373487     -0.0588162        0.02619    -0.00834049     -0.0103134      0.0058589        19.5977
       0.132689     -0.0254854       0.133093     -0.0203859      0.0294406     -0.0586496     -0.0264244     -0.0628395      0.0262854   -0.000222456      0.0220308      0.0367026        24.6992
       0.128209     -0.0366972       0.131867     -0.0264952     -0.0294406      -0.146624     -0.0644592      -0.113008    0.000303005      0.0148883       0.051374       0.049418         39.524
       0.131188     -0.0368845       0.131867     -0.0289389              0     -0.0586496   -0.000737124      -0.101901    -0.00979891      0.0295941       0.047462      0.0455499        39.7791
        0.13128     -0.0389838       0.131867     -0.0326045              0     -0.0879744     -0.0116826     -0.0479155     0.00665197      0.0278125      0.0436373      0.0103798        37.7809
       0.129421     -0.0500548       0.131867     -0.0387138              0      -0.146623     -0.0473184       -0.15456      0.0139535      0.0243394     -0.0228762     -0.0366242        42.1236
       0.131209     -0.0482578       0.131867     -0.0411576              0     -0.0586496      0.0139046     -0.0926207      0.0229583    -0.00723995      -0.050372     -0.0538019        28.1925
       0.129872      -0.045978       0.131867     -0.0423794              0     -0.0293248     -0.0324652     -0.0529445      0.0417307     -0.0233734     -0.0572322     -0.0454694        27.2018
        0.12567     -0.0456487        0.13064     -0.0448232     -0.0294399     -0.0586496      -0.072129      0.0238045      0.0387686     -0.0244123     -0.0337061     -0.0465384        24.5739
       0.127029     -0.0541048       0.129413     -0.0497106     -0.0294396      -0.117299   -0.000330735       -0.04446      0.0322032     -0.0137215     -0.0593714     -0.0744068        24.1169
       0.122914     -0.0567756       0.128187     -0.0521543     -0.0294406     -0.0586495     -0.0998658     -0.0782554      0.0249815     -0.0278219     -0.0894425     -0.0719785        20.6797
       0.125497     -0.0553287       0.128187     -0.0545981              0     -0.0586494     -0.0376498      0.0261329    -0.00784245     -0.0432822      -0.054516     -0.0597028        17.8045
       0.128797     -0.0544846       0.128187     -0.0558199              0     -0.0293249      0.0258081      0.0277064    -0.00688794     -0.0286993     -0.0648904     -0.0735109        16.0709
       0.125235     -0.0573676        0.12696     -0.0570418     -0.0294396     -0.0293248     -0.0283142     -0.0168511     0.00228701     -0.0289612     -0.0821311      -0.069271        13.5528
        0.12376     -0.0620361       0.125733     -0.0607074     -0.0294399     -0.0879744     -0.0215955      0.0149956    -0.00399389      -0.039429     -0.0564108     -0.0628881          18.24
       0.123509     -0.0591462       0.125733     -0.0607074              0              0     -0.0509433      0.0149997    -0.00703111     -0.0290653     -0.0693645     -0.0619303        22.2552
       0.124393     -0.0603749       0.124507     -0.0619293     -0.0294405     -0.0293246       0.036337      0.0361375    -0.00465026     -0.0317857     -0.0544954      -0.057814        18.1479
       0.120164     -0.0650489        0.12328      -0.064373     -0.0294397     -0.0586495     -0.0598956     -0.0026008      0.0193363     -0.0250503     -0.0611323     -0.0602356        17.3973
       0.119323     -0.0627363       0.122053      -0.064373     -0.0294396              0     -0.0243151      0.0227504     0.00793371     -0.0268012     -0.0593392     -0.0545127        11.9108
       0.121304     -0.0619522       0.122053      -0.064373              0              0    -0.00756595       0.035615      0.0103982     -0.0270733     -0.0496861     -0.0444045        11.5601
       0.118442     -0.0619161       0.120827      -0.064373     -0.0294406              0     -0.0335316      0.0356033       0.009132     -0.0228007     -0.0391228     -0.0339143        9.34113
       0.117145     -0.0619748         0.1196      -0.064373     -0.0294397              0     -0.0296379       0.037331     0.00334177     -0.0171883     -0.0287057     -0.0272874        10.2606
       0.116449     -0.0624809       0.118373      -0.064373     -0.0294397              0     -0.0183616      0.0266455     0.00171277     -0.0106107     -0.0258691     -0.0247147        9.23949
        0.11527     -0.0632546       0.117147      -0.064373     -0.0294406              0     -0.0215831      0.0119143     0.00160847    -0.00931801     -0.0235604     -0.0179675        10.0924
       0.114516     -0.0625541        0.11592      -0.064373     -0.0294396              0     -0.0112232       0.034935    -0.00176468    -0.00853063     -0.0123746     -0.0169755        10.3851
       0.115788     -0.0634371        0.11592      -0.064373              0              0    -0.00691987     0.00743451    -0.00504532    -0.00320638     -0.0215771     -0.0197101        13.8361
       0.113351     -0.0626781       0.114693      -0.064373     -0.0294397              0     -0.0168072      0.0328573    -0.00983992    -0.00591041     -0.0178431     -0.0248319         10.446
       0.114645     -0.0633394       0.114693      -0.064373              0              0   -0.000636923     0.00800883     -0.0075269     -0.0059718     -0.0318208     -0.0307705        11.4393
       0.115544     -0.0632643       0.114693      -0.064373              0              0      0.0208263      0.0154346     0.00191698     -0.0124576     -0.0297204     -0.0271609         9.7785
       0.117627      -0.059766        0.11592     -0.0631511      0.0294397      0.0293248      0.0158771      0.0479756      0.0101698     -0.0116067     -0.0246015     -0.0252582          8.795
       0.113282     -0.0608101       0.114693     -0.0631511     -0.0294397              0     -0.0158422      0.0350134     0.00951204    -0.00927295      -0.025915     -0.0294213        7.99698
       0.113775       -0.06181       0.114693     -0.0631511              0              0     -0.0156336      0.0134829     0.00947282    -0.00902344     -0.0329276     -0.0297984        8.78434
       0.114234     -0.0610645       0.114693     -0.0631511              0              0    -0.00406154      0.0375753     0.00940475     -0.0116722      -0.026669     -0.0312715        8.26592
       0.114544     -0.0609923       0.114693     -0.0631511              0              0    0.000891145      0.0318051      0.0109776     -0.0105063     -0.0358737     -0.0412477         8.6888
        0.11466     -0.0613622       0.114693     -0.0631511              0              0     0.00111616       0.021671      0.0109455     -0.0147318     -0.0466217     -0.0464114        9.35898
       0.113781     -0.0611491       0.114693     -0.0631511              0              0     -0.0228583      0.0282425     0.00782976     -0.0202011     -0.0462011     -0.0431587        8.85263
       0.114571     -0.0604527       0.114693     -0.0631511              0              0     0.00325036      0.0441185     0.00214705     -0.0207595     -0.0401163      -0.042472        8.15059
       0.114667     -0.0583611       0.114693     -0.0619293              0      0.0293248    0.000109319       0.039674     0.00652919     -0.0180903     -0.0448279     -0.0388629        8.08034
       0.111359     -0.0593209       0.113467     -0.0619293     -0.0294406              0     -0.0276962      0.0398884       0.008324     -0.0187079     -0.0328979      -0.030185        7.97386
        0.11246     -0.0597033       0.113467     -0.0619293              0              0     -0.0136934      0.0330872     0.00857434     -0.0146746     -0.0274721      -0.026842        8.36025
       0.110132     -0.0598539        0.11224     -0.0619293     -0.0294397              0     -0.0224705       0.032441      0.0102211     -0.0110626     -0.0262119     -0.0289981        7.67886
        0.11091     -0.0574834        0.11224     -0.0607074              0      0.0293246     -0.0225456      0.0386926      0.0115863     -0.0106413     -0.0317843     -0.0303104        7.22248
       0.108353     -0.0591501       0.111013     -0.0607074     -0.0294396              0      -0.033641      0.0174302      0.0104768     -0.0123388     -0.0288367     -0.0225737        7.72237
       0.110037     -0.0589239       0.111013     -0.0607074              0              0    -0.00968696      0.0312663      0.0110717     -0.0121077     -0.0163105     -0.0167557        7.62509
       0.107061     -0.0568856       0.109787     -0.0594855     -0.0294406      0.0293248     -0.0374073      0.0275988      0.0131389    -0.00617625     -0.0172009     -0.0121516        6.41976
       0.105181     -0.0578627        0.10856     -0.0594855     -0.0294397              0     -0.0453308      0.0275112      0.0130198    -0.00536634    -0.00710227    -0.00829131        7.43283
       0.106996     -0.0586104        0.10856     -0.0594855              0              0     -0.0191652      0.0106513      0.0131355    -0.00042702    -0.00948058    -0.00961092        9.66987
       0.107551      -0.055785        0.10856     -0.0582637              0      0.0293249     -0.0122732      0.0327524      0.0153651   -0.000400555    -0.00974143     -0.0113224        7.32441
       0.104904     -0.0570022       0.107333     -0.0582637     -0.0294397              0     -0.0276883        0.01755      0.0163758    -0.00077666     -0.0129033     -0.0150121         7.6909
       0.105832     -0.0576804       0.107333     -0.0582637              0              0     -0.0242113     0.00452815      0.0156703    -0.00253965     -0.0171208     -0.0147071         7.4314
       0.103411     -0.0572944       0.106107     -0.0582637     -0.0294405              0     -0.0348987      0.0176708      0.0102485    -0.00473226     -0.0122935     -0.0136553        7.03754
       0.104937     -0.0546191       0.106107     -0.0570418              0      0.0293248     -0.0164027      0.0281764       0.008764    -0.00359727     -0.0150172     -0.0135921        5.98037
        0.10517     -0.0557559       0.106107     -0.0570418              0              0     -0.0154929      0.0188405     0.00887117    -0.00367905     -0.0121671     -0.0121769        7.82702
       0.102618     -0.0559765        0.10488     -0.0570418     -0.0294397              0     -0.0247668      0.0166397      0.0101444    -0.00283028     -0.0121868     -0.0141349         7.5358
       0.103442     -0.0531836        0.10488     -0.0558199              0      0.0293248     -0.0221449      0.0334639       0.014431    -0.00268103     -0.0160829     -0.0175332        6.52353
        0.10045     -0.0542916       0.103653     -0.0558199     -0.0294397              0     -0.0437697      0.0219625      0.0150734    -0.00338663     -0.0189834     -0.0211611        9.47901
       0.102315     -0.0551487       0.103653     -0.0558199              0              0     -0.0120303     0.00359391      0.0163655    -0.00471402     -0.0233388     -0.0188134        8.01571
      0.0995555     -0.0517014       0.102427     -0.0545981     -0.0294406      0.0293249     -0.0370154      0.0420778      0.0197981    -0.00699033     -0.0142886     -0.0144025        6.95928
       0.097571     -0.0532016         0.1012     -0.0545981     -0.0294396              0     -0.0501431      0.0171536      0.0170748    -0.00343157     -0.0145162     -0.0130214        6.17624
      0.0999237     -0.0538154         0.1012     -0.0545981              0              0     -0.0119801       0.010053      0.0130641    -0.00331892     -0.0115267    -0.00918254        7.10015
      0.0974608     -0.0515387      0.0999733     -0.0533762     -0.0294397      0.0293245     -0.0331168      0.0175804       0.012447    -0.00230886    -0.00683839    0.000464916        6.08325
      0.0990128     -0.0526239      0.0999733     -0.0533762              0              0     -0.0130323      0.0130904     0.00813315    8.80954e-06     0.00776768      0.0103736        11.0119
      0.0969902     -0.0504575      0.0987466     -0.0521543     -0.0294406      0.0293249     -0.0180701       0.019051     0.00475488     0.00712632      0.0129795      0.0150971        10.0999
      0.0955318     -0.0522967        0.09752     -0.0521543     -0.0294397              0     -0.0235571    -0.00452997     0.00372538      0.0102944      0.0172153      0.0196137        16.1631
      0.0944538     -0.0526947      0.0962933     -0.0521543     -0.0294396              0     -0.0201733    -0.00597752    0.000301336      0.0125507      0.0220122      0.0209889        19.0137
      0.0906952     -0.0561179        0.09384     -0.0533762     -0.0588804     -0.0293249     -0.0327443     -0.0370586     -0.0021086      0.0146776      0.0199661      0.0201373         21.694
      0.0932734     -0.0541201        0.09384     -0.0533762              0              0     -0.0110751    -0.00140112    -0.00399878      0.0146325       0.020309      0.0106449        19.9913
      0.0910798       -0.05623      0.0926133     -0.0545981     -0.0294397     -0.0293245     -0.0194941     -0.0148738    -0.00775375      0.0144527    0.000980854     -0.0130593        20.1189
      0.0921712     -0.0576859      0.0926133     -0.0558199              0     -0.0293249    -0.00852197     -0.0236801    -0.00539639     0.00491332     -0.0270994     -0.0362864        17.5782
      0.0905359     -0.0576176      0.0913866     -0.0570418     -0.0294405     -0.0293248      0.0048099     0.00323074      0.0022001    -0.00937511     -0.0454736     -0.0583434        17.0108
      0.0906724     -0.0587197      0.0913866     -0.0582637              0     -0.0293248     -0.0149224    -0.00826721      0.0135994     -0.0211582     -0.0712133     -0.0726851        20.2235
      0.0873942     -0.0564814        0.09016     -0.0582637     -0.0294397              0     -0.0388326      0.0242403     0.00877068     -0.0336611     -0.0741575     -0.0686513         15.576
      0.0893099     -0.0548099        0.09016     -0.0582637              0              0    -0.00563976      0.0559982     0.00797806     -0.0355429     -0.0631448     -0.0625999        14.6635
      0.0899141     -0.0521083        0.09016     -0.0570418              0      0.0293248   -0.000177407      0.0631456      0.0110273     -0.0301106     -0.0620547     -0.0574247        12.2083
      0.0862817     -0.0525319      0.0889333     -0.0570418     -0.0294397              0      -0.041196      0.0730971      0.0107836     -0.0285356     -0.0527943     -0.0573822        9.48357
      0.0879562     -0.0537354      0.0889333     -0.0570418              0              0     -0.0105141      0.0410517     0.00510976     -0.0247518     -0.0619701     -0.0602797        9.29582
      0.0849208     -0.0513415      0.0877067     -0.0558199     -0.0294401      0.0293248      -0.041418      0.0573454     0.00606916     -0.0280876      -0.058589     -0.0523758        8.38113
      0.0849431     -0.0457889        0.08648     -0.0533762     -0.0294401      0.0586494   -0.000164345       0.108862     0.00662634     -0.0268257     -0.0461628     -0.0503184        7.45143
      0.0828127     -0.0468642      0.0852533     -0.0521543     -0.0294397      0.0293249     -0.0357503      0.0595587       0.013572     -0.0212646     -0.0544747     -0.0482697        7.46762
      0.0822265     -0.0461916      0.0840267     -0.0509325     -0.0294401      0.0293248      -0.014704      0.0616017     0.00394711      -0.023132      -0.042064     -0.0347043         7.6465
      0.0842142     -0.0453099      0.0840267     -0.0497106              0      0.0293248     0.00153422      0.0566029     -0.0032269     -0.0193052     -0.0273448     -0.0195968         10.838
      0.0824368     -0.0354215         0.0828     -0.0448232     -0.0294403       0.117299    0.000143063       0.120269     -0.0121901     -0.0114797     -0.0118487    -0.00913099        11.3033
      0.0863785     -0.0396204      0.0840267     -0.0436013      0.0294403      0.0293248      0.0218532      0.0370203     -0.0190964    -0.00265635    -0.00641331     0.00701857        22.1929
      0.0845037      -0.038382         0.0828     -0.0423794     -0.0294403      0.0293249      0.0437267        0.06703     -0.0214384   -0.000574124      0.0204501      0.0142269        16.7368
      0.0828599     -0.0352632         0.0828     -0.0399357              0      0.0586495     -0.0222602      0.0550724     -0.0134176      0.0116157     0.00800371     0.00147009        16.9539
      0.0871185     -0.0347733      0.0840267     -0.0387138      0.0294403      0.0293249        0.05283      0.0581771     -0.0177759     0.00806307    -0.00506392     -0.0206677        8.51968
      0.0877541     -0.0353647      0.0852533      -0.037492      0.0294401      0.0293248       0.024373      0.0070582   -0.000615622   -0.000342977     -0.0362714     -0.0309532        8.36542
      0.0864029     -0.0322808      0.0852533     -0.0362701              0      0.0293243      0.0258874      0.0641054     0.00718543      -0.015061     -0.0256359     -0.0317131        10.4831
      0.0885295     -0.0309745        0.08648     -0.0350482      0.0294397      0.0293249      0.0281309      0.0490797      0.0191831     -0.0101156     -0.0377909     -0.0394469        11.7385
      0.0891276     -0.0267744      0.0877067     -0.0326045      0.0294401      0.0586495     0.00847065      0.0725616      0.0160775      -0.013701     -0.0411032     -0.0394632        11.4368
      0.0909999     -0.0295145      0.0889333     -0.0326045      0.0294401              0       0.026186      0.0416056      0.0065243      -0.016094     -0.0378231     -0.0353472        7.94514
      0.0899789     -0.0272439      0.0889333     -0.0313826              0      0.0293249      0.0157701      0.0561461     0.00351426     -0.0154827     -0.0328713     -0.0319287        9.03122
      0.0954422     -0.0292716      0.0913866     -0.0313826      0.0588795              0      0.0469028       0.025068    0.000892733     -0.0127808     -0.0309861     -0.0256529        12.7747
      0.0962876     -0.0263812      0.0926133     -0.0301608      0.0294405      0.0293248      0.0479445      0.0551951    -0.00385907     -0.0116722     -0.0203196     -0.0211521        11.3009
      0.0973823      -0.028777        0.09384     -0.0301608      0.0294397              0       0.043795      0.0110291    -0.00611236    -0.00723792     -0.0219847     -0.0149033        13.8869
      0.0990919      -0.029991      0.0950666     -0.0301608      0.0294397              0      0.0562022    -0.00339693    -0.00755444    -0.00745071    -0.00782112     0.00518131        13.7236
        0.10045     -0.0293927      0.0962933     -0.0301608      0.0294406              0      0.0546679      0.0209302    -0.00771823    -0.00191618      0.0181832      0.0182176        17.0704
       0.101116     -0.0283591        0.09752     -0.0301608      0.0294396              0      0.0394836      0.0423869     -0.0107843      0.0108775      0.0182533     -0.0032603        19.2204
       0.107208     -0.0320422         0.1012     -0.0313826      0.0883201     -0.0293248      0.0604145    -0.00870846     -0.0148781      0.0120636     -0.0247736     -0.0417725        28.9683
       0.105741     -0.0303368       0.102427     -0.0313826      0.0294396              0      0.0389659      0.0146103     -0.0112579     -0.0091175     -0.0587711     -0.0700277        24.2698
       0.107206     -0.0320676       0.103653     -0.0313826      0.0294406              0      0.0614223      -0.041363      0.0129667     -0.0306934     -0.0812837     -0.0574041        28.3578
       0.106237     -0.0229649        0.10488     -0.0289389      0.0294397      0.0586495     0.00601895      0.0964699      0.0307202       -0.03983     -0.0335252      -0.026702        18.1012
       0.104419     -0.0242593        0.10488     -0.0289389              0              0   -0.000244268      0.0761881      0.0298968      -0.018213     -0.0198795     -0.0281915        8.65801
       0.106565     -0.0276671       0.106107     -0.0289389      0.0294397              0    0.000684218   -0.000119776      0.0292647    -0.00825228     -0.0365035     -0.0268786         7.6713
       0.107785     -0.0301394       0.107333     -0.0301608      0.0294405     -0.0293248     -0.0047494      0.0133681       0.021051     -0.0167465     -0.0172527     -0.0167283         8.7471
       0.106768     -0.0289623       0.107333     -0.0301608              0              0    -0.00915023      0.0199903      0.0128065      -0.010453     -0.0162044     -0.0185663        8.00895
       0.110361     -0.0262006        0.10856     -0.0289389      0.0294397      0.0293248      0.0279166      0.0336706      0.0122579    -0.00776554     -0.0209282     -0.0214664        6.42295
       0.109161     -0.0279748        0.10856     -0.0289389              0              0      0.0075607     0.00715399      0.0123533    -0.00948776     -0.0220043     -0.0156903        7.58113
       0.109273     -0.0253348        0.10856      -0.027717              0      0.0293248      0.0122136      0.0295547     0.00778541     -0.0108212    -0.00937579    -0.00266227        6.65727
       0.109676     -0.0239932        0.10856     -0.0264952              0      0.0293248      0.0162838       0.029775    0.000436043     -0.0054933     0.00405169      0.0105095        11.0275
       0.112766     -0.0259339       0.109787     -0.0264952      0.0294397              0      0.0348551     0.00780393    -0.00724914     0.00155507      0.0169673      0.0200915        20.5589
       0.114835     -0.0265547       0.111013     -0.0264952      0.0294406              0      0.0481229     0.00218578     -0.0130596     0.00766026      0.0232153      0.0204678        26.2773
       0.115959     -0.0264128        0.11224     -0.0264952      0.0294396              0      0.0434214     0.00727751     -0.0125348      0.0107587      0.0177207     0.00674105        22.9386
       0.119026       -0.02727       0.114693     -0.0264952      0.0588804              0      0.0430579     -0.0189737      -0.007602     0.00820016    -0.00423886    -0.00586106         23.726
       0.119269     -0.0267767        0.11592     -0.0264952      0.0294397              0      0.0495389    -0.00284423     0.00292799    -0.00271357    -0.00748282    -0.00875462        19.8409
       0.117419     -0.0251492       0.117147     -0.0264952      0.0294396              0     -0.0187289      0.0306674      0.0224778    -0.00529887     -0.0100265     -0.0226335        19.9162
       0.119132     -0.0242241       0.118373     -0.0264952      0.0294406              0      0.0233178      0.0381396      0.0313457    -0.00573672     -0.0352393     -0.0535253        19.3353
       0.119606     -0.0259394         0.1196      -0.027717      0.0294397     -0.0293248    -0.00196227      0.0358619      0.0507725     -0.0177262     -0.0718118      -0.094428        24.8203
       0.116192     -0.0266071         0.1196      -0.027717              0              0     -0.0580751     -0.0117921      0.0507403     -0.0417298      -0.117044      -0.105748         24.919
       0.120496     -0.0230184       0.120827     -0.0264952      0.0294397      0.0293248      0.0086941       0.036534      0.0418654     -0.0639012     -0.0944537     -0.0700589          24.16
       0.119011     -0.0184952       0.120827     -0.0252733              0      0.0293248     -0.0324869       0.110615       0.039128     -0.0542532     -0.0456641     -0.0392022         16.121
       0.121853     -0.0196618       0.122053     -0.0240514      0.0294406      0.0293248     -0.0106448      0.0395416      0.0213613     -0.0275967     -0.0327383     -0.0105237        22.8663
       0.121996      -0.018913       0.122053     -0.0228296              0      0.0293248     0.00016091      0.0581327     0.00698433     -0.0200986      0.0116887      0.0229502        21.2081
       0.123339     -0.0211891        0.12328     -0.0228296      0.0294396              0     -0.0247801      0.0280041    2.34592e-05   -0.000807297      0.0342116      0.0324974        20.2425
       0.124656     -0.0197591        0.12328     -0.0216077              0      0.0293243      0.0391226      0.0248971    -0.00663903      0.0165818      0.0307832      0.0235572        17.3767
        0.11996     -0.0182249       0.122053     -0.0203859     -0.0294396      0.0293248     -0.0368218      0.0306801      0.0113051      0.0151172      0.0163302     0.00250101        10.8321
       0.120596      -0.020327       0.122053     -0.0203859              0              0     -0.0183704    -0.00697374      0.0127661      0.0067706     -0.0113286     -0.0168589        16.7662
       0.118517     -0.0159441       0.120827     -0.0179421     -0.0294406      0.0586496     -0.0199391     0.00340266      0.0177531    -0.00695146     -0.0223898     -0.0071349        14.7531
       0.119618     -0.0133635       0.120827     -0.0167203              0      0.0293248     -0.0145993      0.0567652      0.0221144     -0.0124002     0.00811911     0.00783396        6.81182
       0.118912    -0.00991781       0.120827     -0.0142765              0      0.0586496     -0.0374058      0.0486543      0.0175774     0.00132583     0.00754976      0.0094676        6.77332
       0.117086     -0.0106591         0.1196     -0.0130547     -0.0294397      0.0293248     -0.0262577       0.025316     0.00750754      0.0036472      0.0113854      0.0149713        6.38351
       0.121723     -0.0127803       0.120827     -0.0130547      0.0294397              0      0.0105438     0.00365068     0.00998924     0.00472926      0.0185571      0.0194006        9.06416
       0.117949     -0.0108704         0.1196     -0.0118328     -0.0294397      0.0293248     -0.0205406     0.00677505     0.00969086     0.00740658      0.0202436      0.0227351        5.92634
       0.119119    -0.00961042         0.1196     -0.0106109              0      0.0293248    -0.00598741      0.0077763     0.00723002     0.00906943      0.0252261      0.0282073        7.09679
       0.119455     -0.0084109         0.1196    -0.00938906              0      0.0293248    -0.00320335     0.00855127     0.00449083      0.0111005       0.031189      0.0328536        7.40812
       0.116672     -0.0106545       0.118373    -0.00938906     -0.0294397              0      -0.020605     -0.0232531     0.00321934      0.0141337      0.0345178      0.0389042        9.47681
       0.120647     -0.0104153         0.1196    -0.00938906      0.0294397              0     0.00895137    -0.00655667     0.00325677      0.0167005      0.0432906      0.0365405        10.8377
       0.119589     -0.0114071         0.1196    -0.00938906              0              0    -0.00189297     -0.0359907     0.00434277      0.0211654      0.0297894      0.0297256        8.90055
       0.118892     -0.0139064         0.1196     -0.0106109              0     -0.0293248     -0.0124392     -0.0391397     0.00975249      0.0160398      0.0296617      0.0252972        10.6661
       0.117991     -0.0149844         0.1196     -0.0118328              0     -0.0293248     -0.0273636     -0.0362015      0.0156121      0.0145877      0.0209332      0.0123305        10.7983
       0.120948      -0.016395       0.120827     -0.0130547      0.0294397     -0.0293248     0.00260104     -0.0455796      0.0220037      0.0109919     0.00372744   -0.000473583        16.2225
       0.119656     -0.0203394       0.120827     -0.0154984              0     -0.0586496     -0.0133298     -0.0613641       0.031172     0.00225042    -0.00467483    -0.00547194        17.7368
       0.119314     -0.0167577       0.120827     -0.0154984              0              0     -0.0176668     -0.0141004      0.0335361    -0.00236596    -0.00626963    -0.00720756        16.4958
       0.117558     -0.0183411       0.120827     -0.0167203              0     -0.0293248     -0.0631928     -0.0161446      0.0279677    -0.00280358     -0.0081455     -0.0107556        10.6065
       0.118352     -0.0170844       0.120827     -0.0167203              0              0     -0.0321346    -0.00721445      0.0169705    -0.00332524     -0.0133658     -0.0117999        8.88397
        0.11864     -0.0195084       0.120827     -0.0179421              0     -0.0293248     -0.0311523     -0.0180704      0.0218025    -0.00595535     -0.0102343    -0.00803935        9.72102
       0.116899     -0.0190462         0.1196      -0.019164     -0.0294397     -0.0293248      -0.020924      0.0265958      0.0267045    -0.00559558    -0.00584442     -0.0253023        10.7653
       0.116422     -0.0190571         0.1196      -0.019164              0              0     -0.0592759      -0.012857      0.0292339    -0.00369323     -0.0447606      -0.045602        7.07218
        0.11764     -0.0208002         0.1196     -0.0203859              0     -0.0293248     -0.0219487     0.00137991      0.0162976     -0.0234449     -0.0464422     -0.0473019        5.12897
       0.115004     -0.0167389       0.118373      -0.019164     -0.0294397      0.0293248     -0.0462789      0.0233084      0.0184055     -0.0236229     -0.0481616     -0.0375956        7.38391
       0.116647     -0.0165136       0.118373      -0.019164              0              0     -0.0218561      0.0460829      0.0167609     -0.0232954     -0.0270292     -0.0255882        5.43884
       0.114124      -0.014728       0.117147     -0.0179421     -0.0294406      0.0293248     -0.0399625      0.0354585      0.0161522     -0.0133573     -0.0241472     -0.0167618        5.19971
       0.113146     -0.0157071        0.11592     -0.0179421     -0.0294396              0     -0.0297799      0.0385398      0.0136811       -0.01104    -0.00937619     -0.0112521        3.09629
       0.111677     -0.0172389       0.114693     -0.0179421     -0.0294397              0      -0.040537     0.00241005      0.0123671     -0.0050862     -0.0131278    -0.00781808         3.8202
       0.110597     -0.0141672       0.113467     -0.0167203     -0.0294406      0.0293248     -0.0363461      0.0373928     0.00489828    -0.00581433    -0.00250841     -0.0029466        6.60421
       0.112242     -0.0152858       0.113467     -0.0167203              0              0     -0.0198435      0.0227975     0.00250361    -0.00227393    -0.00338454     -0.0084145        9.19565
        0.11025     -0.0132739        0.11224     -0.0154984     -0.0294397      0.0293248     -0.0205757      0.0234495     0.00251195    -0.00175644     -0.0134448      -0.013835        4.15954
       0.112224     -0.0114955        0.11224     -0.0142765              0      0.0293248     0.00765662      0.0350982     0.00611684    -0.00629486      -0.014225     -0.0144449        6.80819
       0.108584     -0.0130257       0.111013     -0.0142765     -0.0294396              0     -0.0391653      0.0156936     0.00749216    -0.00738312     -0.0146648     -0.0133861        3.68263
       0.110533     -0.0103997       0.111013     -0.0130547              0      0.0293248    -0.00111959      0.0344218     0.00210974    -0.00735248     -0.0121075     -0.0116166        6.01169
       0.111414     -0.0116193       0.111013     -0.0130547              0              0     0.00942051      0.0211742     0.00382767    -0.00657524     -0.0111258     -0.0127886        4.59075
       0.111212    -0.00955271       0.111013     -0.0118328              0      0.0293248   -0.000348693        0.02399     0.00359604    -0.00614775     -0.0144513     -0.0110606        7.93625
       0.110922    -0.00749363       0.111013     -0.0106109              0      0.0293248    -0.00629672       0.043811   -0.000920798    -0.00665904    -0.00766978    -0.00901822        6.36339
       0.111534    -0.00625195       0.111013    -0.00938906              0      0.0293248        0.01164      0.0391803    -0.00255528    -0.00443972     -0.0103666     -0.0117975        6.64429
       0.111255    -0.00814855       0.111013    -0.00938906              0              0     0.00189696      0.0150775     0.00224779    -0.00458301     -0.0132283     -0.0130772        6.09072
       0.113544    -0.00538313        0.11224    -0.00816719      0.0294396      0.0293248       0.010373      0.0377839     0.00428972      -0.005978      -0.012926     -0.0149628        8.35428
       0.115467    -0.00687814       0.113467    -0.00816719      0.0294397              0      0.0274285       0.015707     0.00798652    -0.00645853     -0.0169997     -0.0171491        8.07168
       0.113247    -0.00710891       0.113467    -0.00816719              0              0    -0.00763239        0.01591      0.0149117    -0.00870432     -0.0172985     -0.0180307        8.19314
       0.113878    -0.00451439       0.113467    -0.00694534              0      0.0293243      0.0189097      0.0276178      0.0163537    -0.00912977     -0.0187629     -0.0160341        7.15473
       0.118514    -0.00555433        0.11592    -0.00694534      0.0588804              0      0.0189581      0.0206935      0.0186749      -0.009457     -0.0133054     -0.0121972        7.54152
       0.115631    -0.00549683        0.11592    -0.00694534              0              0     -0.0124824      0.0252273     0.00817225    -0.00792505      -0.011089     -0.0154865        6.80474
       0.118422    -0.00312623       0.117147    -0.00572348      0.0294396      0.0293248      0.0145853      0.0296326     0.00548289    -0.00665904     -0.0198839     -0.0203094        8.64943
       0.120621    -0.00734046       0.118373    -0.00694534      0.0294406     -0.0293248      0.0337969    -0.00306707      0.0111176    -0.00967993      -0.020735      -0.020222        8.01752
       0.121997    -0.00332621         0.1196    -0.00572348      0.0294397      0.0293248      0.0324766      0.0316042      0.0187928     -0.0116924     -0.0197088     -0.0193001        8.13454
       0.121861    -0.00486861       0.120827    -0.00572348      0.0294397              0    -0.00311151     0.00577343      0.0169041     -0.0116004     -0.0188916     -0.0115739        7.62959
       0.123768    -0.00480586       0.122053    -0.00572348      0.0294406              0      0.0226429      0.0171192      0.0085542     -0.0110359    -0.00425658    -0.00193579        7.83698
       0.122072    -0.00483435       0.122053    -0.00572348              0              0    -0.00225017      0.0158452        0.01213    -0.00419248    0.000384808    -0.00201527        6.10207
       0.124394    -0.00526821        0.12328    -0.00572348      0.0294396              0      0.0116887     0.00577227      0.0151844    -0.00118376    -0.00441499    -0.00652246        5.39348
       0.123256    -0.00547059        0.12328    -0.00572348              0              0     0.00247251     0.00252408      0.0181486    -0.00340713     -0.0086299    -0.00921296        4.66346
       0.122614    -0.00599865        0.12328    -0.00572348              0              0     -0.0110582     -0.0100245      0.0190176    -0.00596775    -0.00979589    -0.00301618        4.18821
       0.121849    -0.00205636        0.12328    -0.00450161              0      0.0293248     -0.0277149       0.039739      0.0166279    -0.00656701      0.0037632      0.0006423        5.08626
       0.122566    -0.00089052        0.12328    -0.00327974              0      0.0293248    -0.00514178      0.0251771       0.013359    -0.00125743    -0.00247939     -0.0021513        4.62253
       0.125608    -0.00214069       0.124507    -0.00327974      0.0294397              0      0.0122246      0.0194915      0.0165616    -0.00244774    -0.00182281    -0.00649141        5.66035
       0.123828   -0.000275888       0.124507    -0.00205788              0      0.0293248     -0.0151185      0.0143683      0.0171629     -0.0031984     -0.0111603    -0.00797075        6.55697
       0.120989     0.00154776        0.12328    -0.00083601     -0.0294397      0.0293248     -0.0247853      0.0298953      0.0159222    -0.00747515    -0.00478046    -0.00216837        4.83397
       0.122143     0.00322787        0.12328    0.000385857              0      0.0293248     -0.0153015      0.0380957      0.0173013    -0.00451351    0.000443935   -0.000580989        4.27784
       0.122591     0.00382033        0.12328     0.00160772              0      0.0293248    -0.00869115      0.0210706      0.0164832    -0.00180556    -0.00160554     0.00253296         5.3296
       0.120014     0.00235847       0.122053     0.00160772     -0.0294396              0     -0.0238626      0.0126838      0.0137645    -0.00176657     0.00667191     0.00662804        4.72472
       0.121281     0.00410487       0.122053     0.00282959              0      0.0293248     -0.0123725     0.00795448      0.0100914     0.00121533     0.00658417      0.0123205        7.05062
       0.121931     0.00588128       0.122053     0.00405146              0      0.0293248    -0.00154071      0.0243239     0.00577578     0.00192915      0.0180569      0.0192299        7.13456
       0.122439     0.00456776       0.122053     0.00405146              0              0     0.00753098      0.0110024     0.00497339     0.00774609      0.0204024      0.0145445        9.08508
       0.124825     0.00332783        0.12328     0.00405146      0.0294396              0      0.0115544     -0.0162811     0.00508902     0.00849675     0.00868607     0.00850201        9.76652
       0.126592     0.00648085       0.124507     0.00527332      0.0294397      0.0293248      0.0249834      0.0152664      0.0050926     0.00403784     0.00831842     0.00632763        8.25947
       0.127747     0.00589487       0.125733     0.00527332      0.0294405              0      0.0229847      0.0123861      0.0102262      0.0027207     0.00433683    -0.00265326        7.71752
       0.128435     0.00849524        0.12696     0.00649517      0.0294399      0.0293243       0.013843      0.0227109      0.0165035       0.001379    -0.00964342     -0.0141955        8.62033
       0.129819     0.00746199       0.128187     0.00649517      0.0294396              0      0.0232447      0.0125135      0.0212965    -0.00547673     -0.0187476     -0.0218819        9.74841
       0.126935     0.00717729       0.128187     0.00649517              0              0     -0.0270563     0.00644608         0.0262     -0.0112425     -0.0250163     -0.0230877         9.0622
        0.12942      0.0105056       0.129413     0.00771704      0.0294406      0.0293248    -0.00281887       0.037509      0.0243574       -0.01401      -0.021159      -0.020176        9.30143
       0.131049      0.0128808        0.13064      0.0089389      0.0294396      0.0293248     0.00150115        0.05708      0.0266416     -0.0130485      -0.019193     -0.0244735        10.6208
       0.129803      0.0131509        0.13064      0.0101608              0      0.0293248    -0.00841137       0.027306      0.0282367     -0.0118705     -0.0297539      -0.023861        9.42983
       0.129248      0.0152366        0.13064      0.0113826              0      0.0293248     -0.0211699      0.0568054      0.0281908     -0.0154293     -0.0179679     -0.0190737        9.56646
       0.126449      0.0156152       0.129413      0.0126045     -0.0294396      0.0293248     -0.0381684      0.0293974      0.0220668     -0.0116843     -0.0201794     -0.0125879        7.65037
       0.128408      0.0164739       0.129413      0.0138264              0      0.0293248     -0.0109098       0.030503      0.0137017     -0.0103792    -0.00499619     0.00443888        10.2271
       0.128634      0.0167686       0.129413      0.0150482              0      0.0293248     -0.0172415      0.0127615     0.00783143    -0.00255407      0.0138741      0.0284758        11.7463
       0.129856      0.0168792       0.129413      0.0162701              0      0.0293248      0.0122147     -0.0014852    0.000683044     0.00681745      0.0430779      0.0601225        13.5135
       0.130443      0.0190413       0.129413       0.017492              0      0.0293248      0.0171935      0.0345764    0.000943755      0.0212532      0.0771666      0.0708346        17.2814
       0.128765      0.0176131       0.129413      0.0187138              0      0.0293248     -0.0268285     -0.0368247   -0.000666882      0.0376853      0.0645027      0.0689597        15.9955
       0.132083      0.0159645        0.13064      0.0187138      0.0294396              0      0.0184916      -0.034844    -0.00556197      0.0331857      0.0734172      0.0702972        21.1815
        0.13134      0.0189821        0.13064      0.0199357              0      0.0293248      0.0174644     -0.0128429      0.0124811      0.0344537      0.0671763      0.0581231        12.9293
       0.130714      0.0209737        0.13064      0.0211576              0      0.0293244     0.00692831    -0.00455156      0.0263279      0.0316577      0.0490708      0.0365968        9.85418
       0.131879      0.0191216       0.131867      0.0211576      0.0294399              0     -0.0134371      -0.036738      0.0290909      0.0230185      0.0241232      0.0189567        9.35375
       0.132362      0.0220941       0.133093      0.0223794      0.0294406      0.0293248     -0.0269269       -0.01137      0.0226615       0.010223      0.0137906      0.0136061        9.90243
         0.1317      0.0227131       0.133093      0.0223794              0              0     -0.0134174      0.0153451      0.0227792      0.0050094      0.0134211     0.00181484        11.8601
       0.133174      0.0224536        0.13432      0.0223794      0.0294396              0     -0.0269914    -0.00244382      0.0363823     0.00478445    -0.00979155     -0.0172249        15.1399
        0.13006      0.0256518       0.133093      0.0236013     -0.0294396      0.0293248     -0.0233728      0.0241386       0.042646    -0.00765516     -0.0246582     -0.0293175        18.2487
       0.129285      0.0247561       0.133093      0.0236013              0              0     -0.0652207      0.0120751      0.0499578     -0.0148568     -0.0339773     -0.0323771        14.1171
       0.130476      0.0272666       0.133093      0.0248232              0      0.0293248     -0.0283021      0.0250458      0.0400058     -0.0191803     -0.0307767     -0.0219085        15.1046
       0.127481      0.0291938       0.131867       0.026045     -0.0294406      0.0293248     -0.0648454      0.0410187      0.0362441     -0.0182048     -0.0130406    -0.00509281        11.4507
         0.1268      0.0307492        0.13064      0.0272669     -0.0294399      0.0293248     -0.0455142      0.0493001      0.0260347    -0.00940813      0.0028553     0.00389576        12.5162
       0.129527      0.0288576        0.13064      0.0272669              0              0    -0.00992041      0.0248597      0.0211583    -0.00105287     0.00493622    0.000233173        16.4658
         0.1276      0.0293705       0.129413      0.0284887     -0.0294396      0.0293248     -0.0214217    -0.00675919      0.0118692   -0.000463617    -0.00447042     0.00710249        20.3056
       0.126859      0.0281013       0.128187      0.0284887     -0.0294406              0     -0.0123379     -0.0054122    0.000892733    -0.00511469      0.0186749      0.0285134        18.4863
       0.125937      0.0334649        0.12696      0.0309325     -0.0294396      0.0586496     -0.0126541      0.0290766    -0.00778451     0.00412379      0.0383525      0.0441079        25.2858
       0.125041      0.0336333       0.125733      0.0321544     -0.0294399      0.0293248    -0.00663041      0.0189183     -0.0148357      0.0153197      0.0498629      0.0477715        25.9171
       0.125503      0.0312431       0.125733      0.0321544              0              0    -0.00553397     -0.0218701     -0.0153504      0.0204905      0.0456796      0.0475721        23.1034
       0.127155      0.0332756       0.125733      0.0333762              0      0.0293248      0.0252984     0.00783742     -0.0107007      0.0192714      0.0494642       0.044899        22.5392
       0.127471      0.0344612       0.125733      0.0345981              0      0.0293248      0.0212747      -0.012148    -0.00754228      0.0192284      0.0403342      0.0392847         18.602
       0.129912      0.0329251        0.12696      0.0345981      0.0294399              0      0.0353152     -0.0253393    -0.00657597      0.0149906      0.0382347       0.036942        21.5224
       0.131102      0.0360277       0.128187      0.0358199      0.0294396      0.0293244      0.0333678     0.00312813    -0.00233021      0.0135937      0.0356488      0.0293593        15.2218
       0.128992      0.0342832       0.128187      0.0358199              0              0     0.00935826     -0.0293602     0.00522373      0.0124543      0.0230708      0.0234084        12.2909
       0.133724      0.0346892        0.13064      0.0358199      0.0588802              0      0.0355754     -0.0116305      0.0156634      0.0064392      0.0237455      0.0194573        13.8282
       0.130079      0.0382118        0.13064      0.0370418              0      0.0293248     -0.0132977      0.0162666      0.0247239     0.00562929      0.0151691     0.00699186        15.0324
       0.131825      0.0366947       0.131867      0.0370418      0.0294399              0    -0.00308399     -0.0111387      0.0335514     0.00260614    -0.00118561    -0.00309112        18.0114
        0.12966      0.0373553       0.131867      0.0370418              0              0       -0.03463     0.00988281      0.0400078    -0.00526811    -0.00499681     -0.0116671        20.9241
       0.131484       0.042573       0.133093      0.0394855      0.0294406      0.0586495     -0.0306513      0.0261105       0.042266    -0.00771023     -0.0183368     -0.0130509        27.3819
        0.13104      0.0435201       0.133093      0.0407074              0      0.0293249     -0.0203586      0.0355068      0.0435732     -0.0133512    -0.00776436    -0.00316014         24.457
       0.129052      0.0455764       0.133093      0.0419293              0      0.0293248     -0.0728918      0.0554879      0.0461416    -0.00983549     0.00144434    -0.00430201        24.6584
        0.12609      0.0463885       0.131867      0.0431511     -0.0294406      0.0293248     -0.0792681      0.0394077       0.039503    -0.00456859     -0.0100475     -0.0150048        25.2545
       0.126075      0.0430086        0.13064      0.0431511     -0.0294399              0      -0.045171     -0.0195093       0.043921     -0.0103425     -0.0199622    -0.00755602        22.1641
       0.123895      0.0452809       0.129413       0.044373     -0.0294396      0.0293249     -0.0800852     0.00478029      0.0490172     -0.0152495     0.00484991      0.0220242        22.4442
       0.121527      0.0483028        0.12696      0.0455949     -0.0588802      0.0293248     -0.0517701      0.0495634      0.0401284    -0.00478328      0.0391984      0.0381703        21.7504
       0.114521      0.0502743        0.12328      0.0480386     -0.0883201      0.0586496         -0.127     0.00875542      0.0324399      0.0133299      0.0371418      0.0459938        20.7336
       0.118991      0.0480441       0.122053      0.0480386     -0.0294396              0     -0.0163875      0.0104307      0.0120194      0.0139742      0.0548463      0.0490646        26.1999
        0.11608      0.0505104       0.120827      0.0492604     -0.0294406      0.0293243     -0.0963215      0.0205956     0.00834093      0.0192774      0.0432844      0.0249081        26.7594
        0.11902      0.0497489         0.1196      0.0504823     -0.0294397      0.0293248      0.0285638     -0.0375791    -0.00955346      0.0161297     0.00653267      0.0131612        18.3322
       0.116718      0.0522952       0.118373      0.0517042     -0.0294397      0.0293249     -0.0301434      0.0082309     0.00628064    -0.00390197      0.0197883      0.0226483        14.7192
       0.109651        0.05637       0.114693      0.0541479       -0.08832      0.0586495     -0.0539412      0.0159839      0.0018029   -0.000439179      0.0255084      0.0347018        16.0916
       0.110086      0.0598559       0.113467      0.0565916     -0.0294406      0.0586496     -0.0483629      0.0420961     0.00187955     0.00515257      0.0438957      0.0444474        15.1668
       0.112104      0.0596389       0.113467      0.0578135              0      0.0293248     -0.0327056      0.0144845     0.00218818      0.0135895      0.0449991      0.0429664        12.4394
       0.112261      0.0611174       0.113467      0.0590354              0      0.0293248     -0.0107724      0.0267772      0.0092102      0.0150601      0.0409336      0.0368466        11.0938
        0.10994      0.0641337        0.11224      0.0614791     -0.0294397      0.0586496     -0.0312116      0.0262554      0.0151418      0.0123522      0.0327592      0.0298419          13.73
       0.111026      0.0616538        0.11224      0.0614791              0              0      -0.013098     0.00332062      0.0174787     0.00762962      0.0269246      0.0200639        9.41167
       0.113963      0.0627886       0.113467       0.062701      0.0294397      0.0293249     0.00293006     -0.0133445      0.0216698     0.00443672      0.0132031       0.016952        11.7979
       0.112483      0.0679806       0.113467      0.0651447              0       0.058649     -0.0170412      0.0355287      0.0221386    -0.00179948      0.0207014      0.0205798        15.3004
       0.109259      0.0683634        0.11224      0.0663666     -0.0294397      0.0293249     -0.0380338      0.0226684      0.0220668    0.000139582      0.0204577      0.0189075        13.7584
       0.110363      0.0689015        0.11224      0.0675884              0      0.0293248     -0.0262697     0.00962402      0.0221452     0.00122772      0.0173569      0.0189991         12.107
       0.110811       0.069939        0.11224      0.0688103              0      0.0293248     -0.0192613     0.00899913      0.0221162    0.000687706      0.0206413      0.0236869        12.5041
       0.110607      0.0712718        0.11224      0.0700322              0      0.0293248     -0.0269397      0.0131901      0.0218264     0.00135432      0.0267324      0.0277319        12.6471
       0.111259      0.0750318        0.11224      0.0724759              0      0.0586495    -0.00910581      0.0239348       0.020018     0.00432228      0.0287309       0.032167        15.5797
          0.108       0.074731       0.111013      0.0736978     -0.0294396      0.0293249     -0.0426026     0.00630732      0.0201697     0.00580286       0.035603      0.0396843        12.8138
        0.10959      0.0727088       0.111013      0.0736978              0              0     -0.0169991     -0.0139567      0.0179848     0.00889753      0.0437651      0.0442514        12.4319
       0.109845      0.0746211       0.111013      0.0749196              0      0.0293248      -0.018975     -0.0110676      0.0175909      0.0130188      0.0447383      0.0459385        11.0595
       0.110208      0.0729691       0.111013      0.0749196              0              0      -0.010252     -0.0302459      0.0149764      0.0138104      0.0471387      0.0483923        10.2125
       0.110652      0.0722638       0.111013      0.0749196              0              0    -0.00219273     -0.0408966      0.0150019      0.0147942      0.0496459      0.0526619        10.2646
       0.110684      0.0720935       0.111013      0.0749196              0              0    -0.00518217     -0.0406256      0.0149235      0.0160357      0.0556774      0.0575151          11.55
       0.110621      0.0719332       0.111013      0.0749196              0              0    -0.00801386     -0.0431302      0.0115642      0.0190711      0.0593534      0.0598774        11.8801
       0.110865      0.0690491       0.111013      0.0736978              0     -0.0293248    -0.00227102     -0.0608842     0.00797984      0.0210917      0.0604014      0.0577497        13.5309
        0.11056      0.0675839       0.111013      0.0724759              0     -0.0293249     -0.0109732     -0.0622249      0.0074837      0.0213084      0.0550981      0.0482917        12.0393
       0.112779      0.0657762        0.11224       0.071254      0.0294396     -0.0293248    -0.00320844     -0.0786788     0.00871608      0.0184103      0.0414848      0.0402145        11.0331
       0.115555      0.0657661       0.113467      0.0700322      0.0294397     -0.0293248      0.0376532     -0.0468752      0.0157878      0.0110043      0.0389438      0.0299306         11.821
       0.112443      0.0617802       0.113467      0.0675884              0     -0.0586495      -0.025441     -0.0753422      0.0283528     0.00920223      0.0209184      0.0139222        13.3257
        0.11177      0.0636217       0.113467      0.0675884              0              0     -0.0218841     -0.0692917      0.0284925     0.00108241     0.00692606      0.0180368        14.2326
       0.114912      0.0642796       0.114693      0.0663666      0.0294406     -0.0293248      0.0038378    -0.00360627      0.0315639    -0.00623573      0.0291481      0.0184669        14.5328
       0.113225      0.0590358       0.114693      0.0639228              0     -0.0586497     -0.0245635     -0.0691213       0.032624     0.00304793      0.0077858     0.00525475        8.02665
        0.11596      0.0611526        0.11592      0.0639228      0.0294397              0    -0.00359763     -0.0448677      0.0274462    -0.00629295     0.00272274      0.0101204        8.90738
       0.118051      0.0590382       0.117147       0.062701      0.0294396     -0.0293242     0.00871968     -0.0511484      0.0233809     -0.0086471       0.017519      0.0290656        10.0354
       0.117178      0.0583323       0.117147      0.0614791              0     -0.0293249     0.00262866     -0.0314209      0.0194217    -0.00254596      0.0406122       0.041718        12.4534
       0.122851      0.0589321         0.1196      0.0614791      0.0588804              0      0.0362533     -0.0399469      0.0151075     0.00984656      0.0428243      0.0465531        18.1683
       0.123732      0.0561019       0.120827      0.0602572      0.0294397     -0.0293248      0.0354659     -0.0538441     0.00738821      0.0113827      0.0502815      0.0510693        16.2891
       0.124631      0.0573654       0.122053      0.0602572      0.0294406              0      0.0254353     -0.0388879     0.00240466      0.0134566       0.051857      0.0492864        18.2193
       0.125887       0.057453        0.12328      0.0602572      0.0294396              0       0.029534     -0.0416685   -0.000126387      0.0145489      0.0467162      0.0450172        16.3028
       0.127515      0.0557132       0.124507      0.0590354      0.0294397     -0.0293249      0.0414853     -0.0337318     0.00414643      0.0126691      0.0433183       0.031127        13.6327
        0.12853      0.0565374       0.125733      0.0590354      0.0294405              0      0.0359352      -0.041199      0.0119068      0.0104215      0.0189347      0.0142164          13.65
       0.128659      0.0546816        0.12696      0.0578135      0.0294399     -0.0293248       0.011619     -0.0381581      0.0148741    -0.00114895      0.0094986     0.00394249        14.0139
       0.129894      0.0568751       0.128187      0.0578135      0.0294396              0      0.0206174     -0.0103685      0.0147907    -0.00682486    -0.00161417    -0.00775967        20.4234
       0.128985      0.0600473       0.129413      0.0590354      0.0294406      0.0293248      -0.030434      0.0041462      0.0196723     -0.0113777     -0.0139052     -0.0106297        26.5004
       0.132801      0.0605782        0.13064      0.0590354      0.0294396              0      0.0553577      0.0330581       0.027819     -0.0174153    -0.00735454     -0.0161904        28.5178
       0.128849      0.0594548        0.13064      0.0590354              0              0     -0.0412084    -0.00389826      0.0509791     -0.0144986     -0.0250255     -0.0223385        23.2893
       0.124998      0.0599488       0.129413      0.0590354     -0.0294396              0     -0.0578424      0.0166039      0.0433295     -0.0209721     -0.0196505     -0.0195182        20.3754
       0.123593      0.0630627       0.128187      0.0602572     -0.0294406      0.0293249     -0.0578577      0.0360328      0.0412961     -0.0204812      -0.019386     -0.0189483        21.9209
       0.122262       0.063904        0.12696      0.0614791     -0.0294396      0.0293248     -0.0625925      0.0214447      0.0402326     -0.0193542     -0.0185104    -0.00881855        18.9236
       0.118346      0.0621386       0.124507      0.0614791     -0.0588804              0     -0.0785964     0.00705306      0.0349761     -0.0187488    0.000873566      0.0112753        15.5298
       0.119444      0.0649853        0.12328       0.062701     -0.0294397      0.0293249     -0.0418108      0.0353811      0.0283116    -0.00655271       0.021677      0.0226369        16.5718
       0.118713      0.0648693       0.122053      0.0639228     -0.0294396      0.0293242      -0.044799    -0.00193713      0.0235513     0.00381719      0.0235968       0.033133         15.851
       0.111604      0.0658542       0.118373      0.0651447     -0.0883201      0.0293248     -0.0893859      0.0064062      0.0136043     0.00511991      0.0426683      0.0481958        15.1842
       0.114438      0.0673215       0.117147      0.0663666     -0.0294406      0.0293249     -0.0215092      0.0141765     0.00777504      0.0129065      0.0537229      0.0506945        15.3344
       0.110634      0.0646287       0.114693      0.0663666     -0.0588793              0     -0.0530826     -0.0310341     0.00993798      0.0191692      0.0476661       0.047102          11.33
       0.105432      0.0698609       0.111013      0.0688103       -0.08832      0.0586495     -0.0612332     0.00640487     0.00682781      0.0170932      0.0465384      0.0456719        11.4493
       0.107025      0.0696654       0.109787      0.0700322     -0.0294406      0.0293248     -0.0330558     -0.0182983     0.00619528      0.0153893      0.0448055      0.0502729         12.725
       0.105955      0.0704764        0.10856       0.071254     -0.0294397      0.0293248     -0.0379365     -0.0195018     0.00526962      0.0145979      0.0557408      0.0624652        14.1673
       0.109039      0.0689213        0.10856       0.071254              0              0      0.0197072     -0.0319296     0.00551162      0.0186762      0.0691891      0.0716176        14.2419
       0.105917      0.0713333       0.107333      0.0724759     -0.0294397      0.0293248     -0.0198715     -0.0178906      0.0140084      0.0255895      0.0740447       0.070817        12.6796
       0.103872       0.070554       0.106107      0.0724759     -0.0294405              0     -0.0285906     -0.0204001      0.0128083      0.0281604      0.0675893      0.0536833        11.0877
       0.105296      0.0722298       0.106107      0.0736978              0      0.0293249     -0.0118278     -0.0345573      0.0122802      0.0256181      0.0397782      0.0353174        10.8952
       0.108418      0.0686316       0.107333      0.0724759      0.0294405     -0.0293249     0.00979936     -0.0510663      0.0148231     0.00940465      0.0308571      0.0267005        10.4348
       0.107097      0.0731652       0.107333      0.0736978              0      0.0293249    -0.00410261     -0.0109829      0.0194914     0.00590121      0.0225439      0.0195684        12.7511
       0.106867      0.0730704       0.107333      0.0736978              0              0    -0.00259902      -0.006164      0.0256426     0.00221335       0.016593      0.0104117        14.2812
       0.109231      0.0698942        0.10856      0.0724759      0.0294397     -0.0293249     0.00418007     -0.0362869      0.0301614   -0.000502718     0.00423002     0.00220251        11.4864
       0.107484      0.0705947        0.10856      0.0724759              0              0     -0.0197981     -0.0340378      0.0295201     -0.0064484    0.000174522     0.00841475        13.9038
       0.107811      0.0722298        0.10856      0.0724759              0              0     -0.0052638     0.00645356      0.0277068    -0.00866569      0.0166559      0.0145478        12.1247
       0.109991      0.0717673       0.109787      0.0724759      0.0294397              0    -0.00866409     -0.0146746      0.0271989   -0.000782859      0.0124397      0.0140944        11.0362
       0.109525      0.0714259       0.109787      0.0724759              0              0     0.00140138     -0.0168407      0.0220566    -0.00236799      0.0157485      0.0192499        11.7152
       0.109083      0.0715905       0.109787      0.0724759              0              0     -0.0125185     -0.0108271      0.0232241    -0.00192822      0.0227509      0.0234637        10.7463
        0.10862      0.0714974       0.109787      0.0724759              0              0       -0.02129     -0.0135528      0.0210374     0.00111316      0.0241766      0.0232286        11.0533
       0.112073       0.071237       0.111013      0.0724759      0.0294406              0      0.0142059     -0.0190484       0.019178     0.00239753      0.0222812       0.022243        12.0162
       0.110951      0.0713778       0.111013      0.0724759              0              0   -0.000967782     -0.0143978       0.021051     0.00222181      0.0222054      0.0204368        9.84458
        0.11033      0.0685706       0.111013       0.071254              0     -0.0293248     -0.0119673     -0.0334092      0.0216632     0.00189244      0.0186677      0.0155134        8.42746
       0.110619      0.0722806       0.111013      0.0724759              0      0.0293248    -0.00234953     -0.0114644      0.0214804    0.000166166      0.0123591      0.0157824        12.7479
       0.110487      0.0713668       0.111013      0.0724759              0              0    -0.00942288     -0.0187413      0.0212352    -0.00295485      0.0192056      0.0249405         10.848
       0.110674      0.0715977       0.111013      0.0724759              0              0    -0.00451192    -0.00839998      0.0174238   -0.000938189      0.0306754      0.0305924        10.2152
       0.110581      0.0707004       0.111013      0.0724759              0              0    -0.00901561     -0.0313105      0.0155782     0.00507497      0.0305095      0.0352077        9.25284
       0.111061      0.0680471       0.111013       0.071254              0     -0.0293248     0.00399803     -0.0367596      0.0142265     0.00585424      0.0399055      0.0381656         8.1981
       0.110995      0.0689502       0.111013       0.071254              0              0    -0.00105581     -0.0336142        0.01559      0.0108201      0.0364256      0.0352411        8.76411
       0.113636      0.0692958        0.11224       0.071254      0.0294396              0       0.012874     -0.0270309      0.0155236       0.010354      0.0340567      0.0314817        11.7675
       0.112503      0.0691146        0.11224       0.071254              0              0     0.00331685     -0.0343795      0.0153804     0.00904285      0.0289063      0.0303063        10.0538
       0.112226      0.0670928        0.11224      0.0700322              0     -0.0293248    0.000870327     -0.0309149       0.016773     0.00638603      0.0317068       0.025301        9.10233
       0.111942      0.0677139        0.11224      0.0700322              0              0    -0.00458997     -0.0394118      0.0189425     0.00643085      0.0188951      0.0203018        9.37963
       0.111623      0.0684107        0.11224      0.0700322              0              0     -0.0108154     -0.0216083      0.0191984     0.00179003      0.0217085      0.0221748        10.0203
       0.111629      0.0662486        0.11224      0.0688103              0     -0.0293248    -0.00855322     -0.0279131      0.0192187     0.00158356      0.0226412      0.0176883        8.66742
       0.114127      0.0670665       0.113467      0.0688103      0.0294397              0     0.00119185     -0.0287031      0.0212965     0.00234042      0.0127349      0.0129724         11.226
       0.112895      0.0677866       0.113467      0.0688103              0              0    -0.00841815     -0.0124788      0.0223994    -0.00065006      0.0132098      0.0119267        11.9083
       0.112257      0.0677495       0.113467      0.0688103              0              0     -0.0184456     -0.0183901      0.0230657    -0.00129641      0.0106435        0.01301        13.3605
       0.112755      0.0683302       0.113467      0.0688103              0              0    -0.00175177    -0.00238958      0.0230657    -0.00129641      0.0153766      0.0129962        16.9536
       0.111215      0.0709398       0.113467      0.0700322              0      0.0293248      -0.044912     0.00535094      0.0230657    -0.00129641      0.0106158      0.0116143        14.5382
       0.109344      0.0728998        0.11224       0.071254     -0.0294397      0.0293248      -0.027601      0.0205111      0.0230657    -0.00129641      0.0126123      0.0114665        16.3221
       0.110423      0.0708684        0.11224       0.071254              0              0     -0.0276841     -0.0118489      0.0230657    -0.00129641      0.0103207      0.0142326        12.5539
        0.11047      0.0707868        0.11224       0.071254              0              0     -0.0287813    -0.00365055      0.0230657    -0.00129641      0.0181446      0.0179067        11.6268
       0.111527      0.0736027        0.11224      0.0724759              0      0.0293248    -0.00337346      0.0124499      0.0230657    -0.00129641      0.0176682      0.0162635        14.0928
       0.111218      0.0723859        0.11224      0.0724759              0              0     -0.0192215    -0.00102262      0.0230657    -0.00129641      0.0148582      0.0113888        13.8119
       0.111993      0.0741852        0.11224      0.0736978              0      0.0293249     0.00224309    -0.00558953      0.0230657    -0.00129832     0.00791931      0.0137281           17.3
       0.109423      0.0732711       0.111013      0.0736978     -0.0294396              0      -0.017179    -0.00467673      0.0230657    -0.00129641      0.0195374      0.0224667        12.5447
        0.11073      0.0727355       0.111013      0.0736978              0              0    -0.00519942     -0.0152832      0.0230657    -0.00129641      0.0253959      0.0282655         16.207
       0.111787      0.0717507       0.111013      0.0736978              0              0      0.0135815      -0.034127      0.0230657    -0.00129641      0.0311356      0.0395703        17.2194
       0.111797      0.0723098       0.111013      0.0736978              0              0     0.00626999     -0.0118348      0.0230657    -0.00129832      0.0480046      0.0458226        18.8283
       0.112533       0.071777       0.111013      0.0736978              0              0       0.026137     -0.0293893      0.0230657    -0.00129832      0.0436401      0.0416336        18.9958
       0.112219      0.0713563       0.111013      0.0736978              0              0      0.0136726     -0.0355716      0.0230657    -0.00129641      0.0396266      0.0389309        17.8495
       0.109484       0.070673       0.109787      0.0736978     -0.0294406              0     0.00305919     -0.0509118      0.0230657    -0.00129832      0.0382347      0.0455928        12.3367
       0.109899      0.0715958       0.109787      0.0736978              0              0    -0.00360185     -0.0222445      0.0230657    -0.00129832      0.0529504      0.0507703        13.9726
       0.107273      0.0717061        0.10856      0.0736978     -0.0294397              0     -0.0119421     -0.0266042      0.0230657    -0.00129832      0.0485892      0.0428123        10.5926
       0.107849      0.0715713        0.10856      0.0736978              0              0     -0.0132004     -0.0308857      0.0230657    -0.00129832       0.037035      0.0310836        10.9365
       0.108639      0.0719846        0.10856      0.0736978              0              0     0.00984728     -0.0231418      0.0230657    -0.00129832      0.0251327      0.0185528        11.7201
       0.108219      0.0727286        0.10856      0.0736978              0              0    -0.00550913     -0.0111182      0.0230657    -0.00129832      0.0119729     0.00337744        12.6912
       0.108428      0.0724035        0.10856      0.0736978              0              0     0.00226532     -0.0268031      0.0230657    -0.00129832    -0.00521816    -0.00302927        16.2899
       0.105424      0.0732123       0.107333      0.0736978     -0.0294397              0     -0.0250837    -0.00484954      0.0230657    -0.00129832   -0.000840176    0.000611782        17.3158
       0.106763       0.072881       0.107333      0.0736978              0              0    -0.00996532     -0.0180773      0.0230657    -0.00129832     0.00206375      0.0107732        18.5256
       0.107952      0.0756062       0.107333      0.0749196              0      0.0293248      0.0125646     0.00399647      0.0230657    -0.00129832      0.0194821      0.0294681        24.4362
        0.10815      0.0716664       0.107333      0.0736978              0     -0.0293248      0.0101418     -0.0204416      0.0230657    -0.00129832       0.039454      0.0408044        15.9997
       0.108619      0.0719275       0.107333      0.0736978              0              0      0.0215064     -0.0247117      0.0230657    -0.00129832      0.0421553      0.0413089        17.2642
       0.108481      0.0717799       0.107333      0.0736978              0              0      0.0142251     -0.0268776      0.0230657    -0.00129832      0.0404625      0.0377202        14.6921
       0.108338      0.0716304       0.107333      0.0736978              0              0      0.0124099     -0.0308829      0.0230657    -0.00129832      0.0349779      0.0329838        14.3311
       0.108565      0.0716753       0.107333      0.0736978              0              0      0.0197068     -0.0299957      0.0230657    -0.00129832      0.0309896      0.0301323        14.2101
       0.108386      0.0722053       0.107333      0.0736978              0              0       0.014803     -0.0183622      0.0230657    -0.00129832      0.0292749      0.0250583        13.6061
       0.107676      0.0723681       0.107333      0.0736978              0              0    0.000170326     -0.0193268      0.0230657    -0.00129832      0.0208416      0.0167928        13.4806
       0.107813       0.072667       0.107333      0.0736978              0              0      0.0101274     -0.0142707      0.0230657    -0.00129832      0.0127444     0.00879145        14.1077
       0.107904      0.0732414       0.107333      0.0736978              0              0      0.0120668     -0.0042688      0.0230657    -0.00129832     0.00483847   -0.000809684        14.8518
       0.106876      0.0731038       0.107333      0.0736978              0              0     -0.0133109      -0.013236      0.0230657    -0.00129832    -0.00645787    -0.00565339        15.6412
       0.106591      0.0731984       0.107333      0.0736978              0              0     -0.0126283    -0.00978592      0.0230657    -0.00129832    -0.00484881    4.14848e-05        17.8304
        0.10682      0.0737377       0.107333      0.0736978              0              0    -0.00442641     0.00389239      0.0230657    -0.00129832      0.0049305     0.00610352        17.0982
       0.107489      0.0725142       0.107333      0.0736978              0              0      0.0115748     -0.0277417      0.0230657    -0.00129832     0.00727654      0.0196962        15.8585
        0.10665      0.0728017       0.107333      0.0736978              0              0     -0.0155322    -0.00779994      0.0230657    -0.00129832      0.0321164      0.0376959        12.8223
       0.106652      0.0726509       0.107333      0.0736978              0              0     -0.0116218     -0.0119529      0.0230657    -0.00129832      0.0432754       0.042727        13.9069
       0.107336      0.0718029       0.107333      0.0736978              0              0     0.00239514     -0.0296193      0.0230657    -0.00129832      0.0421791      0.0423579        12.1404
       0.106898      0.0718766       0.107333      0.0736978              0              0     -0.0128968     -0.0228249      0.0230657    -0.00129832      0.0425363      0.0378075        11.1531
       0.107715      0.0718597       0.107333      0.0736978              0              0      0.0124101      -0.026544      0.0230657    -0.00129832      0.0330787       0.028338         10.818
       0.106867      0.0716459       0.107333      0.0736978              0              0     -0.0140769       -0.03332      0.0230657    -0.00129832      0.0235972      0.0232868        9.45302
       0.107658      0.0717561       0.107333      0.0736978              0              0      0.0138995      -0.030154      0.0230657    -0.00129832      0.0229759      0.0260243        10.2801
       0.107081          0.072       0.107333      0.0736978              0              0    -0.00775993      -0.024496      0.0230657    -0.00129832      0.0290732      0.0319242        9.65344
       0.106976      0.0717105       0.107333      0.0736978              0              0      -0.005574     -0.0313273      0.0230657    -0.00129832      0.0347753      0.0397167        10.5062
       0.107135      0.0715198       0.107333      0.0736978              0              0    -0.00260794     -0.0316016      0.0230657    -0.00129832      0.0446582      0.0487185        10.3732
       0.106987      0.0716598       0.107333      0.0736978              0              0      -0.006976     -0.0255373      0.0230657    -0.00129832      0.0527787      0.0510745        10.1082
       0.107199      0.0712324       0.107333      0.0736978              0              0    0.000141946     -0.0369357      0.0230657    -0.00129832      0.0493693      0.0479503        9.90296
        0.10704      0.0711798       0.107333      0.0736978              0              0    -0.00513236       -0.03578      0.0230657    -0.00129832      0.0465312      0.0440531        9.56809
        0.10719      0.0714271       0.107333      0.0736978              0              0    0.000119016     -0.0313223      0.0230657    -0.00129832      0.0415754      0.0375133        8.78296
        0.10673        0.07131       0.107333      0.0736978              0              0     -0.0129323     -0.0373317      0.0230657    -0.00129832       0.033452       0.032527        8.53033
       0.106841      0.0716319       0.107333      0.0736978              0              0    -0.00636431     -0.0292908      0.0230657    -0.00129832      0.0316024      0.0306129        9.74512
