       -0.10264      0.0441672       -0.10488     0.00938908        0.02688       0.417338        0.02688       0.417338    1.62231e-05   -9.70705e-06   -1.17563e-06      0.0118399
     -0.0866482      0.0020293       -0.10488     0.00938908              0              0       0.238015      -0.081941    1.80112e-05   -9.70705e-06      0.0236797      0.0328789
     -0.0958641     0.00668085       -0.10488     0.00938908              0              0      0.0497832    -0.00436205     -0.0173349     0.00776453       0.042078       0.036541
      -0.101512     0.00718231       -0.10488     0.00938908              0              0      0.0328301     -0.0412254     -0.0481831       0.019114      0.0310035      0.0323081
      -0.095648     0.00642743      -0.103653     0.00938908      0.0294399              0       0.133427     -0.0476773     -0.0565995      0.0182856      0.0336123      0.0400105
     -0.0932714     0.00319477      -0.102427     0.00816721      0.0294399     -0.0293248       0.131303     -0.0727271     -0.0477502      0.0138063      0.0464087      0.0578508
      -0.092762     0.00377626        -0.1012     0.00694534      0.0294401     -0.0293248       0.110486     -0.0154661     -0.0408049      0.0171566      0.0692925      0.0559812
     -0.0921793     0.00204482     -0.0999733     0.00694534      0.0294399              0      0.0973985     -0.0983619     -0.0518919      0.0292035      0.0426702      0.0559292
     -0.0884083     0.00135951       -0.09752     0.00572348        0.05888     -0.0293248         0.1136     -0.0371519      -0.059463      0.0249348      0.0691876      0.0638628
     -0.0831464    0.000821588     -0.0950667     0.00450161      0.0588799     -0.0293248       0.181323     -0.0391891     -0.0589652      0.0260822       0.058537      0.0413065
     -0.0768755    -0.00430171       -0.09016     0.00205788        0.11776     -0.0586496       0.153095     -0.0899736     -0.0485362      0.0304532       0.024075      0.0149469
      -0.076619    -0.00295152     -0.0877067     0.00083601      0.0588799     -0.0293248       0.152162     -0.0394193      -0.047532      0.0145406     0.00581837    -0.00935826
     -0.0748728    -0.00536618     -0.0852533   -0.000385857        0.05888     -0.0293248       0.138415      -0.090348     -0.0439289     0.00203151     -0.0245342     -0.0126739
     -0.0730327    -0.00172169        -0.0828   -0.000385857      0.0588799              0       0.130684    -0.00706164     -0.0352005     -0.0129564   -0.000811851     0.00387955
      -0.062712     -0.0029407     -0.0766667    -0.00160772         0.1472     -0.0293248       0.173638    -0.00839931     -0.0322332      -0.003722     0.00857067     0.00575447
     -0.0612131    -0.00925424     -0.0729867    -0.00405144        0.08832     -0.0586491       0.151026      -0.080301     -0.0319893     0.00338955     0.00293875       0.014811
     -0.0569267    -0.00856462     -0.0693067     -0.0052733      0.0883198     -0.0293248       0.173664      -0.029606     -0.0300362     0.00305421      0.0266843       0.026711
      -0.054631     -0.0127128     -0.0656267    -0.00771704        0.08832     -0.0586496       0.130454     -0.0627137     -0.0270262     0.00856418      0.0267382      0.0260205
     -0.0453301     -0.0174838     -0.0594933     -0.0113826         0.1472     -0.0879744       0.175772     -0.0589762     -0.0336051      0.0141662      0.0253029     0.00915527
     -0.0445266     -0.0173572     -0.0558133     -0.0126045        0.08832     -0.0293248       0.135264     -0.0752032     -0.0385429      0.0124584    -0.00699275    -0.00765652
     -0.0375923     -0.0207145     -0.0509067     -0.0150482        0.11776     -0.0586496       0.179562     -0.0744647     -0.0354937    -0.00364213    -0.00832132    -0.00260721
      -0.036538     -0.0196576     -0.0472267     -0.0162701        0.08832     -0.0293248       0.127319     -0.0388702     -0.0251887     -0.0101687     0.00310755      0.0069313
     -0.0348174     -0.0202395     -0.0435467      -0.017492        0.08832     -0.0293244      0.0994751     -0.0317642     -0.0198556    -0.00491839      0.0107546      0.0122237
       -0.04545     -0.0202011         -0.046     -0.0187138     -0.0588799     -0.0293248      0.0218756    -0.00214495     -0.0143077    0.000278779      0.0136929   -0.000475389
     -0.0511562     -0.0218774     -0.0484533     -0.0199357     -0.0588799     -0.0293248     -0.0273018     -0.0252408    0.000469695     0.00207646     -0.0146442     -0.0252078
     -0.0562484     -0.0250408     -0.0521333     -0.0211576       -0.08832     -0.0293248     -0.0258735     -0.0722938     0.00725485     -0.0103772     -0.0357712     -0.0185574
     -0.0645288      -0.023855       -0.05704     -0.0223794       -0.11776     -0.0293248     -0.0960465     0.00154768     0.00359882     -0.0215121    -0.00134338   -0.000835087
     -0.0616025     -0.0237226     -0.0594933     -0.0223794     -0.0588799              0     0.00311298     -0.0330335     -0.0216454    -0.00594323   -0.000325747      0.0150948
     -0.0589897     -0.0238854       -0.06072     -0.0236013     -0.0294401     -0.0293248      0.0301634       0.028727     -0.0386741     0.00216252      0.0305147      0.0148635
     -0.0560254     -0.0258403       -0.06072     -0.0248232              0     -0.0293248      0.0592239    -0.00932666     -0.0613345      0.0101658   -0.000786239     -0.0186057
     -0.0575747     -0.0297513     -0.0619467     -0.0272669     -0.0294402     -0.0586494       0.054615     -0.0249389     -0.0845197      0.0065679     -0.0364253     -0.0551605
     -0.0535015     -0.0298958     -0.0619467     -0.0284887              0     -0.0293248       0.137803     -0.0227206     -0.0920412     -0.0187345     -0.0738957     -0.0801234
     -0.0514921     -0.0284916     -0.0619467     -0.0284887              0              0       0.161585     -0.0164422     -0.0818183     -0.0367147     -0.0863513     -0.0707603
     -0.0519269     -0.0237284     -0.0619467     -0.0284887              0              0       0.136842       0.102615     -0.0803968     -0.0424539      -0.055169     -0.0675339
      -0.052242     -0.0233446     -0.0619467     -0.0284887              0              0       0.133116      0.0664919     -0.0878673     -0.0334976     -0.0798973     -0.0891723
     -0.0447776     -0.0225524     -0.0594933     -0.0272669      0.0588803      0.0293248       0.218458      0.0460387     -0.0953581     -0.0338002     -0.0984474     -0.0904998
     -0.0424874     -0.0259369       -0.05704     -0.0284887      0.0588799     -0.0293248       0.176812      0.0413438     -0.0960962     -0.0476695     -0.0825499     -0.0753002
     -0.0388528     -0.0230993     -0.0545867     -0.0284887      0.0588799              0       0.223891      0.0970046      -0.106014     -0.0425541     -0.0680502     -0.0757678
     -0.0242268     -0.0224397     -0.0472267     -0.0272669        0.17664      0.0293248       0.308695      0.0416226      -0.104248      -0.033747     -0.0834852     -0.0725316
     -0.0234286     -0.0200914     -0.0435467      -0.026045        0.08832      0.0293246       0.263204      0.0999783      -0.102302     -0.0362791     -0.0615785     -0.0623097
     -0.0179787     -0.0208261       -0.03864     -0.0248232        0.11776      0.0293248       0.275283       0.024564      -0.103432     -0.0336345     -0.0630409     -0.0431793
     -0.0132937     -0.0217389     -0.0337333     -0.0236013        0.11776      0.0293248       0.266252      0.0179362      -0.104407     -0.0285581     -0.0233189     0.00429535
    -0.00523002     -0.0179534        -0.0276     -0.0223794         0.1472      0.0293248       0.301914      0.0944679      -0.102762     -0.0168795      0.0319099      0.0337405
     -0.0180611      -0.020686     -0.0300533     -0.0223794     -0.0588799              0       0.152625      0.0130229      -0.094753      0.0174858      0.0355711      0.0407848
     -0.0182137     -0.0213304     -0.0300533     -0.0223794              0              0       0.181836      0.0304931     -0.0888899      0.0273973      0.0459991      0.0353718
     -0.0192399     -0.0269651     -0.0300533     -0.0236013              0     -0.0293248       0.152884     -0.0657575     -0.0775521      0.0275918       0.024745      0.0294528
     -0.0292674     -0.0254796     -0.0325067     -0.0236013     -0.0588803              0      0.0213553     -0.0127029     -0.0700098      0.0226808      0.0341616      0.0288053
     -0.0306205     -0.0282538       -0.03496     -0.0248232     -0.0588799     -0.0293248       0.104645     -0.0510738     -0.0695702      0.0204024      0.0234485      0.0226984
     -0.0336971     -0.0253446     -0.0361867     -0.0248232     -0.0294402              0      0.0201718       0.010629     -0.0503238      0.0202654      0.0219483     0.00483561
     -0.0329525     -0.0300244     -0.0374133      -0.026045     -0.0294397     -0.0293248      0.0988649     -0.0774552     -0.0437516      0.0172343     -0.0122781    -0.00314908
     -0.0409591     -0.0362781     -0.0410933     -0.0297106       -0.08832     -0.0879742     0.00978212     -0.0735568     -0.0329559     0.00153668     0.00598001     0.00988388
     -0.0399047     -0.0323985       -0.04232     -0.0297106     -0.0294401              0      0.0456838     -0.0391906     -0.0461651     0.00742907      0.0137868      0.0219145
     -0.0395747     -0.0367187       -0.04232     -0.0321543              0     -0.0586496      0.0152421       -0.05023     -0.0582563      0.0141559      0.0300417      0.0312777
     -0.0333804     -0.0355095     -0.0410933     -0.0333762      0.0294401     -0.0293248        0.12558    -0.00695992      -0.069947      0.0200343      0.0325136      0.0134196
     -0.0297462     -0.0473882       -0.03864     -0.0382637      0.0588799      -0.117299       0.105382      -0.132971     -0.0607209      0.0237425    -0.00567278    -0.00469691
     -0.0301472     -0.0453459     -0.0374133     -0.0407074      0.0294402     -0.0586496      0.0989643     -0.0315643     -0.0507125     0.00596876    -0.00372163     -0.0225991
     -0.0291399     -0.0438804     -0.0361867     -0.0419293      0.0294397     -0.0293246       0.103316     -0.0239691     -0.0369168     0.00361461     -0.0414781     -0.0549403
     -0.0292946     -0.0496373       -0.03496      -0.044373      0.0294402     -0.0586495       0.073831     -0.0941914     -0.0223203     -0.0116494     -0.0684034     -0.0484888
     -0.0230553     -0.0546843       -0.03128     -0.0492604        0.08832      -0.117299       0.105014     -0.0338184     -0.0161161     -0.0278217     -0.0285741     -0.0319512
     -0.0231549     -0.0552092     -0.0300533     -0.0517042      0.0294402     -0.0586496       0.106001     -0.0420895     -0.0152928     -0.0181823     -0.0353284     -0.0340869
     -0.0209514     -0.0570209        -0.0276     -0.0541479      0.0588799     -0.0586495      0.0739484     -0.0249946     -0.0144662    -0.00961666     -0.0328453     -0.0359715
     -0.0178347      -0.057176     -0.0251467     -0.0565916      0.0588799     -0.0586494      0.0934358      0.0241385     -0.0300516     -0.0127171     -0.0390977     -0.0643151
    -0.00637828     -0.0706606     -0.0190133      -0.062701         0.1472      -0.146624       0.152413      -0.117171      -0.035354     -0.0152431     -0.0895323     -0.0874836
    -0.00517712     -0.0683165       -0.01656     -0.0651447      0.0588799     -0.0586495       0.168361     -0.0244441     -0.0354239     -0.0329127     -0.0854352     -0.0841432
    -0.00558606     -0.0648827     -0.0141067     -0.0663666      0.0588799     -0.0293249      0.0927628      0.0390683     -0.0292845     -0.0352852      -0.082851     -0.0897994
     -0.0032295     -0.0683632     -0.0116533     -0.0688103      0.0588803     -0.0586495       0.111536       0.012409     -0.0363817     -0.0310984     -0.0967478     -0.0987371
     0.00403342     -0.0757409    -0.00674667     -0.0724759        0.11776     -0.0879741       0.124237      -0.050259     -0.0384953     -0.0346408      -0.100727     -0.0835329
     0.00839011      -0.075991    -0.00306667     -0.0749196        0.08832     -0.0586495       0.162949     0.00630048     -0.0313333     -0.0392695     -0.0663381     -0.0565196
      0.0073847     -0.0748734   -0.000613346     -0.0761415      0.0588799     -0.0293249      0.0919574      0.0325669     -0.0158758     -0.0234242     -0.0467009     -0.0456634
     0.00922872     -0.0793671        0.00184     -0.0785852      0.0588803     -0.0586494       0.100857   -0.000919677      -0.015685     -0.0121303      -0.044626     -0.0453263
      0.0171742     -0.0824611     0.00674665     -0.0810289        0.11776     -0.0586495        0.13098    -0.00587055     -0.0112585     -0.0114675     -0.0460266     -0.0507714
      0.0169421     -0.0855865         0.0092     -0.0834727      0.0588803     -0.0586495      0.0979692     -0.0226285    -0.00979792     -0.0122715     -0.0555162     -0.0559377
      0.0183076     -0.0854104      0.0116533     -0.0846945      0.0588799     -0.0293246      0.0794873    -0.00597339     -0.0123596     -0.0157688     -0.0563589     -0.0521504
      0.0203671     -0.0855018      0.0141067     -0.0859164      0.0588799     -0.0293248      0.0747694      0.0173231     -0.0174339     -0.0179778      -0.047942     -0.0483114
      0.0290023     -0.0889585      0.0190133     -0.0883601        0.11776     -0.0586497       0.126223     0.00786045     -0.0174303     -0.0146603     -0.0486808     -0.0558252
      0.0282302     -0.0891778      0.0214667      -0.089582      0.0588799     -0.0293248      0.0781885      0.0115908      -0.011279     -0.0141815     -0.0629694     -0.0681073
      0.0277835     -0.0907882      0.0226933     -0.0908039      0.0294401     -0.0293248      0.0765481    -0.00233387    -0.00704001     -0.0202562     -0.0732455     -0.0679181
      0.0305793     -0.0912284      0.0251467     -0.0920257      0.0588799     -0.0293246      0.0652356      0.0209393   -0.000101436     -0.0266172     -0.0625909     -0.0591793
      0.0357209     -0.0893613      0.0288267     -0.0920257        0.08832              0      0.0800553      0.0407086    -0.00024115     -0.0250811      -0.055768     -0.0528331
      0.0379686     -0.0890952        0.03128     -0.0920257      0.0588803              0      0.0908274      0.0431554    -0.00638389     -0.0190925     -0.0498984     -0.0477028
      0.0396508     -0.0891078      0.0337333     -0.0920257      0.0588799              0      0.0671576      0.0436275    -0.00666689     -0.0164642     -0.0455073     -0.0449511
      0.0428226     -0.0895738      0.0361867     -0.0920257      0.0588799              0      0.0896702      0.0330405     -0.0124142     -0.0144105     -0.0443949     -0.0415237
      0.0506244     -0.0860815      0.0410933     -0.0908039        0.11776      0.0293246       0.109605       0.071002     -0.0147917     -0.0132142     -0.0386524      -0.043187
      0.0501052     -0.0863135      0.0435467     -0.0908039      0.0588799              0      0.0745767       0.074058     -0.0168099     -0.0113386     -0.0477218     -0.0633005
      0.0528605     -0.0864775          0.046     -0.0908039      0.0588803              0       0.097269      0.0622108     -0.0159662     -0.0123716     -0.0788792     -0.0939602
      0.0530445     -0.0871838      0.0484533     -0.0908039      0.0588799              0      0.0390103      0.0402291    -0.00200688      -0.029501      -0.109041      -0.109163
      0.0591701     -0.0837652      0.0521333      -0.089582        0.08832      0.0293248      0.0992616      0.0756238   -0.000430216     -0.0449472      -0.109284      -0.102779
       0.061058     -0.0815126      0.0545867     -0.0883601      0.0588799      0.0293248      0.0917078      0.0917944      0.0120971     -0.0458962      -0.096274     -0.0872483
      0.0616106     -0.0822015        0.05704     -0.0883601      0.0588799              0      0.0429617      0.0951757      0.0123612     -0.0383858     -0.0782227     -0.0765412
      0.0641611     -0.0832604      0.0594933     -0.0883601      0.0588803              0      0.0544568      0.0714445     0.00051726     -0.0295868     -0.0748599     -0.0726476
      0.0738051     -0.0808871         0.0644     -0.0871383        0.11776      0.0293248       0.121716      0.0872994    -0.00912117     -0.0257416     -0.0704358      -0.070174
      0.0705602     -0.0831252      0.0656267     -0.0871383      0.0294401              0       0.053525      0.0497651       -0.01012     -0.0243447     -0.0699126     -0.0624887
      0.0748595     -0.0796958        0.06808     -0.0859164      0.0588799      0.0293249      0.0969096      0.0960049     -0.0154974      -0.023631     -0.0550652      -0.059063
      0.0768498     -0.0788924      0.0705333     -0.0846945      0.0588804      0.0293248      0.0711552      0.0729597     -0.0150286     -0.0168936     -0.0630604     -0.0619989
      0.0853816     -0.0776099        0.07544     -0.0834727        0.11776      0.0293246       0.123456      0.0807097     -0.0207163     -0.0190597     -0.0609385     -0.0610948
      0.0842232     -0.0751009      0.0778933     -0.0822508      0.0588802      0.0293248      0.0641927       0.109343     -0.0221821     -0.0208084     -0.0612511     -0.0728782
      0.0888589     -0.0761732      0.0815733     -0.0822508      0.0883201              0      0.0920174      0.0901435     -0.0191842     -0.0207145     -0.0845048      -0.100262
      0.0902891     -0.0752197      0.0840267     -0.0810289      0.0588799      0.0293248      0.0876355      0.0614985    0.000641833     -0.0311903       -0.11602        -0.1146
      0.0938447     -0.0705666      0.0877067     -0.0785852        0.08832      0.0586495      0.0689061       0.100677      0.0148738     -0.0472972      -0.113179      -0.102743
      0.0945705     -0.0679496        0.09016     -0.0773633      0.0588799      0.0293248      0.0549002       0.146055      0.0156952      -0.047191     -0.0923073     -0.0976594
      0.0972211      -0.065443      0.0926133     -0.0749196      0.0588802      0.0586495      0.0619905       0.114119      0.0157055       -0.03569      -0.103012     -0.0981776
      0.0985739     -0.0635671      0.0950666     -0.0724759      0.0588795      0.0586495      0.0274757       0.110769      0.0118126     -0.0347534      -0.093344     -0.0798312
       0.107656      -0.057004      0.0999733     -0.0688103       0.117761      0.0879741      0.0937149       0.166189   -3.50369e-05      -0.035508     -0.0663179     -0.0646239
       0.108409     -0.0570487       0.102427     -0.0663666      0.0588793      0.0586495      0.0723919       0.113831    -0.00554525     -0.0207388     -0.0629302     -0.0552766
       0.110942     -0.0565707        0.10488     -0.0639228      0.0588804      0.0586497      0.0798937      0.0855141    -0.00614177     -0.0176772     -0.0476231     -0.0319606
       0.109275     -0.0576995       0.106107      -0.062701      0.0294397      0.0293248      0.0264793      0.0647177    -0.00702654     -0.0116967     -0.0162972    -0.00213229
       0.117994     -0.0463994       0.109787     -0.0578135        0.08832       0.117299       0.122474       0.171402     -0.0133005      0.0039602       0.012033    -0.00546365
       0.118351     -0.0509665        0.11224     -0.0565916      0.0588802      0.0293249      0.0625354      0.0622074     -0.0109602      0.0189871     -0.0229622     -0.0327006
       0.121136     -0.0507811       0.114693     -0.0553698      0.0588804      0.0293245      0.0851848      0.0614675     -0.0162594      0.0113805     -0.0424392     -0.0525817
       0.119154     -0.0502394        0.11592     -0.0541479      0.0294397      0.0293249      0.0220723       0.039505     -0.0201898    -0.00681048      -0.062724     -0.0575331
       0.132709     -0.0396316       0.122053     -0.0504823         0.1472      0.0879744       0.140855       0.170062     -0.0197108      -0.015188     -0.0523423     -0.0753266
       0.129953     -0.0431663        0.12328     -0.0492604      0.0294396      0.0293248        0.10044      0.0505915    -0.00221478      -0.011351     -0.0983104     -0.0944473
       0.130073      -0.044535       0.125733     -0.0492604      0.0588802              0      0.0332541      0.0711724     0.00739123     -0.0236882     -0.0905835     -0.0859952
       0.132869     -0.0410503       0.128187     -0.0480386      0.0588795      0.0293246      0.0602714       0.101155    0.000415217     -0.0315319     -0.0814069     -0.0817214
       0.139345     -0.0385015       0.133093     -0.0455949       0.117761      0.0586495      0.0506535      0.0754292    -0.00141548     -0.0237372     -0.0820356     -0.0621605
        0.14047     -0.0417653       0.135547     -0.0455949      0.0588791              0      0.0726534      0.0529652     0.00314213     -0.0223444     -0.0422836      -0.024385
       0.140387     -0.0384538       0.136773      -0.044373      0.0294406      0.0293249      0.0596234      0.0977208      0.0254752    -0.00441735    -0.00648648     -0.0103968
       0.139156     -0.0429042       0.139227      -0.044373      0.0588795              0     -0.0468226     0.00332936      0.0362659      0.0156573     -0.0143087    -0.00332657
        0.14374     -0.0433947        0.14168     -0.0455949      0.0588802     -0.0293249       0.038779      0.0721071      0.0271524      0.0181466     0.00765467     -0.0210035
        0.14825     -0.0451628       0.144133     -0.0455949      0.0588806              0      0.0675414     -0.0179351        0.03525      0.0206663     -0.0496622     -0.0551415
       0.140908     -0.0481304       0.144133     -0.0468167              0     -0.0293248     -0.0812371     -0.0207465      0.0440328     0.00698108     -0.0606201      -0.051742
       0.142408     -0.0480379       0.144133     -0.0480386              0     -0.0293248    -0.00501117      0.0119596      0.0221753        -0.0105     -0.0428661     -0.0401712
       0.144812     -0.0470997        0.14536     -0.0480386      0.0294396              0     -0.0198707      0.0073484      0.0291431   -0.000425032     -0.0374755      -0.026327
       0.146307     -0.0489841       0.146587     -0.0492604      0.0294396     -0.0293246     -0.0120166      0.0175736      0.0242787     0.00364537      -0.015179     -0.0143806
        0.14476     -0.0477227       0.146587     -0.0492604              0              0     -0.0307892      0.0275767      0.0192525      0.0111128      -0.013583     -0.0189976
       0.144591     -0.0501989       0.146587     -0.0504823              0     -0.0293248     -0.0274005      0.0139152         0.0196      0.0164877     -0.0244118     -0.0359567
       0.144519     -0.0495001       0.146587     -0.0504823              0              0     -0.0281357      0.0087846      0.0239787       0.012434     -0.0475017     -0.0508571
       0.144671     -0.0541167       0.146587      -0.052926              0     -0.0586496     -0.0237324    -0.00470187      0.0273246    -0.00111227     -0.0542125     -0.0595455
       0.144015     -0.0544055       0.146587     -0.0541479              0     -0.0293248     -0.0426895    -0.00129633      0.0274269    -0.00501042     -0.0648787     -0.0633435
       0.144774     -0.0550451       0.146587     -0.0553698              0     -0.0293249     -0.0205816       0.010515      0.0222436    -0.00926869      -0.061808     -0.0588568
       0.141913      -0.058349        0.14536     -0.0578135     -0.0294396     -0.0586494     -0.0470521     0.00839737      0.0197892     -0.0105247     -0.0559055     -0.0585127
       0.140488     -0.0555876       0.144133     -0.0578135     -0.0294396              0     -0.0466839      0.0340439      0.0165883    -0.00798028     -0.0611199     -0.0624131
       0.139211      -0.058045       0.142907     -0.0590354     -0.0294406     -0.0293248     -0.0502662        0.01632      0.0116216    -0.00636869     -0.0637069     -0.0606436
       0.141604     -0.0618099       0.142907     -0.0614791              0     -0.0586496     -0.0133039      0.0109956     0.00728561    -0.00877588     -0.0575806     -0.0604637
       0.136207     -0.0621857       0.140453      -0.062701     -0.0588795     -0.0293245     -0.0538604      0.0124098     0.00638891    -0.00795775     -0.0633471     -0.0635786
       0.135851     -0.0632535       0.139227     -0.0639228     -0.0294406     -0.0293248     -0.0433925       0.014729     0.00535787    -0.00807231       -0.06381     -0.0616961
       0.134236     -0.0645484          0.138     -0.0651447     -0.0294396     -0.0293248     -0.0558307      0.0128665     0.00341834     -0.0092892      -0.059582     -0.0542381
       0.134005     -0.0649849       0.136773     -0.0663666     -0.0294399     -0.0293249      -0.024909       0.034488     0.00324107    -0.00866335     -0.0488936     -0.0535111
       0.132666     -0.0702036       0.135547     -0.0688103     -0.0294406     -0.0586495     -0.0341796     -0.0178824     0.00768269    -0.00509637     -0.0581285     -0.0550335
       0.131111     -0.0699278        0.13432     -0.0700321     -0.0294396     -0.0293246      -0.040474      0.0125713      0.0136534    -0.00394695      -0.051938     -0.0520884
       0.126759     -0.0711492       0.131867      -0.071254     -0.0588802     -0.0293248     -0.0656016     0.00450698       0.010911    -0.00461381     -0.0522389     -0.0484944
       0.129969     -0.0722397       0.131867     -0.0724759              0     -0.0293248      -0.024597      0.0110591     0.00669743    -0.00344365     -0.0447502      -0.042435
       0.125118     -0.0763537       0.129413     -0.0749196     -0.0588795     -0.0586495     -0.0526913    -0.00838721     0.00458563    -0.00126963     -0.0401198     -0.0403914
       0.122034     -0.0790635        0.12696     -0.0773633     -0.0588802     -0.0586495     -0.0597318    -0.00847382     0.00436081     0.00180442     -0.0406629     -0.0461701
       0.122471     -0.0794912       0.125733     -0.0785852     -0.0294399     -0.0293248     -0.0387431     -0.0119011      0.0041752     0.00305016     -0.0516772     -0.0499107
       0.121858      -0.079903       0.124507     -0.0798071     -0.0294405     -0.0293248     -0.0303857     0.00748941     0.00398744    -0.00033491     -0.0481438     -0.0478883
       0.117604     -0.0865049       0.122053     -0.0834727     -0.0588793     -0.0879743     -0.0562885     -0.0265944     0.00336875    -0.00208562     -0.0476328     -0.0497002
       0.117753     -0.0888569       0.120827     -0.0859164     -0.0294406     -0.0586494     -0.0372355     -0.0355756    0.000945102    -0.00105684     -0.0517677      -0.047102
       0.120018     -0.0859705       0.120827     -0.0871383              0     -0.0293249     -0.0194158      0.0573515    0.000188361    -0.00148242     -0.0424368     -0.0493171
       0.118598     -0.0882574         0.1196      -0.089582     -0.0294397     -0.0586495     0.00346948      0.0101378    0.000577103    8.84022e-05     -0.0561985     -0.0600797
       0.115164     -0.0955112       0.118373     -0.0932476     -0.0294397     -0.0879741     -0.0586052     -0.0190942     0.00159455     0.00107009     -0.0639608     -0.0681145
       0.117148     -0.0949371       0.118373     -0.0944695              0     -0.0293248     -0.0103379    -0.00195994   -0.000501861    -0.00647288     -0.0722686     -0.0721838
       0.118296     -0.0972882       0.118373     -0.0969132              0     -0.0586497     0.00360206      0.0118222     0.00350333     -0.0112833     -0.0721003     -0.0773678
       0.118045      -0.103232       0.118373      -0.100579              0     -0.0879741    -0.00610841     -0.0282812       0.010495     -0.0136765     -0.0826355     -0.0814431
       0.117894      -0.104145       0.118373      -0.103023              0     -0.0586495    -0.00758859   -0.000568328      0.0114973     -0.0163721     -0.0802506     -0.0800783
       0.117648      -0.103314       0.118373      -0.104244              0     -0.0293246     -0.0133998      0.0200683     0.00945021     -0.0192111     -0.0799057     -0.0772583
       0.117927      -0.104303       0.118373      -0.105466              0     -0.0293248    -0.00399767      0.0203513     0.00876499     -0.0182744     -0.0746107     -0.0686366
       0.117936      -0.104933       0.118373      -0.106688              0     -0.0293248     -0.0054373      0.0370011     0.00977899     -0.0162966     -0.0626624     -0.0624341
       0.114704      -0.106403       0.117147       -0.10791     -0.0294406     -0.0293248     -0.0325301      0.0278941      0.0121347     -0.0102464      -0.062206     -0.0625667
       0.116084       -0.10751       0.117147      -0.109132              0     -0.0293249      -0.012588      0.0332572      0.0122676    -0.00641148     -0.0629272     -0.0672865
       0.116208      -0.106229       0.117147      -0.109132              0              0      -0.015865      0.0403839      0.0119796     -0.0065568     -0.0716459     -0.0718713
        0.11368      -0.105719        0.11592      -0.109132     -0.0294396              0     -0.0252555      0.0492393      0.0110967    -0.00903564     -0.0720969     -0.0708453
       0.115126      -0.108278        0.11592      -0.110354              0     -0.0293248    -0.00866717      0.0353506      0.0107099     -0.0109337     -0.0695935     -0.0688415
       0.112283      -0.106715       0.114693      -0.110354     -0.0294397              0     -0.0329123      0.0570275      0.0106536     -0.0103692     -0.0680896      -0.069963
       0.114129      -0.106669       0.114693      -0.110354              0              0    -0.00333682      0.0513229     0.00840355    -0.00974112     -0.0718365     -0.0713522
       0.114555      -0.106838       0.114693      -0.110354              0              0    -0.00287426      0.0486099     0.00684596     -0.0101953     -0.0708677      -0.067173
       0.112168      -0.106596       0.113467      -0.110354     -0.0294406              0     -0.0115777      0.0564509     0.00395502     -0.0101156     -0.0634781     -0.0617224
       0.109408      -0.104079        0.11224      -0.109132     -0.0294397      0.0293248     -0.0475289       0.066122     0.00177861    -0.00722771     -0.0599668     -0.0546197
       0.109052      -0.101509       0.111013       -0.10791     -0.0294396      0.0293249     -0.0140925      0.0978306    -0.00231205    -0.00501864     -0.0492725     -0.0559704
       0.108077      -0.107438       0.109787      -0.109132     -0.0294406     -0.0293249     -0.0149005      0.0156129     0.00283195   -0.000969103     -0.0626687     -0.0586487
       0.106324      -0.105485        0.10856      -0.109132     -0.0294397              0     -0.0279881      0.0659975     0.00797082    -0.00255816     -0.0546282     -0.0624153
       0.105101      -0.105786       0.107333      -0.109132     -0.0294397              0     -0.0262912      0.0425952     0.00442911    -0.00282817     -0.0702017     -0.0717321
       0.107036      -0.109074       0.107333      -0.110354              0     -0.0293248     -0.0026324      0.0179087    0.000941883    -0.00847524     -0.0732628     -0.0683194
       0.108132      -0.107088       0.107333      -0.110354              0              0      0.0156801      0.0533595    -0.00125181     -0.0108662     -0.0633764      -0.062756
       0.108234       -0.10646       0.107333      -0.110354              0              0      0.0107243      0.0595982     -0.0030465    -0.00857549     -0.0621355     -0.0645248
       0.108535      -0.106655       0.107333      -0.110354              0              0      0.0176092      0.0524779    -0.00697016    -0.00591855     -0.0669143     -0.0679897
       0.107766      -0.109634       0.107333      -0.111576              0     -0.0293248    -0.00345272       0.031863    -0.00939404    -0.00698619     -0.0690653     -0.0682699
       0.111714      -0.107964        0.10856      -0.111576      0.0294397              0      0.0506887      0.0574833    -0.00954555     -0.0088821     -0.0674746     -0.0709707
       0.109781      -0.107979        0.10856      -0.111576              0              0      0.0124645      0.0486586   -9.63105e-05    -0.00886171     -0.0744667     -0.0735683
       0.111866        -0.1073       0.109787      -0.111576      0.0294397              0      0.0249319      0.0669465     0.00169505     -0.0111832     -0.0726707     -0.0759348
       0.113808      -0.104064       0.111013      -0.110354      0.0294406      0.0293248      0.0403903      0.0885137     0.00381554     -0.0122488     -0.0791988     -0.0843575
       0.111763      -0.106537       0.111013      -0.110354              0              0     0.00717042      0.0405617     0.00721575       -0.01356     -0.0895161     -0.0805246
       0.111511      -0.102627       0.111013      -0.109132              0      0.0293248     0.00947066       0.100354     0.00696338     -0.0184398     -0.0715325     -0.0722602
       0.111236      -0.100585       0.111013      -0.106688              0      0.0586497     9.7522e-05      0.0547041     0.00364841     -0.0126067      -0.072988     -0.0498789
       0.111532     -0.0995582       0.111013      -0.105466              0      0.0293248     0.00834645      0.0910292    -0.00127577     -0.0108581     -0.0267702     -0.0170855
       0.111034     -0.0979211       0.111013      -0.104244              0      0.0293248    -0.00661552      0.0987382    -0.00255917     0.00978524    -0.00740186     -0.0166028
       0.107482      -0.101529       0.109787      -0.104244     -0.0294406              0     -0.0353106      0.0309515    -0.00322567      0.0213044     -0.0258059     -0.0301161
       0.110216      -0.101203       0.109787      -0.104244              0              0      0.0247176      0.0549491    0.000791799      0.0173161     -0.0344264     -0.0508916
       0.106029      -0.104862        0.10856      -0.105466     -0.0294397     -0.0293248     -0.0410073     0.00381767       0.014059     0.00914092     -0.0673572     -0.0726474
       0.107448      -0.103272        0.10856      -0.105466              0              0    -0.00957466      0.0305883      0.0133753    -0.00695556     -0.0779377       -0.07811
       0.107134      -0.101961        0.10856      -0.105466              0              0     -0.0271133       0.052537      0.0129135     -0.0130116     -0.0782819     -0.0771819
       0.104705      -0.101174       0.107333      -0.105466     -0.0294397              0      -0.030127      0.0651975      0.0100381     -0.0128521     -0.0760821     -0.0774448
       0.105691      -0.104336       0.107333      -0.106688              0     -0.0293248     -0.0254299      0.0349916      0.0104916     -0.0116618     -0.0788075     -0.0763848
       0.104152      -0.106502       0.106107       -0.10791     -0.0294405     -0.0293248     -0.0128284      0.0218936      0.0114378     -0.0115923     -0.0739626     -0.0679904
       0.105513      -0.107995       0.106107      -0.109132              0     -0.0293249    -0.00663911      0.0217255      0.0132817     -0.0111976     -0.0620181     -0.0553463
       0.105003      -0.108103       0.106107      -0.110354              0     -0.0293248      -0.026249      0.0521392     0.00630892    -0.00461166     -0.0486744     -0.0563905
       0.106851      -0.107881       0.106107      -0.110354              0              0      0.0219287      0.0275204    -0.00398396     0.00218887     -0.0641075     -0.0631143
       0.107283      -0.110863       0.106107      -0.111576              0     -0.0293248      0.0170976      0.0114045    -0.00191842    -0.00398164     -0.0621205     -0.0560955
       0.110323      -0.109462       0.107333      -0.111576      0.0294405              0      0.0374433      0.0311079    -0.00675534    -0.00488763     -0.0500701     -0.0425489
       0.112097      -0.111539        0.10856      -0.112797      0.0294397     -0.0293248      0.0415562      0.0295311        -0.0138   -0.000531248      -0.035028     -0.0352967
       0.114743      -0.109936       0.109787      -0.112797      0.0294397              0      0.0745097      0.0497669     -0.0183847     0.00728197      -0.035565     -0.0450466
       0.114663      -0.109349       0.111013      -0.112797      0.0294406              0      0.0327736      0.0548434     -0.0167588     0.00943346     -0.0545282     -0.0678505
       0.116897      -0.113763        0.11224      -0.114019      0.0294396     -0.0293248      0.0717615     -0.0105966     -0.0195283   -0.000179461     -0.0811728     -0.0753802
       0.120652      -0.111116       0.114693      -0.114019      0.0588804              0       0.073441      0.0512633     -0.0103518     -0.0135783     -0.0695865     -0.0688413
       0.122584      -0.110314       0.117147      -0.114019      0.0588793              0      0.0610985       0.053833    -0.00884663    -0.00959616     -0.0680962     -0.0664831
       0.122591       -0.10628       0.118373      -0.112797      0.0294406      0.0293248      0.0591202       0.100671    -0.00862514     -0.0054503       -0.06487     -0.0744015
       0.125672      -0.106854       0.120827      -0.112797      0.0588795              0      0.0566674      0.0904833    -0.00314723    -0.00477939     -0.0839324     -0.0989532
       0.127937      -0.108948        0.12328      -0.112797      0.0588802              0      0.0542616      0.0350997    0.000912796     -0.0127622      -0.113974      -0.108732
       0.131114      -0.106851       0.125733      -0.112797      0.0588802              0       0.074157        0.10114     0.00333298     -0.0277707      -0.103488      -0.110655
       0.129531      -0.107415        0.12696      -0.112797      0.0294399              0      0.0204532      0.0660828     0.00695337     -0.0246904      -0.117823      -0.112748
        0.13383      -0.104744       0.129413      -0.111576      0.0588802      0.0293248      0.0602318      0.0915073     0.00316263     -0.0285887      -0.107673     -0.0990282
       0.138331      -0.102151       0.133093      -0.110354      0.0883201      0.0293248      0.0473091       0.120616     0.00269045     -0.0287709     -0.0903842     -0.0870979
       0.136533      -0.104351        0.13432      -0.110354      0.0294396              0      0.0221867      0.0821504     0.00207854     -0.0204219     -0.0838117     -0.0788933
       0.136505      -0.101368       0.135547      -0.109132      0.0294396      0.0293248     0.00523905       0.118421      0.0098405     -0.0145048     -0.0739746     -0.0803247
       0.137806      -0.101937       0.136773       -0.10791      0.0294406      0.0293249      0.0191619      0.0632845      0.0213913     -0.0103448     -0.0866735     -0.0787898
       0.135591      -0.103816       0.136773       -0.10791              0              0     -0.0154968      0.0567759      0.0325538     -0.0152329     -0.0709076     -0.0615919
       0.136803     -0.0977665          0.138      -0.105466      0.0294399      0.0586495     -0.0278308       0.108982      0.0357955     -0.0134823     -0.0522761     -0.0496747
       0.134606     -0.0976126          0.138      -0.104244              0      0.0293248     -0.0586173      0.0917695      0.0305458     -0.0032044     -0.0470732     -0.0481846
       0.135482     -0.0969836          0.138      -0.103023              0      0.0293246     -0.0266226      0.0830157      0.0268797      0.0013587     -0.0492961     -0.0538986
       0.132585     -0.0909981       0.136773     -0.0993569     -0.0294399      0.0879743     -0.0551858      0.0987459      0.0320507    0.000941464     -0.0585012     -0.0552003
       0.133905     -0.0953103       0.136773     -0.0993569              0              0     -0.0380923        0.05186      0.0305596    -0.00363796     -0.0519007     -0.0453534
       0.130738     -0.0927453       0.135547     -0.0981351     -0.0294406      0.0293246     -0.0726346      0.0801561      0.0249827    -0.00192016      -0.038806     -0.0398404
       0.129988     -0.0920057        0.13432     -0.0969132     -0.0294396      0.0293248     -0.0528167      0.0618324      0.0177969     0.00396413     -0.0408756     -0.0396049
       0.132178     -0.0937167        0.13432     -0.0969132              0              0     -0.0272125      0.0469775      0.0159731     0.00618345     -0.0383344       -0.03975
       0.126846     -0.0945597       0.131867     -0.0969132     -0.0588802              0      -0.064138      0.0311819       0.016014     0.00594623     -0.0411655     -0.0399908
       0.126801      -0.094947        0.13064     -0.0969132     -0.0294399              0     -0.0480064      0.0264774      0.0113505     0.00526113     -0.0388159     -0.0352976
       0.126438     -0.0946537       0.129413     -0.0969132     -0.0294396              0     -0.0338609      0.0362594     0.00791443     0.00561494     -0.0317791     -0.0322515
       0.125279     -0.0943852       0.128187     -0.0969132     -0.0294406              0     -0.0389732      0.0407649     0.00483121     0.00883217     -0.0327238     -0.0379376
       0.124204      -0.100759        0.12696     -0.0993569     -0.0294396     -0.0586494     -0.0359726     -0.0151826   -9.63105e-05      0.0101308     -0.0431516     -0.0442679
       0.123371     -0.0979412       0.125733     -0.0993569     -0.0294399              0     -0.0269725       0.025589    -0.00295972     0.00695033     -0.0453836     -0.0482601
       0.122401      -0.100222       0.124507      -0.100579     -0.0294405     -0.0293248     -0.0224072     0.00785645    -0.00214158     0.00374336     -0.0511368     -0.0509133
       0.121227      -0.104506        0.12328      -0.103023     -0.0294397     -0.0586495     -0.0223656     -0.0111454    0.000186812     0.00127263     -0.0506903     -0.0500059
       0.119544       -0.10458       0.122053      -0.104244     -0.0294396     -0.0293246      -0.034314     0.00149732    0.000227581    0.000824758     -0.0493214     -0.0469425
       0.121231      -0.102263       0.122053      -0.104244              0              0     -0.0115937      0.0334597    -0.00218414     0.00108666      -0.044564     -0.0448119
       0.122025      -0.107551       0.122053      -0.106688              0     -0.0586495     0.00288395     -0.0019345    -0.00249432     0.00315423     -0.0450598     -0.0471082
       0.118539      -0.110917       0.120827      -0.109132     -0.0294406     -0.0586497     -0.0332877     -0.0143976    0.000909458     0.00402553     -0.0491566     -0.0508621
       0.116912      -0.109878         0.1196      -0.110354     -0.0294397     -0.0293248     -0.0306966      0.0216502     0.00299049     0.00318904     -0.0525672     -0.0614647
       0.118544      -0.113859         0.1196      -0.112797              0     -0.0586495     -0.0112101     -0.0086964     0.00809849    0.000775644     -0.0703623        -0.0746
         0.1187      -0.113972         0.1196      -0.114019              0     -0.0293248     -0.0133147     0.00286473     0.00968898    -0.00781064     -0.0788378     -0.0757513
       0.118594      -0.113222         0.1196      -0.115241              0     -0.0293246     -0.0163411      0.0464009     0.00878895      -0.012576     -0.0726643     -0.0788182
       0.118869      -0.117511         0.1196      -0.117685              0     -0.0586495       -0.00915     0.00838069     0.00692094     -0.0103159     -0.0849726     -0.0866487
       0.119051      -0.115842         0.1196      -0.118907              0     -0.0293246    -0.00702881      0.0667021     0.00646068     -0.0120689     -0.0883253      -0.103625
       0.116529      -0.114086       0.118373      -0.118907     -0.0294397              0     -0.0189073      0.0650461     0.00603617     -0.0158916      -0.118925      -0.127416
       0.118528      -0.116864       0.118373      -0.120129              0     -0.0293248     0.00933455      0.0410961     0.00355304     -0.0306914      -0.135908      -0.133198
       0.118918       -0.11146       0.118373      -0.118907              0      0.0293248     0.00566223       0.108023    -0.00240075     -0.0399055      -0.130487      -0.127264
       0.115091      -0.105088       0.117147      -0.116463     -0.0294406      0.0586494     -0.0414708       0.163351     -0.0139856     -0.0378275      -0.124041       -0.12508
       0.121345      -0.104714       0.118373      -0.115241      0.0294406      0.0293248      0.0571035       0.145669     -0.0228418     -0.0336447       -0.12612      -0.130172
        0.11824      -0.103276       0.117147      -0.112797     -0.0294406      0.0586494      0.0219381       0.105483     -0.0157531     -0.0329166      -0.134225      -0.119694
       0.117978     -0.0975599       0.117147      -0.109132              0      0.0879743     0.00377625       0.151706      -0.011901     -0.0358925      -0.105163      -0.087466
       0.118312     -0.0968238       0.117147      -0.106688              0      0.0586497      0.0161071       0.125308     -0.0215021     -0.0241935     -0.0697691     -0.0488613
       0.117513     -0.0951592       0.117147      -0.104244              0      0.0586495    -0.00532744        0.12469     -0.0215908    -0.00530081     -0.0279533     -0.0155479
       0.114757     -0.0930465        0.11592      -0.101801     -0.0294396      0.0586494    -0.00927564       0.126245     -0.0166258       0.014878    -0.00314217    -0.00813683
       0.115965     -0.0893433        0.11592     -0.0981351              0      0.0879741     0.00808728       0.108667   -0.000594009      0.0269596     -0.0131328     -0.0192368
       0.115488     -0.0947945        0.11592     -0.0981351              0              0    -0.00441739      0.0424149      0.0122914      0.0269902      -0.025341      -0.030446
       0.114096     -0.0903923        0.11592     -0.0956913              0      0.0586497     -0.0342932        0.06447      0.0162815      0.0192385      -0.035551     -0.0366642
       0.118062     -0.0924328       0.117147     -0.0956913      0.0294396              0      0.0204321      0.0486611      0.0145156      0.0127367     -0.0377769     -0.0429414
       0.118107     -0.0876883       0.118373     -0.0932476      0.0294406      0.0586495     -0.0249279      0.0653207        0.01772      0.0118325     -0.0481058     -0.0452335
       0.117615     -0.0871947       0.118373     -0.0920257              0      0.0293248     -0.0018544      0.0631411      0.0152401     0.00826771     -0.0423615     -0.0392512
       0.120225     -0.0886374         0.1196     -0.0920257      0.0294397              0     0.00554817      0.0514711      0.0178717     0.00744135     -0.0361407     -0.0378448
       0.119385     -0.0899701         0.1196     -0.0920257              0              0     0.00205014      0.0233119      0.0205664      0.0109981      -0.039549     -0.0356092
       0.118573     -0.0902869         0.1196     -0.0920257              0              0     -0.0211857      0.0245571      0.0172172      0.0126895     -0.0316695     -0.0266037
       0.118504      -0.090399         0.1196     -0.0920257              0              0     -0.0207583      0.0241211     0.00558962      0.0137245     -0.0215377     -0.0175222
         0.1181     -0.0929907         0.1196     -0.0932476              0     -0.0293248     -0.0308605      0.0149222    -0.00113093      0.0185598     -0.0135067     -0.0180613
       0.119101     -0.0925933         0.1196     -0.0932476              0              0     0.00170326     0.00588324    0.000208985      0.0231043     -0.0226166     -0.0228467
       0.121622     -0.0983445       0.120827     -0.0956913      0.0294397     -0.0586495     0.00794989     -0.0304923      0.0122131      0.0218505     -0.0230765     -0.0217082
       0.116306     -0.0976771         0.1196     -0.0969132     -0.0294397     -0.0293249     -0.0486241     0.00511318      0.0234674      0.0183613     -0.0203401     -0.0288011
        0.11714      -0.101345         0.1196     -0.0993569              0     -0.0586494     -0.0316592     -0.0164281      0.0249094      0.0186476     -0.0372623     -0.0476113
       0.116329      -0.104372         0.1196      -0.101801              0     -0.0586495     -0.0553344      -0.029621      0.0274779       0.014422     -0.0579604     -0.0618856
       0.117407      -0.105849         0.1196      -0.104244              0     -0.0586494     -0.0204485    -0.00661541       0.028705      0.0036288       -0.06581     -0.0733295
       0.119684      -0.105407       0.120827      -0.105466      0.0294397     -0.0293248     -0.0258561     0.00262122      0.0328435    -0.00203662     -0.0808484     -0.0803342
       0.115417      -0.105955         0.1196      -0.106688     -0.0294397     -0.0293248     -0.0572672      0.0143773      0.0325146    -0.00742607     -0.0798182     -0.0746169
       0.117718      -0.112253         0.1196      -0.110354              0     -0.0879745     -0.0137848    -0.00997465      0.0301061     -0.0101667     -0.0694153     -0.0676429
       0.114666      -0.110956       0.118373      -0.111576     -0.0294397     -0.0293248     -0.0537045      0.0189424      0.0294805    -0.00743204     -0.0658706     -0.0652544
       0.112306      -0.113751       0.117147      -0.114019     -0.0294406     -0.0586495     -0.0761541      0.0230837      0.0191774    -0.00240271     -0.0646386     -0.0714607
       0.113335        -0.1142        0.11592      -0.115241     -0.0294396     -0.0293246     -0.0157846      0.0179283     0.00782598     -0.0019794      -0.078283     -0.0818102
       0.114004      -0.112682        0.11592      -0.115241              0              0     -0.0389919      0.0325483      0.0103809    -0.00554233     -0.0853369     -0.0792494
       0.107583      -0.112516        0.11224      -0.116463     -0.0883201     -0.0293248     -0.0364102      0.0829491     0.00809516     -0.0105575     -0.0731604     -0.0885596
       0.107443      -0.115721       0.111013      -0.117685     -0.0294396     -0.0293248     -0.0557664       0.016069      0.0041752     -0.0103548      -0.103959      -0.101334
       0.107186      -0.114592       0.109787      -0.117685     -0.0294406              0     -0.0295703       0.040522     0.00295294      -0.011942      -0.098709     -0.0877537
       0.104381      -0.115041       0.107333      -0.118907     -0.0588795     -0.0293246     -0.0255538      0.0759579    -0.00569009     -0.0216204     -0.0767986     -0.0808647
       0.107166      -0.114822       0.107333      -0.118907              0              0    -0.00297892      0.0519461    -0.00536643     -0.0111914     -0.0849308     -0.0813944
        0.10498      -0.117534       0.106107      -0.120129     -0.0294405     -0.0293248     -0.0146918      0.0437332    -0.00798272    -0.00931185     -0.0778572     -0.0750715
       0.102547      -0.115819        0.10488      -0.120129     -0.0294397              0     -0.0395434       0.068772     -0.0117953     -0.0102076     -0.0722859     -0.0738788
       0.103571      -0.118486       0.103653       -0.12135     -0.0294397     -0.0293249      0.0284624      0.0470057     -0.0107421    -0.00678175     -0.0754718     -0.0804248
       0.103643      -0.120429       0.103653      -0.122572              0     -0.0293248    -0.00935518      0.0345322    -0.00145458    -0.00597184      -0.085378     -0.0870077
       0.100693      -0.118421       0.102427      -0.122572     -0.0294406              0      -0.021146      0.0642973     0.00327505    -0.00994985      -0.088638      -0.091519
       0.101713      -0.120867       0.102427      -0.123794              0     -0.0293248     -0.0133299      0.0447914    -0.00176488     -0.0129239     -0.0943994       -0.09395
       0.102857      -0.119719       0.102427      -0.123794              0              0      0.0144608      0.0573236   -0.000418414     -0.0149549     -0.0935005     -0.0900182
       0.102674      -0.118878       0.102427      -0.123794              0              0     0.00296701      0.0749779     0.00533236     -0.0160059     -0.0865354     -0.0858088
       0.102236      -0.122048       0.102427      -0.125016              0     -0.0293248     -0.0054918      0.0442807     0.00863529     -0.0147481     -0.0850821     -0.0814272
       0.102548      -0.121031       0.102427      -0.125016              0              0     0.00409114      0.0589966     0.00661231     -0.0118622     -0.0777718     -0.0742404
       0.102367      -0.120409       0.102427      -0.125016              0              0    -0.00344566      0.0716165     0.00494541    -0.00935071     -0.0707092     -0.0718507
       0.105381      -0.118311       0.103653      -0.123794      0.0294406      0.0293248      0.0209285      0.0690029     0.00438465    -0.00534599     -0.0729922     -0.0682726
       0.103841      -0.118822       0.103653      -0.123794              0              0    -0.00163837      0.0792741     0.00431801    -0.00452357     -0.0635527      -0.066985
       0.103395      -0.119101       0.103653      -0.123794              0              0     -0.0038642      0.0695224     0.00506128    -0.00275247     -0.0704172     -0.0763524
       0.106576      -0.119876        0.10488      -0.123794      0.0294397              0      0.0256009      0.0509319     0.00879921    -0.00253969     -0.0822873     -0.0826771
       0.105613      -0.119634        0.10488      -0.123794              0              0      0.0146285      0.0608571      0.0135442    -0.00742393     -0.0830671     -0.0832688
       0.102027      -0.119907       0.103653      -0.123794     -0.0294397              0     -0.0217249      0.0510781       0.014676     -0.0115697     -0.0834708     -0.0775772
       0.102742      -0.119558       0.103653      -0.123794              0              0     -0.0190692      0.0641057     0.00708974     -0.0114409     -0.0716834     -0.0674049
       0.104249      -0.117249       0.103653      -0.122572              0      0.0293248      0.0152866      0.0687295    -0.00107633    -0.00802939     -0.0631259     -0.0556604
       0.102094       -0.11566       0.102427       -0.12135     -0.0294406      0.0293248     0.00340912      0.0796265    -0.00156366    -0.00273805     -0.0481952     -0.0444516
       0.101844      -0.115991       0.102427       -0.12135              0              0     -0.0226892      0.0922423   -0.000198592     0.00268395     -0.0407078     -0.0548004
       0.100404      -0.115665         0.1012      -0.120129     -0.0294396      0.0293249      0.0025682      0.0425392    -0.00451909     0.00893433     -0.0688917     -0.0666567
       0.101475      -0.116408         0.1012      -0.120129              0              0     0.00411955      0.0575236   -0.000963677      0.0015182     -0.0644206     -0.0650923
      0.0986255      -0.115994      0.0999733      -0.120129     -0.0294397              0     -0.0131933      0.0633602     0.00549091    -0.00404518     -0.0657637     -0.0700645
      0.0996179      -0.119757      0.0999733       -0.12135              0     -0.0293249    -0.00457694      0.0194822     0.00549091    -0.00404518     -0.0743653     -0.0705019
      0.0994807       -0.11497      0.0999733      -0.120129              0      0.0293249     -0.0105859      0.0770472     0.00549091    -0.00404518      -0.066639     -0.0669438
      0.0997198      -0.121059      0.0999733      -0.122572              0     -0.0586497    -0.00176278      0.0349935     0.00549091    -0.00404518     -0.0672485     -0.0734544
       0.100019      -0.119497      0.0999733      -0.122572              0              0     0.00429427      0.0421862     0.00549091    -0.00404518     -0.0796603     -0.0813452
      0.0999346      -0.119502      0.0999733      -0.122572              0              0    0.000251103      0.0376976     0.00549091    -0.00404518     -0.0830306     -0.0761032
      0.0997154      -0.121814      0.0999733      -0.123794              0     -0.0293248    -0.00581173      0.0349997     0.00549091    -0.00404518     -0.0691762     -0.0630297
       0.100356      -0.123438      0.0999733      -0.125016              0     -0.0293248     0.00987979      0.0298875     0.00549091    -0.00404518     -0.0568832     -0.0531659
       0.102634      -0.125017         0.1012      -0.126238      0.0294397     -0.0293248     0.00768853       0.025796     0.00549091    -0.00404518     -0.0494486     -0.0485234
       0.102595      -0.123288         0.1012      -0.126238              0              0      0.0281997      0.0491872     0.00549091    -0.00404518     -0.0475981     -0.0528945
       0.101842      -0.125886         0.1012       -0.12746              0     -0.0293248     0.00422945      0.0285887     0.00549091    -0.00404518     -0.0581913     -0.0643109
       0.104569      -0.125354       0.102427       -0.12746      0.0294396              0      0.0254344      0.0234944     0.00549091    -0.00404518     -0.0704304     -0.0667406
       0.102628      -0.129978       0.102427      -0.129904              0     -0.0586495     -0.0054893      0.0132544     0.00549091    -0.00404518     -0.0630511     -0.0629614
       0.102966      -0.127995       0.102427      -0.129904              0              0      0.0153847       0.023651     0.00549091    -0.00404518      -0.062872     -0.0565838
       0.101895      -0.130248       0.102427      -0.131125              0     -0.0293248     -0.0129805      0.0185085     0.00549091    -0.00404518     -0.0502952     -0.0443483
       0.098616       -0.13152         0.1012      -0.132347     -0.0294396     -0.0293244     -0.0313263      0.0223576     0.00549091    -0.00404518     -0.0384016      -0.038341
      0.0966834      -0.129233      0.0999733      -0.132347     -0.0294397              0     -0.0410599      0.0571022     0.00549091    -0.00404518     -0.0382806     -0.0502801
      0.0987485      -0.128388      0.0999733      -0.132347              0              0    -0.00927623      0.0632048     0.00549091    -0.00404518     -0.0622793     -0.0801828
      0.0985797      -0.129537      0.0999733      -0.132347              0              0     -0.0257469      0.0244569     0.00549091    -0.00404518     -0.0980858     -0.0978795
      0.0961529      -0.127745      0.0987466      -0.132347     -0.0294406              0     -0.0320347      0.0751147     0.00549091    -0.00404518     -0.0976738      -0.101918
      0.0978619       -0.12741      0.0987466      -0.132347              0              0      -0.011178      0.0662915     0.00549091    -0.00404518      -0.106163      -0.104396
      0.0985015      -0.127605      0.0987466      -0.132347              0              0    -0.00307557      0.0638148     0.00549091    -0.00404518      -0.102628     -0.0950417
      0.0953405      -0.123105        0.09752      -0.131125     -0.0294397      0.0293244     -0.0321371        0.12564     0.00549091    -0.00404518     -0.0874553     -0.0922026
      0.0976293      -0.125007        0.09752      -0.131125              0              0      0.0123316      0.0815916     0.00549091    -0.00404518     -0.0969493     -0.0983901
      0.0970041      -0.125731        0.09752      -0.131125              0              0     -0.0167363      0.0762568     0.00549091    -0.00404518     -0.0998305     -0.0984864
       0.101395      -0.126087      0.0987466      -0.131125      0.0294397              0      0.0480127      0.0694206     0.00549091    -0.00404518     -0.0971426     -0.0933769
      0.0997448      -0.125955      0.0987466      -0.131125              0              0     0.00730667      0.0762351     0.00549091    -0.00404518     -0.0896111     -0.0863764
      0.0989815      -0.125355      0.0987466      -0.131125              0              0    -0.00227875      0.0905899     0.00549091    -0.00404518     -0.0831413     -0.0866244
       0.102595      -0.126163      0.0999733      -0.131125      0.0294406              0       0.037767      0.0665444     0.00549091    -0.00404518     -0.0901074     -0.0894335
       0.101319      -0.126573      0.0999733      -0.131125              0              0      0.0167235      0.0634257     0.00549091    -0.00404518     -0.0887597     -0.0850156
        0.10097       -0.12612      0.0999733      -0.131125              0              0      0.0153054      0.0766401     0.00549091    -0.00404518     -0.0812721     -0.0814165
       0.100946      -0.127009      0.0999733      -0.131125              0              0      0.0155845      0.0522608     0.00549091    -0.00404518     -0.0815609     -0.0750162
       0.100668      -0.126847      0.0999733      -0.131125              0              0     0.00826631      0.0655193     0.00549091    -0.00404518     -0.0684712     -0.0651597
       0.101215       -0.12698      0.0999733      -0.131125              0              0      0.0230104      0.0611865     0.00549091    -0.00404518     -0.0618485     -0.0608514
       0.100715      -0.127279      0.0999733      -0.131125              0              0     0.00499685      0.0565714     0.00549091    -0.00404518     -0.0598544     -0.0599399
       0.100754      -0.127294      0.0999733      -0.131125              0              0      0.0102811      0.0578928     0.00549091    -0.00404518     -0.0600252     -0.0626453
        0.10095       -0.12686      0.0999733      -0.131125              0              0      0.0149807      0.0670415     0.00549091    -0.00404518      -0.065265     -0.0731561
        0.10436      -0.124384         0.1012      -0.129904      0.0294397      0.0293248      0.0471316      0.0706786     0.00549091    -0.00404518      -0.081047     -0.0837707
       0.102612      -0.126196         0.1012      -0.129904              0              0      0.0158438      0.0435718     0.00549091    -0.00404518     -0.0864939     -0.0787129
       0.101933      -0.129543         0.1012      -0.131125              0     -0.0293248     0.00737815      0.0228428     0.00549091    -0.00404518     -0.0709308     -0.0578198
       0.102357      -0.127048         0.1012      -0.131125              0              0      0.0205877      0.0742368     0.00549091    -0.00404518     -0.0447084     -0.0472695
        0.10235      -0.127471         0.1012      -0.131125              0              0      0.0167607      0.0520164     0.00549091    -0.00404518     -0.0498303     -0.0532258
       0.102225      -0.127797         0.1012      -0.131125              0              0      0.0140437      0.0491023     0.00549091    -0.00404518     -0.0566212      -0.060796
       0.101548      -0.127309         0.1012      -0.131125              0              0      -0.002017      0.0594602     0.00549091    -0.00404518      -0.064971     -0.0721311
       0.099026      -0.127042      0.0999733      -0.131125     -0.0294397              0    -0.00521239      0.0591323     0.00549091    -0.00404518     -0.0792912     -0.0857726
      0.0991622      -0.126288      0.0999733      -0.131125              0              0     -0.0185465      0.0733987     0.00549091    -0.00404518     -0.0922542       -0.09974
      0.0999845       -0.12605      0.0999733      -0.131125              0              0     0.00992458      0.0702283     0.00549091    -0.00404518      -0.107226      -0.111413
      0.0998998      -0.125834      0.0999733      -0.131125              0              0     0.00198623      0.0734507     0.00549091    -0.00404518        -0.1156       -0.11573
       0.101651      -0.124993         0.1012      -0.131125      0.0294397              0    -0.00507066      0.0915082     0.00549091    -0.00404518      -0.115862       -0.11633
      0.0984201      -0.124708      0.0999733      -0.131125     -0.0294397              0     -0.0107423      0.0924841     0.00549091    -0.00404518      -0.116799      -0.117447
       0.099142      -0.125752      0.0999733      -0.131125              0              0     -0.0138461      0.0666898     0.00549091    -0.00404518      -0.118096      -0.108187
      0.0989052      -0.124998      0.0999733      -0.131125              0              0     -0.0213061      0.0958361     0.00549091    -0.00404518     -0.0982788     -0.0936382
      0.0997518       -0.12579      0.0999733      -0.131125              0              0     0.00153404      0.0718208     0.00549091    -0.00404518     -0.0889976     -0.0809209
        0.10046      -0.127077      0.0999733      -0.131125              0              0      0.0122926      0.0521628     0.00549091    -0.00404518     -0.0728434     -0.0597111
      0.0997339       -0.12689      0.0999733      -0.131125              0              0     -0.0103655      0.0686039     0.00549091    -0.00404518     -0.0465792     -0.0418771
       0.104126      -0.125436         0.1012      -0.131125      0.0294397              0      0.0504007       0.103931     0.00549091    -0.00404518     -0.0371746     -0.0582832
      0.0990642      -0.128452      0.0999733      -0.131125     -0.0294397              0     -0.0218998      0.0151068     0.00549091    -0.00404518     -0.0793913      -0.077609
      0.0993138      -0.127172      0.0999733      -0.131125              0              0     -0.0170506      0.0682728     0.00549091    -0.00404518      -0.075826     -0.0811105
       0.101246       -0.12613      0.0999733      -0.131125              0              0      0.0324423      0.0756523     0.00549091    -0.00404518     -0.0863946      -0.095382
        0.10402      -0.126922         0.1012      -0.131125      0.0294397              0      0.0371286      0.0501299     0.00549091    -0.00404518      -0.104369      -0.102364
      0.0993182      -0.125843      0.0999733      -0.131125     -0.0294397              0     -0.0084011      0.0822989     0.00549091    -0.00404518      -0.100359      -0.101611
       0.102606      -0.125312         0.1012      -0.131125      0.0294397              0      0.0117097      0.0853292     0.00549091    -0.00404518      -0.102862      -0.104226
      0.0987793      -0.125303      0.0999733      -0.131125     -0.0294397              0     -0.0150318       0.083623     0.00549091    -0.00404518      -0.105591      -0.105912
       0.103726      -0.124612         0.1012      -0.131125      0.0294397              0      0.0445064       0.100242     0.00549091    -0.00404518      -0.106234      -0.112893
      0.0985671      -0.125781      0.0999733      -0.131125     -0.0294397              0      -0.028408      0.0644984     0.00549091    -0.00404518      -0.119551      -0.113434
       0.100709      -0.126354      0.0999733      -0.131125              0              0      0.0248741      0.0625237     0.00549091    -0.00404518      -0.107316     -0.0950856
       0.100807      -0.125756      0.0999733      -0.131125              0              0     0.00884715      0.0825249     0.00549091    -0.00404518     -0.0828549     -0.0748423
       0.100332      -0.125739      0.0999733      -0.131125              0              0    -0.00192189      0.0826273     0.00549091    -0.00404518     -0.0668297     -0.0647239
       0.101415      -0.127242      0.0999733      -0.131125              0              0      0.0269945      0.0495961     0.00549091    -0.00404518     -0.0626183     -0.0559952
       0.101669      -0.126752      0.0999733      -0.131125              0              0      0.0249623      0.0740365     0.00549091    -0.00404518     -0.0493725     -0.0545798
       0.101634      -0.128752      0.0999733      -0.131125              0              0      0.0236567      0.0190578     0.00549091    -0.00404518     -0.0597867      -0.050315
       0.101739       -0.12822      0.0999733      -0.131125              0              0      0.0257129      0.0495954     0.00549091    -0.00404518     -0.0408415     -0.0386814
       0.101732      -0.128373      0.0999733      -0.131125              0              0        0.02421        0.04027     0.00549091    -0.00404518     -0.0365212     -0.0359419
       0.101763      -0.129022      0.0999733      -0.131125              0              0      0.0255697      0.0282747     0.00549091    -0.00404518     -0.0353626     -0.0329649
       0.101823       -0.12871      0.0999733      -0.131125              0              0      0.0275814      0.0401814     0.00549091    -0.00404518     -0.0305671     -0.0340187
       0.101614       -0.12724      0.0999733      -0.131125              0              0      0.0228918       0.071595     0.00549091    -0.00404518     -0.0374703     -0.0575966
       0.101307      -0.127238      0.0999733      -0.131125              0              0      0.0179093      0.0542274     0.00549091    -0.00404518     -0.0777229      -0.094726
       0.101334      -0.128439      0.0999733      -0.131125              0              0      0.0218879      0.0195788     0.00549091    -0.00404518      -0.111729      -0.107934
       0.104063      -0.126317         0.1012      -0.131125      0.0294397              0      0.0373795      0.0787618     0.00549091    -0.00404518      -0.104139      -0.105015
      0.0989477      -0.126563      0.0999733      -0.131125     -0.0294397              0     -0.0195606      0.0552993     0.00549091    -0.00404518      -0.105891     -0.0952352
       0.099753      -0.125153      0.0999733      -0.131125              0              0    -0.00110923      0.0995779     0.00549091    -0.00404518     -0.0845797     -0.0859478
      0.0999432      -0.124771      0.0999733      -0.131125              0              0     0.00188325      0.0973393     0.00549091    -0.00404518     -0.0873167     -0.0955198
      0.0992095      -0.125982      0.0999733      -0.131125              0              0      -0.014107      0.0657103     0.00549091    -0.00404518      -0.103723      -0.103911
       0.099116      -0.125299      0.0999733      -0.131125              0              0    -0.00916393      0.0899661     0.00549091    -0.00404518      -0.104098      -0.108591
      0.0993178      -0.126212      0.0999733      -0.131125              0              0    -0.00439915      0.0588848     0.00549091    -0.00404518      -0.113083        -0.1067
      0.0995711      -0.126233      0.0999733      -0.131125              0              0    -0.00147961      0.0690731     0.00549091    -0.00404518      -0.100318     -0.0914005
      0.0993334      -0.125186      0.0999733      -0.131125              0              0     -0.0128222      0.0952899     0.00549091    -0.00404518     -0.0824826     -0.0823249
       0.100144      -0.126476      0.0999733      -0.131125              0              0     0.00535798       0.058854     0.00549091    -0.00404518     -0.0821669     -0.0754276
       0.103594      -0.127104         0.1012      -0.131125      0.0294397              0      0.0288849      0.0571489     0.00549091    -0.00404518     -0.0686878     -0.0608458
      0.0990982       -0.12637      0.0999733      -0.131125     -0.0294397              0     -0.0188582      0.0794889     0.00549091    -0.00404518     -0.0530041     -0.0565244
       0.100401      -0.126822      0.0999733      -0.131125              0              0     0.00782332       0.063083     0.00549091    -0.00404518     -0.0600448     -0.0658044
       0.100675      -0.127236      0.0999733      -0.131125              0              0      0.0117287      0.0552427     0.00549091    -0.00404518     -0.0715641     -0.0761252
        0.10085       -0.12729      0.0999733      -0.131125              0              0      0.0191982      0.0534101     0.00549091    -0.00404518     -0.0806869     -0.0826771
      0.0994699      -0.126366      0.0999733      -0.131125              0              0     -0.0152035      0.0744411     0.00549091    -0.00404518     -0.0846671      -0.090124
      0.0995803      -0.126463      0.0999733      -0.131125              0              0    -0.00146954      0.0632573     0.00549091    -0.00404518     -0.0955807     -0.0966744
      0.0996217      -0.126645      0.0999733      -0.131125              0              0    -0.00339432      0.0606353     0.00549091    -0.00404518     -0.0977682     -0.0937873
      0.0993301      -0.126407      0.0999733      -0.131125              0              0     -0.0106115      0.0681011     0.00549091    -0.00404518     -0.0898061     -0.0846328
      0.0992434      -0.126206      0.0999733      -0.131125              0              0     -0.0116303      0.0733175     0.00549091    -0.00404518     -0.0794593     -0.0763364
       0.100166      -0.126565      0.0999733      -0.131125              0              0      0.0104561       0.065494     0.00549091    -0.00404518     -0.0732137     -0.0708189
       0.102754      -0.127602         0.1012      -0.131125      0.0294397              0      0.0134399      0.0445985     0.00549091    -0.00404518     -0.0684241     -0.0596611
      0.0991739      -0.127419      0.0999733      -0.131125     -0.0294397              0    -0.00557305      0.0584929     0.00549091    -0.00404518     -0.0508985     -0.0475803
       0.102828      -0.127667         0.1012      -0.131125      0.0294397              0       0.014873      0.0519457     0.00549091    -0.00404518     -0.0442618     -0.0439999
      0.0994722      -0.128354      0.0999733      -0.131125     -0.0294397              0    -0.00115836      0.0384794     0.00549091    -0.00404518     -0.0437378     -0.0426386
       0.100424      -0.128344      0.0999733      -0.131125              0              0      0.0065073      0.0431549     0.00549091    -0.00404518     -0.0415393      -0.043569
       0.100019      -0.127783      0.0999733      -0.131125              0              0    -0.00483154      0.0549499     0.00549091    -0.00404518     -0.0455988     -0.0542646
      0.0999104      -0.127168      0.0999733      -0.131125              0              0    -0.00113695      0.0627359     0.00549091    -0.00404518     -0.0629304     -0.0765284
       0.100023      -0.128252      0.0999733      -0.131125              0              0     0.00534357      0.0272707     0.00549091    -0.00404518     -0.0901266     -0.0887683
       0.100603      -0.127487      0.0999733      -0.131125              0              0      0.0199278      0.0537267     0.00549091    -0.00404518       -0.08741     -0.0852971
      0.0991333      -0.126263      0.0999733      -0.131125              0              0      -0.022754      0.0760951     0.00549091    -0.00404518     -0.0831835     -0.0846804
      0.0995657      -0.126353      0.0999733      -0.131125              0              0    -0.00316477      0.0672502     0.00549091    -0.00404518      -0.086177     -0.0859767
       0.099766      -0.126592      0.0999733      -0.131125              0              0    -0.00509524      0.0638585     0.00549091    -0.00404518     -0.0857758     -0.0831637
       0.100062       -0.12605      0.0999733      -0.131125              0              0     0.00229814      0.0787728     0.00549091    -0.00404518     -0.0805513     -0.0828671
       0.099727      -0.126303      0.0999733      -0.131125              0              0    -0.00769006      0.0680969     0.00549091    -0.00404518     -0.0851826     -0.0856446
       0.103299      -0.126134         0.1012      -0.131125      0.0294397              0      0.0326693      0.0746073     0.00549091    -0.00404518     -0.0861067     -0.0889841
      0.0994379      -0.126206      0.0999733      -0.131125     -0.0294397              0    -0.00101635      0.0699092     0.00549091    -0.00404518     -0.0918615       -0.09347
      0.0999079      -0.125732      0.0999733      -0.131125              0              0    -0.00324307      0.0814255     0.00549091    -0.00404518     -0.0950784     -0.0987764
       0.100869       -0.12615      0.0999733      -0.131125              0              0      0.0174202      0.0661554     0.00549091    -0.00404518      -0.102475      -0.100456
       0.100688      -0.125712      0.0999733      -0.131125              0              0     0.00365216      0.0810582     0.00549091    -0.00404518     -0.0984373     -0.0972535
       0.101183      -0.126166      0.0999733      -0.131125              0              0      0.0184626      0.0664636     0.00549091    -0.00404518     -0.0960697      -0.089761
       0.101284      -0.126133      0.0999733      -0.131125              0              0      0.0174616      0.0740335     0.00549091    -0.00404518     -0.0834532     -0.0785984
        0.10149       -0.12525      0.0999733      -0.131125              0              0      0.0244609      0.0960893     0.00549091    -0.00404518     -0.0737431     -0.0807794
       0.101234      -0.126162      0.0999733      -0.131125              0              0      0.0175361        0.06639     0.00549091    -0.00404518     -0.0878152     -0.0905455
         0.1007      -0.127547      0.0999733      -0.131125              0              0      0.0075523      0.0396538     0.00549091    -0.00404518     -0.0932754     -0.0832063
       0.100486      -0.127077      0.0999733      -0.131125              0              0     0.00703801      0.0614672     0.00549091    -0.00404518     -0.0731364     -0.0647962
        0.10012      -0.125918      0.0999733      -0.131125              0              0    0.000675966      0.0879641     0.00549091    -0.00404518     -0.0564561     -0.0619725
       0.100288      -0.126477      0.0999733      -0.131125              0              0     0.00917381      0.0671493     0.00549091    -0.00404518     -0.0674897     -0.0747421
       0.103097      -0.127719         0.1012      -0.131125      0.0294397              0      0.0249194      0.0398782     0.00549091    -0.00404518     -0.0819948     -0.0796278
       0.101237      -0.127935         0.1012      -0.131125              0              0    -0.00519088      0.0418254     0.00549091    -0.00404518     -0.0772606     -0.0685524
      0.0980235      -0.126844      0.0999733      -0.131125     -0.0294397              0     -0.0240404      0.0706106     0.00549091    -0.00404518     -0.0598437      -0.059602
      0.0996589      -0.126794      0.0999733      -0.131125              0              0    0.000594847      0.0657864     0.00549091    -0.00404518     -0.0593601     -0.0636262
      0.0992914      -0.127407      0.0999733      -0.131125              0              0     -0.0162327      0.0512954     0.00549091    -0.00404518     -0.0678926     -0.0692267
      0.0998346      -0.127288      0.0999733      -0.131125              0              0      0.0021332      0.0568732     0.00549091    -0.00404518      -0.070561     -0.0726984
       0.102562      -0.127049         0.1012      -0.131125      0.0294397              0      0.0130797      0.0599244     0.00549091    -0.00404518     -0.0748354     -0.0770139
      0.0984712      -0.126872      0.0999733      -0.131125     -0.0294397              0     -0.0167997      0.0620109     0.00549091    -0.00404518     -0.0791926      -0.081231
       0.099735      -0.127282      0.0999733      -0.131125              0              0     0.00207647      0.0502602     0.00549091    -0.00404518     -0.0832691     -0.0796906
        0.10264      -0.127184         0.1012      -0.131125      0.0294397              0      0.0142837      0.0567093     0.00549091    -0.00404518      -0.076112     -0.0710818
      0.0988749      -0.126859      0.0999733      -0.131125     -0.0294397              0     -0.0113262      0.0650409     0.00549091    -0.00404518     -0.0660516     -0.0644747
      0.0999699      -0.127239      0.0999733      -0.131125              0              0   -5.18873e-05      0.0553541     0.00549091    -0.00404518     -0.0628978     -0.0609189
       0.100359      -0.127246      0.0999733      -0.131125              0              0      0.0044511      0.0591608     0.00549091    -0.00404518     -0.0589401      -0.060155
       0.100808      -0.127548      0.0999733      -0.131125              0              0      0.0136805       0.050953     0.00549091    -0.00404518     -0.0613698     -0.0619865
       0.100683      -0.127131      0.0999733      -0.131125              0              0     0.00811485      0.0628984     0.00549091    -0.00404518     -0.0626035        -0.0679
       0.100833      -0.126666      0.0999733      -0.131125              0              0      0.0140132      0.0686067     0.00549091    -0.00404518     -0.0731966     -0.0822492
       0.100629      -0.127325      0.0999733      -0.131125              0              0     0.00821587      0.0465617     0.00549091    -0.00404518     -0.0913017     -0.0909808
        0.10069      -0.126421      0.0999733      -0.131125              0              0      0.0121734      0.0728129     0.00549091    -0.00404518     -0.0906602      -0.093105
       0.100718      -0.126416      0.0999733      -0.131125              0              0      0.0119492      0.0642089     0.00549091    -0.00404518     -0.0955497     -0.0936309
       0.100085      -0.126516      0.0999733      -0.131125              0              0     -0.0039875      0.0644182     0.00549091    -0.00404518     -0.0917127     -0.0861992
       0.101077      -0.125908      0.0999733      -0.131125              0              0      0.0254021      0.0811572     0.00549091    -0.00404518     -0.0806863     -0.0812669
       0.100312      -0.126147      0.0999733      -0.131125              0              0    -0.00267119      0.0716046     0.00549091    -0.00404518     -0.0818473     -0.0819744
       0.100432      -0.126014      0.0999733      -0.131125              0              0      0.0077419      0.0775259     0.00549091    -0.00404518      -0.082102     -0.0856985
       0.101277      -0.126805      0.0999733      -0.131125              0              0      0.0259282      0.0554915     0.00549091    -0.00404518      -0.089295     -0.0865784
       0.100144         -0.127      0.0999733      -0.131125              0              0    -0.00825318      0.0574848     0.00549091    -0.00404518     -0.0838612     -0.0771059
       0.101004      -0.126941      0.0999733      -0.131125              0              0      0.0226952      0.0611126     0.00549091    -0.00404518     -0.0703511     -0.0646469
       0.101155      -0.126322      0.0999733      -0.131125              0              0      0.0177911      0.0784353     0.00549091    -0.00404518     -0.0589427      -0.063195
       0.100674      -0.127418      0.0999733      -0.131125              0              0     0.00601067      0.0472661     0.00549091    -0.00404518      -0.067447     -0.0658866
       0.101452      -0.127899      0.0999733      -0.131125              0              0      0.0277852      0.0444422     0.00549091    -0.00404518     -0.0643265     -0.0602795
       0.100739      -0.127433      0.0999733      -0.131125              0              0     0.00306125      0.0580832     0.00549091    -0.00404518     -0.0562321     -0.0563065
       0.100775      -0.127154      0.0999733      -0.131125              0              0      0.0111405      0.0618622     0.00549091    -0.00404518     -0.0563809     -0.0613523
       0.103869      -0.128088         0.1012      -0.131125      0.0294397              0       0.035849      0.0366828     0.00549091    -0.00404518     -0.0663234      -0.063906
      0.0989271       -0.12673      0.0999733      -0.131125     -0.0294397              0     -0.0163434      0.0762337     0.00549091    -0.00404518     -0.0614884     -0.0706926
      0.0996704      -0.127632      0.0999733      -0.131125              0              0   -0.000648972      0.0402364     0.00549091    -0.00404518     -0.0798977     -0.0791087
       0.102137      -0.127283         0.1012      -0.131125      0.0294397              0     0.00671745      0.0574476     0.00549091    -0.00404518     -0.0783204     -0.0774633
      0.0972715      -0.126716      0.0999733      -0.131125     -0.0294397              0     -0.0390376      0.0664609     0.00549091    -0.00404518     -0.0766062     -0.0775592
      0.0990659      -0.127491      0.0999733      -0.131125              0              0    0.000487996      0.0448636     0.00549091    -0.00404518     -0.0785125     -0.0728919
       0.101896      -0.127159         0.1012      -0.131125      0.0294397              0     0.00595803      0.0608819     0.00549091    -0.00404518     -0.0672704     -0.0645142
       0.100671      -0.127102         0.1012      -0.131125              0              0    -0.00905177      0.0597867     0.00549091    -0.00404518      -0.061758     -0.0609981
       0.101082      -0.127958         0.1012      -0.131125              0              0    0.000326586        0.04066     0.00549091    -0.00404518     -0.0602382     -0.0546398
        0.10144      -0.128479         0.1012      -0.131125              0              0     0.00132496      0.0356899     0.00549091    -0.00404518     -0.0490422     -0.0405563
       0.100555      -0.127062         0.1012      -0.131125              0              0     -0.0240054      0.0752302     0.00549091    -0.00404518     -0.0320702     -0.0415925
       0.102036      -0.127108         0.1012      -0.131125              0              0       0.022424      0.0616722     0.00549091    -0.00404518     -0.0511134     -0.0660123
       0.100651      -0.127163         0.1012      -0.131125              0              0     -0.0189418      0.0568997     0.00549091    -0.00404518     -0.0809116     -0.0931975
       0.101243      -0.127188         0.1012      -0.131125              0              0       0.013814      0.0493327     0.00549091    -0.00404518      -0.105483      -0.109682
      0.0998076      -0.127915         0.1012      -0.131125              0              0     -0.0271991      0.0305926     0.00549091    -0.00404518      -0.113882      -0.100083
       0.100299       -0.12551         0.1012      -0.131125              0              0    -0.00148885      0.0971143     0.00549091    -0.00404518     -0.0862826     -0.0865702
      0.0998611      -0.125436         0.1012      -0.131125              0              0     -0.0214514      0.0821071     0.00549091    -0.00404518     -0.0868579     -0.0881435
      0.0997507      -0.125447         0.1012      -0.131125              0              0     -0.0229101      0.0859055     0.00549091    -0.00404518     -0.0894288     -0.0942661
      0.0999779      -0.125842         0.1012      -0.131125              0              0     -0.0206036      0.0733261     0.00549091    -0.00404518     -0.0991032      -0.100481
       0.101036      -0.126446         0.1012      -0.131125              0              0     0.00289004      0.0610696     0.00549091    -0.00404518       -0.10186     -0.0965661
       0.101573      -0.126554         0.1012      -0.131125              0              0      0.0072732      0.0636013     0.00549091    -0.00404518     -0.0912726      -0.082769
        0.10239      -0.125576         0.1012      -0.131125              0              0      0.0224872      0.0902275     0.00549091    -0.00404518     -0.0742644     -0.0760952
       0.102088      -0.125742         0.1012      -0.131125              0              0     0.00550105      0.0799392     0.00549091    -0.00404518      -0.077926     -0.0824353
       0.103399      -0.127415         0.1012      -0.131125              0              0      0.0389442       0.040993     0.00549091    -0.00404518     -0.0869448     -0.0796766
       0.101923      -0.126315         0.1012      -0.131125              0              0    -0.00908376      0.0803109     0.00549091    -0.00404518     -0.0724085     -0.0732673
