      0.0250672     -0.0026652     -0.0623109    -0.00622173        1.04854      0.0426784        1.04854      0.0426784    6.62554e-05   -1.77741e-05        1012.37      -0.442122        0.18132
     -0.0585295    0.000636119     -0.0627141    -0.00625893    -0.00967661   -0.000892639       0.041523      0.0212823   -2.24363e-05   -0.000361455        56.8707      0.0839294       0.108517
       -0.06107    -0.00310781     -0.0623525    -0.00638433     0.00867873     -0.0030098   -0.000230471      0.0517136    -0.00691345     -0.0177549        60.3454     -0.0155779      -0.149965
       -0.05966    -0.00277305     -0.0619622    -0.00606899      0.0093686     0.00756821      0.0431526      0.0455782     -0.0110567     -0.0157136        58.6451     -0.0407594      0.0915416
     -0.0597196   -0.000567107     -0.0617952    -0.00458412     0.00400677      0.0356369      0.0287523      0.0482122    -0.00488522     -0.0154395        58.1418      0.0590064        0.11568
     -0.0602745   -0.000139395     -0.0614371    -0.00397152     0.00859585      0.0147025     0.00634084      0.0577865    -0.00722172     -0.0160183        56.7458      -0.101138      -0.124744
     -0.0592606    0.000480051     -0.0611564    -0.00321732     0.00673646      0.0181009      0.0320318      0.0490984     -0.0118019     -0.0152328        59.0446     -0.0819199      0.0129189
     -0.0587642   -0.000552508     -0.0605166    -0.00256815      0.0153553        0.01558      0.0162686      0.0109429    -0.00843539     -0.0181782        58.7218       0.331458      -0.146935
     -0.0575067     0.00471413     -0.0600132   -0.000697956      0.0120808      0.0448846      0.0429644      0.0858656    -0.00768736     -0.0212137        57.1046     -0.0574997       0.104217
     -0.0579658     0.00471432      -0.059863    0.000500011     0.00360435      0.0287512       0.026992      0.0499535    -0.00249221    -0.00958992        56.6862      0.0252669       0.144941
     -0.0584767     0.00315208     -0.0594143    0.000865879      0.0107703     0.00878082    0.000537086      0.0280583    -0.00665596     -0.0105327        58.8577      0.0696868      -0.167194
     -0.0563472     0.00598681     -0.0592937     0.00172544     0.00289348      0.0206296      0.0623819      0.0745283     -0.0124851     -0.0104307        59.1728      -0.383969       0.365852
     -0.0558472     0.00942772      -0.058476      0.0040357      0.0196248      0.0554462      0.0220652       0.059181     -0.0075834     -0.0087433        61.3311       -0.13509      0.0354279
     -0.0573853     0.00891292     -0.0586863     0.00506651    -0.00504819      0.0247394        0.01487      0.0423649     -0.0205473     -0.0222483        62.8371        0.10991      -0.118897
     -0.0568962      0.0117754     -0.0584115     0.00645149      0.0065968      0.0332396      0.0150592       0.076687     -0.0229316     -0.0291205        62.4254     -0.0176855      -0.298199
     -0.0553041      0.0139637     -0.0579504     0.00802921       0.011066      0.0378653      0.0441175      0.0789783     -0.0155804     -0.0245594        62.1744     -0.0221815     -0.0794991
     -0.0552141      0.0169905     -0.0580437      0.0101199    -0.00223982      0.0501773      0.0537378      0.0916407    -0.00226059     -0.0245125        62.7321     -0.0455508       0.320697
     -0.0580821      0.0160746     -0.0585311      0.0113204     -0.0116973      0.0288107    -0.00316068      0.0511851    0.000587558     -0.0249215        57.6175       0.234861      0.0479572
     -0.0574251      0.0171203     -0.0585638      0.0123975   -0.000784546      0.0258504       0.018711      0.0670318     -0.0116436     -0.0272246        57.7303       0.127427      0.0422307
       -0.05634       0.019503     -0.0584143      0.0137259     0.00358656      0.0318809      0.0305136      0.0876309     -0.0143602     -0.0190414        59.2235      -0.182387      0.0382299
     -0.0559277      0.0227871     -0.0579429      0.0158952      0.0113145      0.0520651        0.01922      0.0933722      -0.015497      -0.012889        58.6726       -0.29266      -0.195427
     -0.0563723       0.021472     -0.0581486       0.016934    -0.00493607      0.0249298      0.0303715      0.0482572      -0.016789     -0.0195998         58.833      0.0360676      -0.090841
     -0.0559286      0.0234128     -0.0578781      0.0184707     0.00649247      0.0368815      0.0264572      0.0602296    -0.00814226     -0.0354101        57.3999       0.206668     -0.0876073
     -0.0561757      0.0272153     -0.0578708      0.0205157     0.00017488      0.0490805      0.0281269      0.0932261    -0.00389316     -0.0349764        58.2334      0.0766645      0.0376817
      -0.057752      0.0311606     -0.0585077      0.0239895     -0.0152875      0.0833702      0.0165389      0.0739525   -0.000687147     -0.0255332        62.3955       0.459302       0.147299
     -0.0566399      0.0312322      -0.058763      0.0255046    -0.00612581      0.0363629      0.0438264      0.0852999   -0.000349547     -0.0198125        56.5134       0.110493       0.443575
     -0.0599179      0.0314731     -0.0587009      0.0264811     0.00148961      0.0234348      -0.056974        0.07946     -0.0065675    -0.00241507        69.1511      -0.316816      -0.590476
     -0.0568728      0.0334983      -0.058721      0.0280815   -0.000482976      0.0384095      0.0495593      0.0786751     -0.0239558     0.00321172        60.0042       -0.54968     -0.0674931
      -0.054215      0.0345585     -0.0570822      0.0305002      0.0393329      0.0580499       0.022673      0.0216044     0.00206694     -0.0152881        61.8462       0.206539      -0.345703
     -0.0547812      0.0381234     -0.0576815      0.0325131     -0.0143834      0.0483106      0.0743116      0.0787225      0.0046818     -0.0348127         62.422       0.129769       0.553842
     -0.0560066      0.0417705     -0.0577187      0.0356451   -0.000892639       0.075168      0.0178968      0.0593137      0.0196243     -0.0235431        65.1762       0.532124       0.412237
     -0.0555906      0.0434635     -0.0578692      0.0382216    -0.00361168      0.0618347      0.0381246      0.0624244    -0.00272062     -0.0164253        57.5878       0.506457       0.445053
     -0.0559193      0.0448419     -0.0578501      0.0397806     0.00045678      0.0374158      0.0106555      0.0862488     -0.0212392     0.00505637        54.0896      -0.121749     -0.0380651
     -0.0485361      0.0488149     -0.0554488      0.0429146       0.057633       0.075216      0.0948422      0.0757312     -0.0380107      0.0260823        37.8304      -0.342673     -0.0670869
     -0.0450674      0.0470627      -0.053989      0.0441873      0.0350335      0.0305452       0.134651      0.0328248     -0.0359911      0.0180666        40.0648      -0.352294       0.219569
     -0.0450476      0.0466603      -0.052807      0.0456999      0.0283699      0.0363025      0.0962802     -0.0135969     -0.0348318      0.0016266        42.2316       0.198294     -0.0262312
     -0.0398337      0.0585073     -0.0499084      0.0509581      0.0695645       0.126197       0.133857      0.0959629     -0.0418662     -0.0095755        46.1062      0.0957432     -0.0670953
     -0.0391161      0.0591405      -0.047757      0.0536907      0.0516344      0.0655824        0.10145      0.0580876     -0.0406577    0.000783789        39.6257        0.22807       -0.39146
     -0.0352137      0.0613959      -0.045797      0.0558282      0.0470398      0.0512988       0.166927      0.0861022     -0.0382936     0.00576221        34.9913      -0.230528       0.199295
     -0.0346011      0.0601306     -0.0437846      0.0575915      0.0482982      0.0423198       0.113332     0.00987902     -0.0218461      0.0142767        33.7871       0.162695      0.0127467
     -0.0283452      0.0649982     -0.0396737      0.0607084      0.0986604      0.0748046       0.144764      0.0525425     -0.0299846     0.00618755        32.4512      0.0855704     -0.0550429
     -0.0254933      0.0673589     -0.0365903      0.0631877       0.074003      0.0595046        0.14746      0.0505567     -0.0303713      0.0125362        30.3778    -0.00138153    -0.00250648
     -0.0210679      0.0693053     -0.0327958      0.0654804       0.091068      0.0550246       0.150442      0.0465472     -0.0291869      0.0154283        28.5229     -0.0920642     -0.0395182
     -0.0179762      0.0701968     -0.0293783      0.0675423      0.0820189      0.0494851       0.148673      0.0223246     -0.0286108      0.0153259        26.8116      0.0418601     -0.0345897
    -0.00920301       0.076772     -0.0236497      0.0720181       0.137486       0.107419       0.184592      0.0393549     -0.0268775      0.0122785        30.4853       0.335238     -0.0428247
    -0.00721206      0.0782313     -0.0199586      0.0742759      0.0885882      0.0541878       0.167925      0.0580851     -0.0249738      0.0150314        27.9495    -0.00950283      0.0633168
    -0.00561111       0.080685     -0.0167527      0.0769986      0.0769414       0.065344       0.141637      0.0405003     -0.0237923      0.0280008        26.0609     -0.0728456     0.00422178
     -0.0015834      0.0804329     -0.0129518      0.0788169      0.0912217      0.0436386       0.144675     0.00999425     -0.0252784      0.0267693        23.2694     -0.0121272     -0.0581097
      0.0151556      0.0872817    -0.00410854      0.0823449       0.212237      0.0846734       0.249482       0.069036      -0.025526      0.0232229        29.0707      -0.335849       0.118042
      0.0148462      0.0866261    0.000674286      0.0842209       0.114788      0.0450243       0.163259      0.0135277     -0.0250877       0.021787        28.1323     -0.0781776      -0.273547
      0.0185468      0.0894684     0.00576231      0.0860267       0.122113      0.0433393        0.15347      0.0523614     -0.0279103     0.00874411        28.8029      -0.329137      -0.446442
      0.0244732      0.0901867      0.0109038      0.0883385       0.123397      0.0554822       0.182422     -0.0114088     -0.0182463     0.00433444        31.6816       0.410469      -0.129906
      0.0398356      0.0968607       0.020703      0.0923129        0.23518      0.0953865       0.234738      0.0462084     0.00294671    -0.00698627        39.6791       0.532133     -0.0618252
      0.0375619      0.0987781        0.02492       0.094164       0.101207      0.0444256       0.159398      0.0774367     0.00607071      0.0136139        28.2076      -0.066905      0.0826331
      0.0426606      0.0969227      0.0302605      0.0956913       0.128172      0.0366558       0.156881    -0.00292694     0.00709686      0.0328562        21.5035       0.131742        0.21324
      0.0462792      0.0940542      0.0354587        0.09595       0.124758     0.00620878        0.11939     -0.0313378     0.00399146      0.0283116        17.9721       0.105443      -0.111037
       0.064407      0.0982998      0.0458147      0.0980562       0.248543      0.0505489       0.228851    0.000177998    -0.00454106      0.0313204        24.9172     -0.0509538     -0.0533735
      0.0653842        0.09741       0.051258      0.0987395       0.130641      0.0163985       0.174434     -0.0223375    -0.00137236      0.0355315        17.9878      -0.124125     -0.0029321
      0.0683606        0.09758      0.0564366      0.0995351       0.124286      0.0190955       0.142604     -0.0347466     0.00113151       0.033699        15.9634     -0.0766948     -0.0690329
      0.0722657      0.0977035      0.0615018       0.100144       0.121566      0.0146014        0.12693     -0.0419594     0.00181649      0.0285776        16.4401      0.0167531      -0.154684
      0.0890768      0.0994473      0.0716719       0.100953       0.244082      0.0194389       0.207339     -0.0214452     0.00508056      0.0252416        24.3088      -0.077945      -0.183851
      0.0894721      0.0992703      0.0768901       0.101225       0.125237     0.00651634       0.155353     -0.0300708      0.0114294      0.0253748        17.7495     -0.0824869     -0.0391782
      0.0916865      0.0983356      0.0818682       0.101227       0.119474    3.61204e-05       0.110989     -0.0473644       0.019241       0.023491        16.5352      0.0477441       -0.11837
      0.0941728      0.0989912      0.0861687       0.101371       0.103211     0.00346988      0.0941566     -0.0329773      0.0213239      0.0197971          16.79     0.00300762     -0.0655213
       0.110865      0.0986954      0.0958392       0.101322       0.232092    -0.00118196       0.178757     -0.0389904      0.0259735      0.0208647        21.4522      0.0215308     0.00933021
       0.104925      0.0992767       0.100013        0.10121       0.100164    -0.00268936      0.0177289     -0.0437046      0.0277493      0.0211961        18.0005      0.0946168     -0.0286415
         0.1119      0.0980119       0.104546       0.100882       0.108807    -0.00786942      0.0937757     -0.0254721      0.0277425      0.0229304        17.2626     -0.0831837     -0.0447634
       0.116606       0.097474       0.108853       0.100665       0.103371    -0.00521207      0.0868392     -0.0477103      0.0282521      0.0270375        16.3111      -0.047993     -0.0973171
       0.129644      0.0963829       0.116957       0.100083       0.194496     -0.0139618       0.156175     -0.0497873      0.0301833      0.0249758        20.7966     -0.0586955      0.0786113
       0.127731      0.0964602       0.120551      0.0998021      0.0862427    -0.00674146      0.0762745     -0.0477822      0.0341308      0.0219672        16.4636     -0.0265228     0.00231723
       0.129804      0.0948002       0.124227      0.0989228      0.0882148     -0.0211017      0.0612778     -0.0585934      0.0320599      0.0195414        15.4783      0.0468532      0.0149926
       0.132809      0.0943104       0.127822      0.0981657      0.0862965     -0.0181704      0.0529267     -0.0509722      0.0317857      0.0189401        16.3581      0.0174705    -0.00477409
       0.142018      0.0907426       0.133787      0.0961746       0.143154     -0.0477882      0.0928391     -0.0691911      0.0309436      0.0200425        18.5692     -0.0292151    -0.00437188
       0.141531      0.0903412       0.136561      0.0952452      0.0665771     -0.0223045      0.0572984     -0.0695703      0.0309349      0.0207155        15.2846      0.0727209      0.0764177
       0.142036      0.0885177       0.139017      0.0937612      0.0589446     -0.0356169      0.0254186     -0.0676237      0.0308412      0.0206377        13.6257      0.0210505      -0.039863
       0.144166      0.0879278       0.141404      0.0927786       0.057278     -0.0235825      0.0294106      -0.066141      0.0276402      0.0230533        13.9577      0.0409393   -0.000418383
        0.14878      0.0823173       0.144766       0.089847      0.0806926     -0.0703588       0.041996     -0.0969163      0.0282829      0.0240081        13.6857      0.0193386     -0.0116526
       0.146968      0.0826523       0.145749      0.0886054      0.0235916     -0.0297967      0.0120019     -0.0782022      0.0285129       0.025665        12.4383     0.00378623      0.0515976
       0.147532      0.0818632       0.147118      0.0874239      0.0328588     -0.0283572    -0.00567703     -0.0748967      0.0290755        0.02625         11.983    0.000726008     -0.0589271
       0.148495      0.0806831       0.148128      0.0861759      0.0242414     -0.0299524     0.00463698     -0.0730166      0.0281381       0.026391        11.8501    -0.00380148      0.0625127
       0.150342      0.0756317       0.149525      0.0832774      0.0335183      -0.069564     0.00562318     -0.0973503      0.0290568      0.0264934        11.4801     -0.0471051      0.0808073
       0.149502      0.0752964       0.150082      0.0817541      0.0133678     -0.0365592     -0.0156463     -0.0856568      0.0278141      0.0264913        10.9634     -0.0369881     -0.0103584
       0.148987      0.0735287       0.150096      0.0799403     0.00034225     -0.0435292     -0.0137304      -0.084024      0.0240625      0.0250574        9.76737     -0.0262503       0.068495
        0.14852      0.0722015       0.149842      0.0782119    -0.00610292     -0.0414818     -0.0156285     -0.0770751      0.0238397      0.0233763        9.32115     -0.0529059       0.144772
       0.147079      0.0645431        0.14943       0.074049    -0.00988662     -0.0999105     -0.0396339      -0.122606      0.0206758      0.0219792        7.46468     -0.0122428     -0.0574506
        0.14571      0.0652354       0.148813      0.0722897     -0.0147994      -0.042224     -0.0481447     -0.0921135      0.0145094      0.0196825        8.04176      0.0121154      -0.233266
       0.146781       0.063557       0.148547      0.0701515    -0.00638151     -0.0513167     -0.0157108     -0.0835023      0.0158033      0.0190097        8.92503    -0.00447229     -0.0191519
       0.145973      0.0626054       0.148227       0.068403    -0.00767934     -0.0419632     -0.0333633      -0.073432      0.0253546      0.0190486        7.45566     -0.0453264     -0.0372491
       0.142815      0.0553216       0.146897      0.0641345     -0.0319237      -0.102443     -0.0542808      -0.106595      0.0270198      0.0189667        6.78988      -0.136378     -0.0262289
       0.141538      0.0550738       0.145955      0.0620109     -0.0226125     -0.0509664     -0.0619284     -0.0908116      0.0281689      0.0167476        6.56265     -0.0593616     -0.0779899
       0.140916       0.054268       0.145076      0.0601188       -0.02108     -0.0454115     -0.0532369     -0.0753252      0.0296414      0.0109756        6.43668     -0.0124519    -0.00163838
       0.138154      0.0528807       0.143567      0.0581541     -0.0362366     -0.0471533     -0.0743415      -0.065598      0.0331115     0.00885068        6.81982     -0.0232591     -0.0449084
       0.131946      0.0471987       0.140502      0.0545939     -0.0735426     -0.0854448      -0.116717     -0.0927745      0.0334847     0.00841068        9.76358     0.00510208      -0.167974
       0.133232      0.0466589       0.138685      0.0527548     -0.0436109     -0.0441385     -0.0479739     -0.0831821      0.0348398     0.00774013        9.65094       0.171131       0.353993
       0.129067      0.0457398       0.136603      0.0511486     -0.0499814     -0.0385469      -0.116573      -0.071031      0.0400263     0.00846802        8.05944       0.185834     -0.0501449
       0.126934      0.0442506       0.134313      0.0494183     -0.0549481     -0.0415283     -0.0921906     -0.0622171      0.0273471      0.0157167         8.3109       0.057681    -0.00292618
       0.120769      0.0385303       0.129762      0.0458423      -0.109229     -0.0858234     -0.0996206     -0.0825677       0.029626      0.0230491         12.523      -0.180003       0.284608
       0.119489      0.0376667       0.127156      0.0439208     -0.0625362     -0.0461169      -0.102613     -0.0808099      0.0279267      0.0235501        7.31992      -0.183993       0.128936
       0.117339      0.0357646       0.124544       0.041992     -0.0626879     -0.0462918     -0.0944833     -0.0843668      0.0157825      0.0155427        3.65077     -0.0568445     -0.0103258
       0.115908      0.0355463       0.121964      0.0406631     -0.0619372      -0.031892     -0.0712645     -0.0697757       0.010458     0.00762533         2.7728      0.0681698      0.0479421
       0.107992      0.0314347       0.116932      0.0379006      -0.120749     -0.0663011      -0.106213     -0.0821362      0.0102398     0.00565563        4.92479      0.0960253      0.0876949
       0.108403      0.0303713       0.114436      0.0362016     -0.0599213     -0.0407762     -0.0711768     -0.0794493     0.00881169     0.00848662        3.88596       0.204161       0.107447
       0.106033      0.0297268       0.111827      0.0345794     -0.0626101     -0.0389319     -0.0760952     -0.0543732     0.00483689      0.0136919        3.68358     -0.0310902     -0.0691629
       0.104187      0.0265178       0.109402      0.0324241     -0.0581864     -0.0517268     -0.0642411     -0.0759358    0.000101899      0.0225663        4.55995     -0.0650498      -0.122417
      0.0968306      0.0193581       0.104414      0.0282639      -0.119731      -0.099846      -0.078497      -0.108678     0.00175176      0.0223476        7.30418       -0.13713       0.161297
      0.0961602      0.0208378       0.101921      0.0266396      -0.059817     -0.0389836     -0.0741349     -0.0703947     0.00655327      0.0179113        4.24765      -0.213058      0.0274836
       0.095066      0.0198059      0.0995926      0.0249568     -0.0558865     -0.0403853     -0.0503312     -0.0688557     0.00104473      0.0110963        2.15473     -0.0950879      0.0787335
      0.0942432      0.0182101      0.0977874      0.0232151     -0.0433245     -0.0418016     -0.0438398     -0.0684881   -0.000515128      0.0027207        1.55968      0.0792521    -0.00705115
      0.0903178      0.0148644      0.0948887      0.0204955     -0.0695701     -0.0652703     -0.0525723     -0.0672401     -0.0029048    0.000587451        1.93858      0.0432293     -0.0114147
      0.0908618      0.0151044      0.0936185      0.0190478     -0.0304835     -0.0347456     -0.0341929      -0.047425    -0.00288942     0.00381087        1.09735     0.00449489     -0.0881655
      0.0903505      0.0129288      0.0924317      0.0172779     -0.0284838     -0.0424768      -0.023475     -0.0567734    -0.00255528     0.00606679        1.37425      0.0632692     -0.0836822
      0.0884109      0.0127111      0.0908244      0.0159701     -0.0385766     -0.0313865     -0.0252447     -0.0349943      0.0007802     0.00638996         1.7685     -0.0822907    -0.00857575
      0.0842478      0.0100262      0.0884174      0.0140838     -0.0577675     -0.0452728     -0.0521173     -0.0507789     0.00473604     0.00869106        2.90363      -0.073587     -0.0577214
      0.0845753      0.0112006      0.0872239      0.0134996     -0.0286428     -0.0140204     -0.0278343     -0.0281995     0.00544009     0.00586032        2.44244     -0.0764162      0.0391753
      0.0837008       0.011319      0.0860077      0.0130723     -0.0291885     -0.0102553     -0.0260081     -0.0260578     0.00696585     0.00266753        2.21322       0.036004      0.0766689
      0.0829858      0.0123386      0.0850193      0.0128842     -0.0237231    -0.00451447     -0.0252463    -0.00227224     0.00629911    -0.00062741         2.5639     -0.0631778      0.0391251
      0.0822573      0.0121604      0.0841624      0.0128011     -0.0205656    -0.00199447     -0.0260471     -0.0135211     0.00305042   -0.000240815        1.82961      0.0751746     -0.0608176
      0.0811691       0.011849      0.0830867      0.0125009     -0.0258173    -0.00720475     -0.0220872    -0.00668476     0.00145194    -0.00132276        2.92843      0.0411774     -0.0540033
       0.082127      0.0120414      0.0828413      0.0123128    -0.00588781    -0.00451492    -0.00719586   -4.02275e-05     0.00293133     0.00100886        2.11889     -0.0486887     -0.0230866
      0.0814863      0.0119533      0.0823548      0.0124985     -0.0116765     0.00445861     -0.0101024     -0.0150242     0.00505004     0.00210928        2.15195       0.128847    -0.00918681
      0.0822524      0.0127765      0.0822934      0.0128354    -0.00147396     0.00808594     0.00371971   -0.000620238     0.00600765     0.00183724         1.8131      0.0869345      0.0917074
      0.0822868      0.0122076      0.0821927       0.013048    -0.00241667      0.0051004     0.00266617     -0.0187911     0.00620041      0.0068277        2.20292       0.212166       0.110434
      0.0827269      0.0122641      0.0824077      0.0131768     0.00515914     0.00309127     0.00051219     -0.0101792     0.00398264      0.0107484        3.32532      0.0729529    -0.00610346
      0.0832651      0.0125109      0.0825153      0.0134967     0.00258404     0.00767899      0.0120585      -0.014265    -0.00120201       0.020748        4.35624     -0.0111396      0.0186339
      0.0843648      0.0125216      0.0829831      0.0138645      0.0112261      0.0088257      0.0175654     -0.0217226    -0.00125291      0.0225438        4.05845     -0.0261085    -0.00740253
      0.0839131      0.0122359      0.0829674      0.0137755   -0.000375867    -0.00213457      0.0136434     -0.0169442    -0.00144591      0.0221941        3.79224      -0.186782    -0.00231579
       0.082996        0.01052      0.0826327      0.0131049    -0.00803268     -0.0160959     0.00633464     -0.0361017    -0.00145772      0.0196621        2.70083      -0.157064    -0.00440457
      0.0818641     0.00958824      0.0822749      0.0124027    -0.00858825     -0.0168521    -0.00966097     -0.0396839     -0.0014595      0.0110533        1.23871     -0.0695797      -0.152042
      0.0804925      0.0110366      0.0812235      0.0122955     -0.0252331    -0.00257356      0.0010712      -0.014237    -0.00137081     0.00454305        2.02706      -0.107304      0.0579311
      0.0811926      0.0122231      0.0811541      0.0127382    -0.00166547      0.0106252    0.000751336     -0.0152324      0.0037205     0.00173067        2.73547      0.0972298      0.0453044
      0.0800557      0.0135551      0.0807873      0.0132052    -0.00880462      0.0112083     -0.0137584     0.00525516     0.00243363    -0.00209583        2.02069      0.0558699     -0.0946036
      0.0802431      0.0145094      0.0806097      0.0137243    -0.00426167      0.0124585    -0.00345942      0.0107564     0.00145361     0.00168382        1.60417    -0.00550948     -0.0797456
      0.0807974       0.014314      0.0806177      0.0140413    0.000191689      0.0076094     0.00560867    0.000938843     0.00442788     0.00360023        2.04042      0.0149874      0.0104963
      0.0804322      0.0177049      0.0806855      0.0156568     0.00162792      0.0387712    -0.00757651      0.0242749     0.00775311     0.00359606        2.51779     -0.0142193     -0.0754132
      0.0803438       0.018666      0.0805744      0.0167998    -0.00266612      0.0274324    0.000621872      0.0212938     0.00804803     0.00403594          2.659     -0.0205127      0.0300483
      0.0793824        0.01914      0.0803397      0.0178469    -0.00563371      0.0251285      -0.016521     0.00963336      0.0108704     0.00393151         4.0386      0.0807816     -0.0543511
      0.0799857      0.0193655      0.0803283      0.0183615   -0.000272691      0.0123528   -0.000357702      0.0159058      0.0107356      0.0038824        3.21741     -0.0481567      0.0649246
      0.0798624      0.0168595      0.0803272      0.0179791   -2.57492e-05    -0.00917771    -0.00826125     -0.0211202      0.0115199     0.00576221        2.77943      0.0837053      0.0286357
      0.0804723      0.0153512      0.0804562      0.0170363     0.00309455     -0.0226277     0.00220805     -0.0140414     0.00993464     0.00517915        2.03103      -0.105707      0.0864571
      0.0793703      0.0133543      0.0802228      0.0159422    -0.00560027     -0.0262596     -0.0168624     -0.0354377     0.00861726     0.00794433        2.20915     -0.0406098     -0.0668908
      0.0792331      0.0126062      0.0798752      0.0151613    -0.00834417     -0.0187413    -0.00458307     -0.0356536     0.00496957     0.00503408        2.48138      0.0503487      0.0098582
      0.0787835      0.0121745      0.0795803      0.0143573    -0.00707603     -0.0192966     -0.0120594      -0.026126     0.00623772     0.00289451         2.9087      0.0172952     -0.0379482
      0.0798001      0.0144867      0.0796413      0.0147998     0.00146431      0.0106201     0.00728946     -0.0045128     0.00658021     0.00421177        2.08858   -0.000638289      0.0949822
      0.0802537      0.0153366      0.0798766      0.0150892     0.00564605     0.00694565     0.00327851     0.00556987     0.00768492     0.00486826        2.12783     -0.0931748      0.0592898
      0.0811237      0.0181218        0.08049      0.0165379      0.0147218       0.034769     0.00224985      0.0137674     0.00476513     0.00467597        2.05893     0.00932571     -0.0826987
        0.08216      0.0187705      0.0809108       0.017275      0.0100991      0.0176921      0.0209233      0.0204557     0.00218818     0.00143837        2.13177     -0.0582397      0.0441454
      0.0821554      0.0178763      0.0812238      0.0174606     0.00751144     0.00445224      0.0102222      0.0014742     0.00400684    0.000992286        1.92155      0.0202394     0.00888784
      0.0820945       0.016532      0.0814496      0.0171739     0.00542003    -0.00687973     0.00728245     -0.0108382     0.00367114   -0.000756276        1.40302      0.0851453     -0.0177547
       0.081461      0.0170518       0.081153      0.0171849    -0.00711912    0.000264108     0.00909937     0.00108777     0.00339839   -0.000380051        2.23727     0.00151162      0.0885508
      0.0813712      0.0172588      0.0810612      0.0173463    -0.00220335     0.00387454     0.00423559    -0.00277601     0.00291929      0.0025817        1.62216      0.0124627      0.0643512
      0.0811701      0.0165618      0.0808399      0.0172896    -0.00530952     -0.0013614     0.00648635     -0.0131217   -0.000915672     0.00275563        1.78094      0.0784357      0.0669715
      0.0822284      0.0155412      0.0809262      0.0168826     0.00207138    -0.00976776      0.0223082     -0.0177796    -0.00349786     0.00341009        2.01495      0.0657216       0.144068
      0.0864567      0.0134887      0.0828227      0.0158413      0.0455137      -0.024993      0.0402086     -0.0281301    -0.00621798     0.00645946        3.45066    -0.00768146     -0.0424898
         0.0868      0.0137603      0.0836449      0.0153944      0.0197341      -0.010724      0.0407675     -0.0173912     -0.0117301     0.00943362        2.91801       -0.12189     -0.0761324
         0.0874       0.014603      0.0842778      0.0154696      0.0151886     0.00180497      0.0444324     -0.0125832     -0.0105216     0.00876259        2.63943      -0.107221   -0.000510781
      0.0866785      0.0150233      0.0845973      0.0155511     0.00766933     0.00195466      0.0245942    -0.00865648    -0.00714519     0.00342213        1.46029     -0.0622963     -0.0866102
      0.0852639      0.0166991      0.0843185      0.0161898    -0.00669247      0.0153291      0.0143942     0.00352385    -0.00641039    -0.00132705        2.20559     0.00537748     -0.0739794
      0.0838691       0.017651      0.0838706      0.0167339     -0.0107498      0.0130586   -0.000552976      0.0107285    -0.00314858    -0.00379361        2.76672      0.0215395      -0.119989
      0.0837493      0.0198929      0.0835128      0.0175668    -0.00858665      0.0199892       0.010299      0.0378457   -7.02393e-05    -0.00388564         3.6427       -0.19033      0.0400474
      0.0826757      0.0204777      0.0829003      0.0185002     -0.0146992      0.0224011     0.00139076      0.0179197     0.00504289    -0.00423933        4.65027     -0.0104433       0.115973
      0.0784232      0.0219453        0.08113       0.019572     -0.0424887      0.0257235      -0.037696      0.0283768     0.00341687     -0.0109275        6.22839      0.0516115     -0.0424555
      0.0796189       0.021178      0.0805265      0.0196773     -0.0144837     0.00252825    -0.00408889      0.0214359   -0.000717784     -0.0108724        4.72191      0.0192149      0.0742104
      0.0803018      0.0203636      0.0804146      0.0195206    -0.00268561    -0.00376099    -0.00350934      0.0129826   -0.000469114    -0.00927497        3.71538    -0.00377144     -0.0258465
      0.0825947      0.0182257      0.0808354      0.0189339      0.0101005     -0.0140799       0.031576     -0.0142743    -0.00261142    -0.00814999        2.22092       0.160458       0.158645
       0.083754      0.0185853      0.0816843      0.0186523      0.0203742    -0.00675841      0.0200019     0.00562235    -0.00255861    -0.00799681        3.03076      0.0172534     -0.0367224
      0.0860057       0.019577       0.082799      0.0190561      0.0267525     0.00968948      0.0446352     0.00443539    -0.00797513    -0.00184239        2.65373      0.0496285      0.0207399
      0.0858059      0.0186476      0.0832878      0.0189058      0.0117293    -0.00360583      0.0318772    -0.00360079    -0.00787809   -0.000107777        2.01737      0.0398344      -0.026774
      0.0860208      0.0168215      0.0837012      0.0182232     0.00992203     -0.0163833      0.0321629     -0.0185656    -0.00787141     0.00153648        1.69564       0.046942    -0.00805075
       0.086102      0.0137812      0.0840888      0.0166558     0.00930405     -0.0376177      0.0255804     -0.0334341    -0.00724759      0.0029559        1.52598     -0.0201963     -0.0512091
      0.0850339      0.0137949      0.0839669      0.0159448    -0.00292593      -0.017064       0.014194     -0.0261059    -0.00676515     0.00499307       0.902698     -0.0519478     -0.0813808
      0.0848764      0.0138304      0.0839598      0.0154659   -0.000169873     -0.0114922      0.0135071     -0.0207065    -0.00460591     0.00490915        1.14412     -0.0527011     -0.0653647
      0.0838453      0.0150051      0.0836314      0.0154738    -0.00788319     0.00018952     0.00410475    -0.00383804    -0.00109794     0.00287818        1.66683      -0.101911     -0.0532018
      0.0821804      0.0172895      0.0828163      0.0163673      -0.019563      0.0214439    -0.00382108     0.00765601     0.00218484   -0.000488293        3.03721     -0.0114404      0.0224387
       0.080727      0.0187873      0.0819177      0.0172318     -0.0215657      0.0207477     -0.0130494      0.0187009     0.00379894    -0.00434161        4.30617     0.00724286      0.0362458
      0.0791956      0.0198054        0.08089      0.0181013     -0.0246634      0.0208676     -0.0209856      0.0189544      0.0033047     -0.0045463        4.49545      0.0576844    -0.00101517
      0.0789812      0.0210238      0.0802117      0.0189026     -0.0162803       0.019232     -0.0139787      0.0308462     0.00180969    -0.00445009        3.45346     -0.0576775     -0.0062613
      0.0800345      0.0199291      0.0799269      0.0190837    -0.00683498     0.00434558     0.00946299     0.00742727     0.00147579    -0.00231279        2.82943      0.0186011       0.151677
      0.0802942      0.0184377      0.0800055      0.0188613     0.00188613    -0.00533845   -0.000903879    -0.00985272     0.00120125    -0.00334145        2.66254       0.136107    -0.00692757
      0.0820644      0.0177681       0.080484      0.0184453      0.0114838    -0.00998336       0.024511    -0.00579642    -0.00568619    -0.00261546        2.82784       0.062169      0.0559256
      0.0845476      0.0166425      0.0815597      0.0178212      0.0258179     -0.0149794      0.0401588     -0.0130522    -0.00570157     0.00260221        3.33893    -0.00128536      0.0764358
      0.0902826       0.014596      0.0842928      0.0168044      0.0655925     -0.0244029      0.0777551     -0.0282216    -0.00733962     0.00472115        3.47432    -0.00294346       0.111254
      0.0895839      0.0149635      0.0853895       0.016362      0.0263211     -0.0106174      0.0494969     -0.0143026     -0.0105626     0.00467216        4.33925     -0.0971329      -0.032818
      0.0897539      0.0164326       0.086132      0.0166651      0.0178202     0.00727527      0.0490423    -0.00430218     -0.0150385     0.00455736        3.67375     -0.0774246     -0.0261659
      0.0911359      0.0162992      0.0872739      0.0166118      0.0274068    -0.00127991      0.0488107     -0.0051122     -0.0149989    0.000920761        3.87579     -0.0404012     -0.0818074
       0.094461      0.0170843      0.0890764      0.0169015      0.0432587     0.00695206      0.0754996   -0.000263856     -0.0130717    -0.00307966        5.27844      0.0305827       0.070951
       0.094763      0.0182776      0.0902661       0.017322      0.0285539      0.0100941      0.0570033      0.0145692     -0.0100614    -0.00421287        4.63751     -0.0267487      0.0317954
      0.0956783      0.0188406      0.0913348      0.0179175      0.0256494      0.0142909      0.0595153     0.00653662      -0.012061     -0.0037464        4.58447       0.089277      0.0801613
      0.0968235      0.0201354      0.0927259      0.0187518      0.0333846      0.0200235      0.0460262      0.0166535     -0.0134771    -0.00393881        5.49375      0.0819278      -0.128504
       0.102382      0.0240303      0.0956781      0.0208116      0.0708536      0.0494348      0.0865429      0.0389148     -0.0167073    -0.00141908        9.60536       0.047929     -0.0958323
       0.103047      0.0239376       0.097347      0.0218374      0.0400543      0.0246195      0.0752926      0.0248632     -0.0129353       0.002236        6.51455      0.0162845     -0.0205004
        0.10301      0.0241548       0.098632      0.0227489      0.0308386      0.0218765      0.0546914      0.0149417    -0.00821736     0.00454115        4.88332      0.0133413     -0.0440973
         0.1049      0.0252675       0.100386      0.0237905      0.0420914      0.0249966      0.0567363      0.0176537    -0.00741961     0.00500535        4.69846      -0.033235     -0.0465783
       0.112096      0.0289034       0.104221      0.0260325      0.0920354      0.0538101       0.102349      0.0295458     -0.0053164      0.0052775        9.22463      0.0355281      0.0792348
       0.111559      0.0290361       0.106203      0.0270396      0.0475726      0.0241699      0.0600328      0.0263238    -0.00352159      0.0047804        6.97201     -0.0673959     -0.0826904
        0.11374       0.029485       0.108401      0.0280934      0.0527472      0.0252905      0.0682164      0.0114806    -0.00422731     0.00465976        6.93452      0.0153341     -0.0375493
       0.115338       0.031184       0.110458      0.0292726      0.0493678      0.0282999      0.0586702       0.025507    -0.00294914     0.00304793        6.81632     -0.0759795     -0.0707884
        0.11786      0.0324303       0.112721      0.0304559      0.0543128      0.0284006      0.0654191      0.0221205    -0.00142517     0.00283121         6.9211     -0.0565717    -0.00564688
       0.124664      0.0363942       0.116692      0.0327357      0.0953064      0.0547138       0.103152      0.0431749    0.000592922     0.00150775        11.9603     -0.0410253       0.142753
       0.122719      0.0363132       0.118395      0.0340234      0.0408847      0.0309068      0.0419023      0.0201072    2.52474e-05   -0.000846159        9.30985       0.131729       -0.13298
       0.124548      0.0364346         0.1203      0.0348311      0.0457059       0.019384      0.0542569      0.0196448    -0.00516989    -0.00245382        8.43006         0.0987     -0.0787067
       0.131019      0.0404066       0.124254       0.036915        0.09491       0.050013      0.0785021      0.0459869    -0.00135186     0.00166332        13.0423      -0.040541       -0.13327
        0.13073      0.0382446       0.126082      0.0373791      0.0438766      0.0111383      0.0595681     0.00371238     0.00217614     0.00620996        8.23783      0.0661091     -0.0131462
       0.131286      0.0389827       0.127912      0.0379563      0.0439031      0.0138524      0.0362566      0.0181384      0.0081434     0.00575803        7.46182      -0.117125     -0.0631364
       0.132588      0.0405635       0.129812      0.0389817      0.0456179      0.0246098        0.02831      0.0190052     0.00825069     0.00753127        7.98259      -0.143975      -0.111923
       0.136917      0.0428096       0.132809      0.0404766      0.0719104      0.0358796      0.0460117      0.0255502      0.0104563     0.00413202        10.6378     -0.0791767     -0.0948871
       0.136338      0.0415533       0.134321      0.0414056      0.0362931       0.022295      0.0121124     -0.0187508      0.0152495    -0.00211025        8.80304      0.0708856      0.0191471
       0.138095      0.0434187       0.135398        0.04262      0.0258501      0.0291444      0.0363517      0.0178495      0.0191266     -0.0054809        9.87237     0.00294968       0.071082
       0.138543      0.0473716       0.136579      0.0442641      0.0283527      0.0394606      0.0211545      0.0413863       0.018537    -0.00311257        11.2434     -0.0480979      0.0880108
       0.139373      0.0517924       0.138194      0.0471084      0.0387443      0.0682631     0.00196967      0.0508487      0.0152338    -0.00302662        14.1245      0.0874901     -0.0908374
       0.137711       0.052591       0.138495      0.0487693      0.0072391      0.0398602      -0.017689      0.0467597      0.0115148    -0.00411881        12.4876       0.074458      -0.176594
       0.139029      0.0535035       0.138954      0.0502774      0.0109963      0.0361944     0.00960426      0.0386578       0.014414    -0.00214506        11.4556      0.0628484       0.120572
       0.137432      0.0550191       0.139045      0.0521094     0.00218618      0.0439686     -0.0319894      0.0295925      0.0220822     0.00122987        11.1389       0.140969     -0.0380408
       0.137514      0.0593669        0.13895      0.0548252    -0.00227594      0.0651787      -0.013415      0.0589845      0.0186888     0.00402163        12.4677     -0.0143726       0.145014
       0.137248      0.0590134       0.138807      0.0565101    -0.00343037      0.0404375     -0.0222685      0.0205668       0.018484     0.00945388        9.83023       0.120902        0.14639
       0.137252      0.0590494       0.138666      0.0576562    -0.00338924      0.0275065     -0.0197828      0.0155377      0.0122477      0.0102475        9.18384      0.0491299       0.123756
       0.137261      0.0596213       0.138375      0.0589927    -0.00698197      0.0320751     -0.0140469    -0.00255536     0.00639126         0.0146        9.15408       0.153549       0.114945
       0.136748      0.0631552        0.13799      0.0611794    -0.00922465      0.0524816     -0.0201172      0.0230792     0.00132916       0.016991         11.154         0.0117     -0.0231034
       0.137737       0.062645       0.137897      0.0622344    -0.00224519      0.0253203     0.00155928   -0.000771149    -0.00308027       0.023675        10.9107      -0.014534      0.0342963
       0.138174       0.062779       0.137777      0.0632451    -0.00288177      0.0242556     0.00895827     -0.0141083    -0.00317385      0.0246875        10.5464       0.022378      0.0983217
       0.136936       0.062531       0.137352      0.0639457     -0.0101881      0.0168146    -0.00911168     -0.0275975    -0.00341418      0.0241309        9.55704      0.0834623     -0.0485858
       0.138242      0.0649619       0.137643      0.0652882     0.00696623      0.0322201     0.00773267    -0.00710868    -0.00706186      0.0245726        11.5102     -0.0225201     -0.0773223
       0.138872      0.0642188       0.137907      0.0657556      0.0063529      0.0112193      0.0135854     -0.0266206    -0.00539818      0.0270742        10.2339      -0.015997     -0.0543153
       0.139633      0.0629915       0.138447       0.065712      0.0129447    -0.00104606      0.0141274     -0.0411047     -0.0025058      0.0268921        9.89914    -0.00224261     -0.0631699
       0.139426      0.0623037       0.138857      0.0654131     0.00984192    -0.00717402     0.00282778     -0.0420983   -0.000186349      0.0264976        8.80302     -0.0687813      -0.139505
       0.142158       0.061586       0.140296      0.0648892      0.0345408     -0.0125735      0.0221601     -0.0435459      0.0026109      0.0260966        9.75747      -0.127406     -0.0988428
       0.141289       0.061163       0.140803      0.0643109      0.0121629     -0.0138797     0.00217384     -0.0408592       0.008203       0.023409        8.06761      -0.175085      -0.105965
       0.141435      0.0610065       0.141402      0.0639228      0.0143809    -0.00931424    -0.00195067     -0.0430022      0.0136827      0.0161911        8.82181     -0.0741353     -0.0576769
       0.140769      0.0615733       0.141736      0.0635459     0.00801194     -0.0090453     -0.0183247     -0.0228604       0.017523     0.00938843        10.0332      -0.141341     -0.0874168
       0.140618      0.0604318       0.142032      0.0628201     0.00710177     -0.0174211     -0.0218728     -0.0354173      0.0193891     0.00694417        9.88721     -0.0119243     -0.0548893
       0.140201      0.0603927       0.142161      0.0622598     0.00310457     -0.0134455     -0.0294239     -0.0238864      0.0229308     0.00154268        10.3027      0.0089743     -0.0314363
       0.139607      0.0609553       0.142105      0.0619567    -0.00133502    -0.00727522     -0.0359629     -0.0108712      0.0254041    0.000661004        10.6826     -0.0276142    -0.00332193
       0.139879      0.0599458       0.142108      0.0615381     5.8651e-05      -0.010047     -0.0281642     -0.0270933      0.0262904     0.00085746        10.8859       0.135133       0.120646
       0.140159       0.058578       0.142446      0.0606812     0.00812352     -0.0205655     -0.0389787     -0.0258257      0.0260501     0.00135647        8.81452       0.106019     0.00977575
       0.140316      0.0563287       0.142487      0.0595189    0.000985265     -0.0278938     -0.0295227     -0.0441683      0.0222115     0.00679086        7.23389       0.164341      0.0600653
       0.141142      0.0561996       0.142771      0.0586941     0.00680602      -0.019796     -0.0242536     -0.0245568      0.0216509      0.0115973        7.27124     -0.0522215      0.0659963
       0.141046      0.0547354       0.142809       0.057806    0.000912666     -0.0213148     -0.0263619     -0.0417638      0.0185914      0.0185165        6.96717     -0.0457236      0.0492252
       0.142434      0.0491957       0.143329       0.055218      0.0124841     -0.0621116     -0.0145356      -0.079807      0.0159857      0.0174817        6.06637      0.0279956      0.0498934
       0.142857       0.050432       0.143768      0.0543777      0.0105425     -0.0201677     -0.0181527     -0.0489041      0.0138244      0.0150212        7.26125      -0.033948     -0.0346325
       0.143011      0.0497241       0.144031      0.0533035     0.00630033      -0.025779     -0.0168608     -0.0452069      0.0117994      0.0150417        6.77951      -0.070009     -0.0565702
       0.142897      0.0493294       0.144133      0.0524722     0.00244904     -0.0199512     -0.0186071     -0.0412163      0.0124998      0.0140885        6.35156     -0.0607953     -0.0460962
        0.14341      0.0469827       0.144483      0.0510779     0.00840569     -0.0334653     -0.0171877     -0.0572048      0.0149832      0.0110696        6.27018      0.0599852     -0.0337502
       0.143158      0.0475816       0.144463      0.0502238   -0.000480652     -0.0204977     -0.0158911     -0.0268787      0.0170899     0.00844573        5.50599       -0.10236      0.0662095
       0.142174      0.0473244       0.144195      0.0498196    -0.00642622    -0.00970092     -0.0296645     -0.0403494       0.018486     0.00959908        5.91484      0.0782857       0.048914
        0.14264      0.0473466        0.14428      0.0493382     0.00202346     -0.0115522     -0.0238861     -0.0232947       0.016693     0.00703441        5.65894     0.00698285      0.0411572
       0.142421      0.0463187       0.144169       0.048678    -0.00265968     -0.0158468      -0.025927     -0.0330088       0.014564     0.00937222        5.76783      0.0449089     0.00841568
       0.142146      0.0452639       0.143909      0.0478964     -0.0062356     -0.0187582     -0.0237658     -0.0340443      0.0131647     0.00979947        4.96208       0.025435      0.0219662
        0.14182      0.0449475       0.143716      0.0473187    -0.00464094     -0.0138648     -0.0290722     -0.0301119      0.0126108      0.0119308        5.51543     -0.0206986     -0.0482229
       0.141818      0.0446349       0.143533      0.0469565    -0.00438452    -0.00869241      -0.023048     -0.0336942      0.0116648      0.0129452        5.66522      0.0304047     -0.0246664
       0.141597      0.0435556       0.143481      0.0463425    -0.00123847     -0.0147363     -0.0302152     -0.0393799      0.0122289         0.0128         5.4661       0.071771      -0.101664
       0.142076      0.0442807       0.143648       0.046133      0.0040015    -0.00502673     -0.0227261     -0.0208947      0.0134321      0.0131825         6.4865     -0.0525305     -0.0783702
       0.142811      0.0438323       0.143945      0.0458417     0.00711751    -0.00699189     -0.0144596     -0.0285072        0.01875      0.0161174        6.17391     -0.0406096      0.0262714
        0.14246      0.0437801       0.144001      0.0456885     0.00135684    -0.00367677     -0.0219685     -0.0273162      0.0212521      0.0146224        5.24421     -0.0211317      0.0721827
       0.140728      0.0433412       0.143499       0.045485     -0.0120614    -0.00488341     -0.0409771     -0.0331961        0.02055      0.0129881        4.78903      0.0641075       0.014914
       0.140868      0.0442019        0.14336      0.0456722    -0.00332522     0.00449154     -0.0359992     -0.0213991      0.0172893      0.0120125        5.72541      0.0563898     -0.0141379
       0.140896      0.0439584       0.143278      0.0453866    -0.00196552    -0.00685313     -0.0357822     -0.0143311      0.0165411       0.013393        5.50899       -0.10387      -0.064422
       0.141753      0.0437111         0.1433      0.0453465    0.000533938   -0.000963181     -0.0166045     -0.0262082      0.0165922      0.0158578        4.87865     -0.0336753      0.0902028
       0.141057      0.0415306         0.1432      0.0445207    -0.00241721     -0.0198184     -0.0347383     -0.0434681      0.0180735      0.0122334        4.64608      0.0572723   -0.000616088
       0.140297      0.0425662       0.142918      0.0443792    -0.00675023    -0.00339568      -0.038946     -0.0215721      0.0158067       0.011266        4.64234     -0.0285027     -0.0619699
       0.140651      0.0426818       0.142669      0.0442468    -0.00599205    -0.00317734     -0.0229818     -0.0218354      0.0159309      0.0124605          4.585     -0.0316975      0.0705971
       0.140445      0.0421881       0.142611      0.0440637    -0.00138223    -0.00439453     -0.0346317     -0.0290472      0.0179898      0.0121536        4.95605      0.0383753     -0.0145804
       0.141267      0.0406076        0.14277      0.0433762     0.00381124     -0.0165019      -0.019663     -0.0396944      0.0167268      0.0111024        4.58301       0.102678      0.0476529
       0.140922      0.0407871       0.142489      0.0431496    -0.00674558    -0.00543818     -0.0184542     -0.0330024      0.0164934      0.0114441        4.86231       0.105241       0.138651
       0.140749      0.0407681       0.142611      0.0430676     0.00293219    -0.00196615      -0.035029     -0.0333688      0.0139128      0.0167291        5.44674        0.08663     -0.0774695
       0.141559      0.0399069        0.14274      0.0425447      0.0030992     -0.0125496     -0.0146434     -0.0315155     0.00923071      0.0212899        6.32258     -0.0588086     -0.0201864
       0.141711      0.0386764       0.142803      0.0420486     0.00151527     -0.0119087     -0.0161836     -0.0499061      0.0116546       0.023761        4.88334     0.00539377     -0.0101181
       0.142148      0.0378699        0.14306      0.0412539     0.00616407     -0.0190727     -0.0143369     -0.0403537      0.0123656      0.0216991        5.17358      -0.133468    -0.00595638
        0.14207      0.0369742       0.143094      0.0406598      0.0008111     -0.0142571     -0.0135753     -0.0554121      0.0131714      0.0212799        4.15823     0.00129907      0.0458717
       0.141953      0.0369573       0.143254      0.0401224     0.00383627     -0.0128988     -0.0230784      -0.041006      0.0136248      0.0159947        4.33194     -0.0416204     -0.0434192
       0.142356      0.0354328       0.143521      0.0389827     0.00641584     -0.0273523     -0.0188882     -0.0447239      0.0131203      0.0137243        4.39889     -0.0896862     -0.0689039
       0.142633      0.0352162       0.143704      0.0383585     0.00439024     -0.0149808     -0.0150432     -0.0442726      0.0136894      0.0130616        4.94294     -0.0186072     -0.0200799
       0.142542      0.0349756       0.143661       0.037757    -0.00104678     -0.0144356     -0.0123926     -0.0373809      0.0161083     0.00955628        4.66925     0.00565584      0.0991835
       0.141871      0.0352823       0.143549      0.0372831    -0.00266504     -0.0113735     -0.0264224     -0.0229791      0.0170474     0.00842522        3.77164     -0.0838995       0.042866
       0.140896      0.0341988       0.142991      0.0365919     -0.0134068     -0.0165894     -0.0264385     -0.0338072      0.0143459     0.00842522         3.8181     -0.0196028       0.080482
       0.140622      0.0340753       0.142527      0.0361376     -0.0111212     -0.0109034      -0.025023     -0.0280272      0.0122714      0.0057845        3.93927      0.0106752      0.0796734
       0.140241       0.034921       0.142036      0.0359803     -0.0117835    -0.00377432     -0.0242585     -0.0108162     0.00806496     0.00451242        4.77399     -0.0733848      0.0459791
       0.140405      0.0348328       0.141902      0.0361394    -0.00322652      0.0038192     -0.0249514      -0.027884     0.00486586     0.00430595        6.00391        0.16479     -0.0919405
       0.139595      0.0363817        0.14103      0.0363025     -0.0209187     0.00391433     -0.0100568      0.0114239     0.00297043     0.00186788        5.55573      -0.119769      0.0961095
       0.138871      0.0354667       0.140575      0.0363065     -0.0109288    9.61125e-05      -0.028019     -0.0187607     0.00542984     0.00675391         4.9333      0.0289393     -0.0557969
       0.138672      0.0358903       0.140112      0.0362354     -0.0111119    -0.00170794     -0.0168339     0.00197661      0.0034971     0.00398873        5.41823       -0.14498     -0.0208291
       0.138177      0.0344518       0.139472      0.0359662      -0.015368    -0.00645903      -0.012649     -0.0301158     0.00420616     0.00357376        5.54255       0.108553      0.0728736
       0.137155      0.0347872       0.138907      0.0357726     -0.0135505     -0.0046463     -0.0267398    -0.00989522     0.00491712    -0.00131882        4.31641      0.0318157     -0.0380949
       0.136778       0.034082       0.138197      0.0355549     -0.0170345    -0.00522539     -0.0126235     -0.0253076     0.00374923     0.00262271        4.38055       0.157034      0.0794069
        0.13629      0.0337678       0.137832      0.0350544    -0.00877154     -0.0120135     -0.0260453     -0.0092577     0.00373897     0.00478255        4.31271     -0.0640625     -0.0825017
       0.137027      0.0333612       0.137786      0.0348981    -0.00110221     -0.0037491    -0.00878195     -0.0247034     0.00124047      0.0117507        4.67369     0.00562573     -0.0522155
       0.138189      0.0313587       0.138259      0.0339719      0.0113422      -0.022229    -0.00446262     -0.0335748     0.00318525      0.0105276        5.41411     -0.0153586     -0.0932611
       0.137488      0.0305006       0.138238      0.0333638   -0.000497818     -0.0145958     -0.0117859     -0.0426076     0.00545869     0.00994085        4.31621      0.0980286     -0.0915008
        0.13802      0.0305001       0.138556       0.032932     0.00763643      -0.010362    -0.00804551     -0.0315618      0.0104733     0.00955211        4.77219      0.0629567     -0.0435419
       0.138056      0.0304094         0.1389       0.032503     0.00825262     -0.0102965     -0.0153624     -0.0247672      0.0139863      0.0128759        4.30995     -0.0481887      -0.060578
       0.137291      0.0298713       0.138898      0.0321784   -5.04255e-05    -0.00778976     -0.0243817     -0.0335197      0.0156088      0.0149517        4.42036     -0.0158562     -0.0584198
       0.135827      0.0278657       0.138459      0.0311282      -0.010535     -0.0252053     -0.0375044     -0.0422948      0.0181142      0.0136262        4.81697     -0.0362156     -0.0590869
       0.135969      0.0301215       0.137958      0.0309174     -0.0120281    -0.00505923     -0.0157328     0.00448654      0.0203334      0.0126998         4.6151      -0.395067       0.232179
       0.134447      0.0285515       0.137207       0.030656      -0.018013     -0.0062732     -0.0385343     -0.0446366       0.022561      0.0109491        3.39078      0.0348007        0.20224
       0.133676        0.02793       0.136405      0.0301936     -0.0192482     -0.0110985      -0.035308     -0.0351727      0.0120687    -0.00680817        3.65836       0.221384       0.178731
       0.130524      0.0310478       0.134517      0.0306398     -0.0453175      0.0107085      -0.052765      0.0136128     0.00376317    -0.00319637        4.09023    -0.00972622      0.0572404
       0.131253      0.0300319       0.133587      0.0304798     -0.0223242    -0.00383927     -0.0271058    -0.00811827    -0.00270357     0.00563525        4.39143     0.00873381      0.0442162
       0.131596      0.0290163       0.132966      0.0300459     -0.0148995     -0.0104132     -0.0179928     -0.0110886    -0.00424757     0.00541853        4.00715     -0.0636741     -0.0351703
       0.130465      0.0274853       0.131944      0.0293232     -0.0245351     -0.0173465     -0.0164583     -0.0253706    -0.00590124     0.00528346        4.09242      -0.017799     -0.0427294
         0.1309      0.0282839       0.131526      0.0292274      -0.010025    -0.00229798     -0.0058443     -0.0115255    -0.00559762     0.00280057         4.0279     -0.0349123       -0.03022
       0.131375      0.0290379       0.131392      0.0292962    -0.00320792     0.00165068     0.00173336    -0.00251391    -0.00366488     0.00179433        4.36122     -0.0599503    -0.00364833
       0.131636      0.0291061       0.131416      0.0293571    0.000573993     0.00146301     0.00294693    -0.00593535    -0.00243428    0.000299084        4.87518     0.00729449     -0.0118806
       0.131615      0.0294183       0.131581      0.0294811     0.00395393     0.00297546    -0.00406891    -0.00214767    -0.00195875    -0.00204064        5.57777      0.0392795      -0.121748
       0.133535      0.0308094        0.13227      0.0299547      0.0165392      0.0113654      0.0201824      0.0133735    -0.00159588    -0.00193836        5.91054     -0.0367839     0.00656749
       0.134328      0.0312119       0.133157      0.0304073      0.0212942      0.0108627      0.0089072     0.00809141     0.00330291   -0.000639808        6.25777    -0.00196796     -0.0858711
       0.133585      0.0312476       0.133317       0.030653     0.00383306     0.00589648     0.00393239     0.00764548     0.00391636   -0.000895393        6.07719     -0.0116434     -0.0296596
       0.134933       0.028372       0.134008      0.0295308       0.016575     -0.0269316      0.0134203     -0.0110532     0.00698612    -0.00112451        4.13092     -0.0691772      0.0677546
       0.134645      0.0269159       0.134306      0.0287113     0.00716472     -0.0196683      0.0028882     -0.0271171     0.00759981    -0.00223304        4.66748      0.0743585      0.0736369
        0.13492      0.0266501       0.134783      0.0280068       0.011457     -0.0169093    -0.00372404      -0.013906     0.00558147    -0.00442745        4.02529       0.026029     -0.0304893
       0.134898      0.0264001       0.134923      0.0274743     0.00334167      -0.012778    -0.00041916       -0.01265     0.00218305    -0.00193025         4.3261      0.0169839     -0.0133683
       0.137962      0.0236606       0.136304      0.0259889      0.0331621     -0.0356515      0.0182433     -0.0262569     0.00232956   -0.000557911        4.91159     -0.0278804     -0.0257063
       0.138074      0.0240563       0.136959      0.0254731      0.0157034     -0.0123779      0.0128136     -0.0172327     0.00259898     0.00024997        4.94494     -0.0237603     -0.0079937
       0.138307      0.0241034        0.13753      0.0250712      0.0137161    -0.00964648     0.00805442     -0.0116076     0.00402222   -5.68748e-05        4.80401     -0.0185524    -0.00307555
       0.139179      0.0243211       0.138191       0.024788      0.0158497    -0.00679596       0.013127    -0.00374804     0.00435791     -0.0010059        5.98654     -0.0489102      0.0567686
       0.139051      0.0242096       0.138699      0.0245459      0.0121876    -0.00581127    -0.00162274    -0.00437329     0.00450775    -0.00183214        5.10755     -0.0172733     -0.0516482
       0.138933      0.0246483       0.138973      0.0245577     0.00658894    0.000282884    -0.00287331    0.000882117     0.00372717    -0.00389577        5.20086      0.0152585     -0.0714427
       0.138937      0.0253929       0.139082      0.0247266     0.00260675     0.00405443   -0.000691306      0.0104841     0.00434074    -0.00476111        6.05264     -0.0158796    0.000372556
       0.138614      0.0255139       0.139051      0.0249833   -0.000747085     0.00616148    -0.00509016      0.0029586      0.0058119    -0.00471593        5.49398      0.0850792      0.0532853
       0.138172       0.026111       0.138989      0.0251993    -0.00146592     0.00518417     -0.0130919      0.0158096     0.00580988    -0.00471593        4.76699     -0.0148509      0.0188972
       0.137508      0.0278686       0.138687      0.0261217    -0.00724912      0.0221361     -0.0162402      0.0209149     0.00580988    -0.00471593        5.36655    -0.00446413     0.00528464
       0.138073      0.0281669         0.1387      0.0267606    0.000302911      0.0153333    -0.00776318       0.015911     0.00580988    -0.00471593        5.87058      0.0268358      0.0299495
       0.137645      0.0278793       0.138595      0.0271047    -0.00251019     0.00825852     -0.0163717     0.00750366     0.00580988    -0.00471593        5.25412      0.0692997     -0.0549626
         0.1373      0.0296442       0.138209      0.0279991    -0.00927794      0.0214663    -0.00777405      0.0225653     0.00580988    -0.00471593        5.11647    -0.00596638      0.0482587
       0.136288      0.0303256        0.13764      0.0288758     -0.0136478      0.0210407     -0.0176928      0.0146078     0.00580988    -0.00471593        4.49877      0.0411228      0.0405587
        0.13644      0.0303777       0.137347      0.0293941    -0.00703597      0.0124383    -0.00995751      0.0122789     0.00580988    -0.00471593        5.02704      0.0071116      0.0739704
       0.136198      0.0305668       0.137181      0.0298528    -0.00398433      0.0110088     -0.0175694     0.00807382     0.00580988    -0.00471593         5.5368    -0.00986947     -0.0582205
       0.135654       0.033668       0.136765      0.0314673    -0.00997388      0.0387497     -0.0143578      0.0251267     0.00580988    -0.00471593           6.86    -0.00554106     -0.0712053
       0.135937      0.0330025       0.136682      0.0320528    -0.00199556      0.0140507     -0.0106472     0.00765636     0.00580988    -0.00471593        5.81141      0.0535119     -0.0798279
        0.13632      0.0330738       0.136787      0.0323999     0.00251019     0.00833175     -0.0063701      0.0107329     0.00580988    -0.00471593        5.25839      -0.038849     -0.0484785
       0.136626      0.0327815       0.137041      0.0326703     0.00610936     0.00648835    -0.00739755    -0.00220295     0.00580988    -0.00471593        5.43966      0.0119134     -0.0390744
       0.136809      0.0335818       0.137375      0.0331559       0.008008      0.0116551     -0.0109998     0.00507321     0.00580988    -0.00471593        5.12175     -0.0161584     -0.0578806
       0.138014      0.0351802       0.138085      0.0341719      0.0170445       0.024385    -0.00332169     0.00782522     0.00580988    -0.00471593        6.20659      0.0515055     -0.0251038
       0.137763      0.0350332       0.138314      0.0344452     0.00547743     0.00655702    -0.00780852      0.0101022     0.00580988    -0.00471593        5.31406     -0.0500861      0.0388855
       0.138205      0.0351995         0.1386      0.0347508     0.00687575     0.00733566    -0.00397042     0.00555548     0.00580988    -0.00471593         5.0462      -0.077431       0.135298
        0.13804      0.0360497       0.138925      0.0354728     0.00780952      0.0173287     -0.0195999     0.00130735     0.00580988    -0.00471593        5.71565      0.0382142    -0.00748294
       0.138405       0.036718       0.139153      0.0359516     0.00546849      0.0114908     -0.0116828      0.0107375     0.00580988    -0.00471593        5.65052    -0.00963497     -0.0162749
       0.138487      0.0369724       0.139286      0.0364977     0.00318575      0.0131067     -0.0132769    0.000196933     0.00580988    -0.00471593        5.44805      0.0967173     -0.0410535
       0.138552      0.0374413       0.139297      0.0369599    0.000271082       0.011093    -0.00876059     0.00592181     0.00580988    -0.00471593        5.74275      0.0574633      0.0259171
       0.138121      0.0371316       0.139218      0.0372246    -0.00191081     0.00635102     -0.0167766    -0.00429465     0.00580988    -0.00471593        5.04493      0.0729798     0.00649573
       0.138215      0.0374264       0.139175      0.0375661    -0.00102603     0.00819719     -0.0121843     -0.0021906     0.00580988    -0.00471593        4.91288      0.0145948       0.047171
       0.137631       0.036648       0.139062      0.0376419    -0.00270653     0.00181863     -0.0242924     -0.0177095     0.00580988    -0.00471593        4.98978      0.0595189     -0.0607451
       0.137713      0.0368091       0.138991      0.0376427    -0.00171196    1.87755e-05     -0.0176336    -0.00717594     0.00580988    -0.00471593        4.46859      -0.089682     -0.0517686
       0.137759      0.0363219       0.138896      0.0375517    -0.00227487    -0.00218394     -0.0144127      -0.018592     0.00580988    -0.00471593        3.92518     -0.0727668     0.00322757
       0.137435      0.0360887       0.138848      0.0374906    -0.00115263    -0.00146627     -0.0221953     -0.0218777     0.00580988    -0.00471593        3.79613     -0.0139067     -0.0358032
       0.137798      0.0357976       0.139046       0.037214     0.00474858    -0.00663891      -0.019761     -0.0186417     0.00580988    -0.00471593        4.21025     -0.0235458     -0.0567981
       0.137812      0.0358173       0.139094      0.0370403     0.00115907    -0.00416797     -0.0176048     -0.0171629     0.00580988    -0.00471593        4.95407    -0.00778314     -0.0100751
       0.138243      0.0352984       0.139336      0.0367257     0.00580537    -0.00755033     -0.0162163     -0.0204522     0.00580988    -0.00471593         4.0897      0.0274283       0.021266
       0.137606      0.0352449       0.139416      0.0365543     0.00190973    -0.00411388     -0.0311684     -0.0188755     0.00580988    -0.00471593        3.94297      0.0493138     -0.0843756
       0.137872      0.0350117       0.139318      0.0362648    -0.00233459    -0.00694701     -0.0142963      -0.015008     0.00580988    -0.00471593        4.07323    -0.00198726      0.0873409
       0.138089      0.0361186        0.13949      0.0365276     0.00411558     0.00630614     -0.0227717    -0.00474011     0.00580988    -0.00471593        4.91931     -0.0616595      0.0528159
        0.13734      0.0356498       0.139264      0.0367056    -0.00541556     0.00427321      -0.027787     -0.0225486     0.00580988    -0.00471593         4.2838       0.108749      0.0328417
       0.137532      0.0356091       0.139232      0.0367371   -0.000778198     0.00075531     -0.0252693     -0.0160349     0.00580988    -0.00471593        4.06303      0.0935699   -0.000807653
       0.137393      0.0358537       0.139143      0.0366677    -0.00213683    -0.00166494     -0.0266185    -0.00621778     0.00580988    -0.00471593        4.33074     -0.0746967     -0.0512051
       0.137863      0.0356456       0.139164      0.0366757    0.000507116     0.00019142     -0.0167123     -0.0153972     0.00580988    -0.00471593        4.04499      -0.080289     0.00679444
       0.137937      0.0356753       0.139296      0.0369325      0.0031625     0.00616416     -0.0223207     -0.0242919     0.00580988    -0.00471593        4.40843      0.0623945     -0.0379553
       0.137565      0.0359686       0.139035      0.0369089    -0.00624776   -0.000566661     -0.0162823    -0.00951037     0.00580988    -0.00471593        4.79318      -0.038685      0.0777466
       0.137941      0.0354437       0.139232      0.0369252     0.00471675    0.000390887     -0.0220517     -0.0271916     0.00580988    -0.00471593        4.30234        0.10164      0.0114941
       0.137798      0.0357227       0.139239      0.0368379    0.000179529    -0.00209561     -0.0218169     -0.0107248     0.00580988    -0.00471593        4.23323     -0.0393323     -0.0171941
       0.137441      0.0347583       0.139165       0.036701    -0.00179529    -0.00328678     -0.0271889      -0.033796     0.00580988    -0.00471593        4.22041       0.107164     -0.0810986
       0.137989      0.0358102       0.139238       0.036739     0.00175309    0.000913292     -0.0154864    -0.00483301     0.00580988    -0.00471593        4.46473      -0.121675    -0.00363745
       0.138177      0.0348469       0.139321      0.0366167     0.00200951    -0.00293612     -0.0156179     -0.0309714     0.00580988    -0.00471593        4.14309      0.0159969      0.0500541
       0.137511      0.0351297       0.139274      0.0367188     -0.0011251     0.00245136     -0.0287493     -0.0241287     0.00580988    -0.00471593        3.71134      0.0464388      -0.027955
       0.137838      0.0353128        0.13934      0.0367264     0.00157213    0.000183105     -0.0208516     -0.0195156     0.00580988    -0.00471593        4.45843      0.0162071   -0.000673897
       0.136908      0.0350126       0.139067      0.0367672    -0.00654352    0.000978649     -0.0328238     -0.0288686     0.00580988    -0.00471593        3.64432      0.0890507     -0.0567397
       0.137549      0.0353858       0.139196       0.036811     0.00307918     0.00105017     -0.0231182     -0.0169323     0.00580988    -0.00471593        4.67365     -0.0237738     -0.0276776
       0.137631      0.0346589       0.139325      0.0366971     0.00310278     -0.0027329     -0.0261116     -0.0317334     0.00580988    -0.00471593        5.09039      0.0226095     -0.0394808
       0.137324      0.0348428       0.139306      0.0367348   -0.000460625    0.000904977     -0.0287715     -0.0264766     0.00580988    -0.00471593         5.1919    -0.00822918      -0.026504
       0.136733      0.0351448       0.139135      0.0367696    -0.00410271    0.000834972      -0.034691     -0.0213908     0.00580988    -0.00471593         4.9835     -0.0767641     -0.0256431
       0.137089      0.0348493        0.13917      0.0369435    0.000836134     0.00417387      -0.028132     -0.0375581     0.00580988    -0.00471593        4.83196      0.0958784      0.0394127
       0.137109       0.034826       0.139226      0.0368771     0.00135291    -0.00159484     -0.0314582     -0.0273833     0.00580988    -0.00471593        4.81507      0.0410903       0.033751
       0.136812      0.0348938       0.139264       0.036802    0.000923038    -0.00180128      -0.039118     -0.0251583     0.00580988    -0.00471593        4.88847     -0.0399107     -0.0543862
       0.137474      0.0344428       0.139331      0.0366227     0.00160861    -0.00430343     -0.0227937     -0.0305872     0.00580988    -0.00471593        4.62069     -0.0543424       0.056842
       0.137185      0.0348098       0.139291      0.0367405   -0.000974178     0.00282758     -0.0317745     -0.0291971     0.00580988    -0.00471593        4.03816     -0.0299618      0.0341896
       0.136417      0.0347583       0.139095      0.0367802     -0.0046885    0.000952184      -0.041372     -0.0314762     0.00580988    -0.00471593        4.17195      0.0241328      -0.052179
       0.136819      0.0353351       0.139188      0.0367098       0.002213    -0.00168872     -0.0357563     -0.0134494     0.00580988    -0.00471593        4.48394      -0.139178      -0.089909
       0.137044      0.0345722       0.139113      0.0366391    -0.00178063    -0.00169739     -0.0256633     -0.0368423     0.00580988    -0.00471593        4.06178      0.0526429      0.0295816
       0.136914       0.035287       0.139215       0.036704     0.00242972     0.00155783      -0.036459     -0.0176356     0.00580988    -0.00471593        4.62152     -0.0124513     -0.0222553
       0.137214      0.0348665       0.139309      0.0366584     0.00225592    -0.00109363     -0.0283231     -0.0299137     0.00580988    -0.00471593        4.22773      0.0923243      0.0473124
       0.136944      0.0358058       0.139204      0.0369083     -0.0025059     0.00599581     -0.0316168     -0.0137894     0.00580988    -0.00471593        5.16404     0.00962432      0.0771487
       0.137296      0.0349398       0.139207      0.0367826    6.11544e-05    -0.00301579     -0.0256203     -0.0286801     0.00580988    -0.00471593        4.03538      0.0500538       0.126986
       0.136963      0.0359649       0.139264      0.0368839     0.00137901     0.00243214     -0.0401223    -0.00529192     0.00580988    -0.00471593        3.96787      -0.192057      -0.060121
         0.1378      0.0354959       0.139234      0.0367862   -0.000715256    -0.00234649     -0.0143843     -0.0194438     0.00580988    -0.00471593        4.40544      -0.168229      0.0862403
        0.13791       0.035562       0.139124      0.0367814    -0.00264394   -0.000114977     -0.0156058     -0.0194415     0.00580988    -0.00471593        3.73756     -0.0878957       0.133117
       0.137829      0.0362014       0.139175      0.0368653     0.00121951     0.00201327     -0.0237548     -0.0107301     0.00580988    -0.00471593        4.58352     -0.0277786     0.00666908
       0.138572      0.0363616       0.139165      0.0367607   -0.000233531    -0.00251082    -0.00404284    -0.00514261     0.00580988    -0.00471593        5.63559       -0.01202       0.105673
       0.138615      0.0368017       0.139278      0.0367398     0.00270081   -0.000501662      -0.014848     0.00239305     0.00580988    -0.00471593        6.47824     -0.0354012      -0.037754
       0.139088      0.0366618       0.139308      0.0367129    0.000709534   -0.000644535   -0.000511124    -0.00297867     0.00580988    -0.00471593        7.38687      0.0367505      0.0239557
       0.138958      0.0365865       0.139223      0.0366207    -0.00202882    -0.00221336    -0.00362076    0.000118603     0.00580988    -0.00471593         6.7727      0.0367505      0.0239557
        0.13904      0.0369656       0.139208      0.0367379   -0.000350475     0.00281256    -0.00216042     0.00281511     0.00580988    -0.00471593        6.89465      0.0367505      0.0239557
       0.139317      0.0369691       0.139269      0.0368277     0.00146198     0.00215605    0.000715414      0.0013314     0.00580988    -0.00471593        7.33737      0.0367505      0.0239557
       0.139198      0.0367259       0.139198       0.036841    -0.00171089     0.00031811    0.000442071    -0.00219266     0.00580988    -0.00471593        7.86561      0.0367505      0.0239557
       0.139408      0.0365988       0.139215      0.0368771    0.000413775    0.000866532      0.0030438    -0.00459742     0.00580988    -0.00471593        7.55428      0.0367505      0.0239557
       0.139752      0.0364999       0.139313      0.0367566     0.00234282    -0.00289214     0.00624005    0.000184308     0.00580988    -0.00471593        7.25726     -0.0713213      0.0232072
       0.139164       0.035922       0.139189      0.0367207    -0.00297654   -0.000859648    -0.00259892     -0.0160708     0.00580988    -0.00471593        7.70504      0.0510347     -0.0566122
       0.139289      0.0368376       0.139074      0.0369635    -0.00276017     0.00582683     0.00598943   -0.000250394     0.00580988    -0.00471593          7.333    -0.00717102      0.0045968
       0.139265      0.0356304       0.139111      0.0367556    0.000890851    -0.00499097    4.51258e-05     -0.0205486     0.00580988    -0.00471593        7.40376       0.115425     -0.0498109
       0.139966      0.0360558       0.139354      0.0366942     0.00583005    -0.00147218     0.00980457    -0.00418574     0.00580988    -0.00471593        8.29176     -0.0181598     0.00242488
       0.139714      0.0362619       0.139247      0.0368041    -0.00256526     0.00263768        0.01005    -0.00838563     0.00580988    -0.00471593        6.83478     -0.0302235      0.0972979
       0.139769      0.0355146       0.139324      0.0367014     0.00184572    -0.00246602     0.00509577     -0.0195647     0.00580988    -0.00471593        6.14575       0.036904      0.0638325
       0.139298      0.0359992       0.139335      0.0367068    0.000271797    0.000129104    -0.00586545    -0.00662942     0.00580988    -0.00471593        6.82711     -0.0649797      -0.101603
       0.139591      0.0356562       0.139205      0.0367094    -0.00312924    6.36578e-05      0.0103481     -0.0189835     0.00580988    -0.00471593        7.14174      0.0348702     0.00570851
       0.139135      0.0358911       0.139229      0.0367299    0.000575781    0.000492096     -0.0073547     -0.0109072     0.00580988    -0.00471593        6.95912    0.000355986      -0.150442
       0.139027      0.0361661       0.139252      0.0367256    0.000553966   -0.000103533    -0.00357261    -0.00569347     0.00580988    -0.00471593        7.33797     -0.0703916      -0.148664
       0.138981      0.0366122       0.139219      0.0367977   -0.000778198     0.00173128   -0.000411496   -0.000416296     0.00580988    -0.00471593        5.58046      -0.137522     -0.0391025
       0.138662      0.0360337       0.139201      0.0368427   -0.000449538     0.00108039    -0.00655244     -0.0189262     0.00580988    -0.00471593         5.3934      0.0663182      0.0279086
       0.138246      0.0361689       0.139148       0.036861     -0.0012753    0.000437111     -0.0127496     -0.0111644     0.00580988    -0.00471593        6.31693       0.116177      0.0483042
       0.137874      0.0366621       0.139042      0.0367566    -0.00252879    -0.00250491     -0.0173975      0.0052453     0.00580988    -0.00471593        5.23292     -0.0631888      0.0246355
       0.138552      0.0361472       0.139285      0.0366984     0.00583363    -0.00139663     -0.0124731      -0.010596     0.00580988    -0.00471593        5.13863    -0.00379023     -0.0108793
       0.137854      0.0364943       0.139155      0.0368265    -0.00313175     0.00307533     -0.0212845    -0.00477108     0.00580988    -0.00471593        4.72095     -0.0125633     -0.0863616
       0.138451      0.0362722       0.139199      0.0367553     0.00105464    -0.00171027    -0.00724645    -0.00686762     0.00580988    -0.00471593        4.98222    -0.00979163      0.0167574
       0.138504      0.0363557       0.139201      0.0366887    5.93662e-05    -0.00159663    -0.00856315    -0.00300777     0.00580988    -0.00471593        4.96131     -0.0494404      0.0750444
       0.138496      0.0361099       0.139264      0.0367934     0.00150704     0.00251126      -0.012028     -0.0161633     0.00580988    -0.00471593        4.95671       0.116226      0.0599121
       0.138262      0.0362832       0.139256      0.0366912    -0.00019598    -0.00245315     -0.0168487    -0.00142303     0.00580988    -0.00471593        4.94187     0.00381499     -0.0171658
       0.138492      0.0361853       0.139262      0.0367318    0.000136256    0.000974536     -0.0108441    -0.00999228     0.00580988    -0.00471593        5.56594      0.0403948     -0.0185204
       0.138838         0.0359        0.13925      0.0366993   -0.000275373   -0.000779092      -0.003272     -0.0117896     0.00580988    -0.00471593        5.34066      0.0414858      0.0549995
        0.13826      0.0361156        0.13917      0.0368348    -0.00191438     0.00325245     -0.0166824     -0.0112395     0.00580988    -0.00471593        5.15775       0.036096     -0.0451002
       0.138293      0.0360712       0.139173      0.0368096    6.97374e-05    -0.00060609     -0.0136122    -0.00815527     0.00580988    -0.00471593        4.49731     -0.0479075     -0.0754945
       0.138325      0.0357597        0.13923      0.0367788     0.00135219   -0.000739306     -0.0145334     -0.0158615     0.00580988    -0.00471593         4.3097     -0.0259899     -0.0989877
