     -0.0459575     -0.0016968     -0.0859858    -0.00589893        0.48034      0.0504256        0.48034      0.0504256   -7.51269e-05     4.6489e-07        124.323      -0.242705      -0.301134
     -0.0886174     0.00139503      -0.086164    -0.00589394    -0.00427687    0.000119928      0.0354362      0.0993382    0.000141357   -0.000132334        190.566      -0.359064       0.297633
     -0.0835651    -0.00112081     -0.0859804    -0.00571394     0.00440687     0.00431992      0.0507416      0.0538743      0.0111925    -0.00949789        165.619      -0.280731       0.677134
     -0.0874622    -0.00394103     -0.0864094    -0.00547974     -0.0102947     0.00562088     -0.0413292    -0.00208412    0.000424002     -0.0249381        163.498       0.197336       0.102121
     -0.0880951    -0.00217761      -0.086699    -0.00486975    -0.00695246      0.0146397     -0.0299572        0.03731     -0.0278303     -0.0361871        133.791       0.237708      -0.307235
     -0.0811971     0.00383269     -0.0852209    -0.00294693      0.0354758      0.0461476      0.0657993       0.104961     -0.0299247      -0.025842         121.78      -0.122785     -0.0741103
     -0.0804764     0.00104646      -0.084455    -0.00228275      0.0183821      0.0159403      0.0525071      0.0248438     -0.0160015      -0.015327         126.73       0.329888     -0.0734868
     -0.0812884     0.00111293     -0.0846973    -0.00208553    -0.00581628     0.00473327      0.0616553       0.056492     -0.0123506     -0.0186364        126.932      0.0228021        0.27141
     -0.0822201     0.00239721     -0.0843014    -0.00144375     0.00950253      0.0154028      0.0138006      0.0590491     -0.0103189    -0.00813175        132.976      -0.199969     -0.0981975
     -0.0779976     0.00533776     -0.0825515    0.000430698      0.0419973      0.0449867      0.0625166      0.0610636     -0.0200596    -0.00534786        123.901      -0.139017     -0.0596743
     -0.0767309     0.00538583       -0.08121    0.000975494      0.0321967      0.0130751      0.0553204      0.0668262     -0.0174058     -0.0136868        126.946      -0.294683      -0.136847
     -0.0758291     0.00545923     -0.0801247     0.00198875      0.0260457      0.0243182      0.0597885      0.0291676     -0.0141521      -0.021381        118.902       0.180919     -0.0402605
     -0.0751779      0.0067719     -0.0792532     0.00290155       0.020916      0.0219072      0.0587905      0.0507306    -0.00704625     -0.0357187          115.5        0.26894       0.100307
     -0.0733738      0.0127105     -0.0774809     0.00529455      0.0425364       0.057432      0.0438003       0.109765    -0.00554636     -0.0293334        109.454     -0.0713694      -0.103266
      -0.073159      0.0123478     -0.0761011      0.0061829      0.0331153      0.0213203      0.0271356      0.0899424    -0.00837758     -0.0172045        126.378      -0.295857      -0.339604
      -0.071029     0.00961072     -0.0748955     0.00684567      0.0289337      0.0159064      0.0627846      0.0132929    -0.00548842     -0.0188246        119.443       0.328285      0.0246413
      -0.068724     0.00962837      -0.073485     0.00711328       0.033852     0.00642287      0.0735276      0.0374874     0.00817559     -0.0314256        115.436       0.297862         0.3883
     -0.0668683      0.0174995     -0.0713335     0.00968832      0.0516357      0.0618009      0.0456706       0.125959      0.0083668     -0.0203564        108.773      -0.350279       0.141392
     -0.0674228      0.0168895     -0.0701524      0.0107051      0.0283454       0.024402      0.0223553       0.085978     -0.0108968    -0.00727452        131.641        -0.4853      -0.187739
     -0.0632465      0.0123929     -0.0681335      0.0110522      0.0484541     0.00833083      0.0679454     -0.0177466     -0.0153163     -0.0241813        125.904       0.456806     -0.0660312
     -0.0608196      0.0179294     -0.0663035      0.0123916      0.0439215      0.0321455      0.0745489      0.0977223    -0.00885668     -0.0443317        105.848     -0.0596634      0.0606928
     -0.0574144      0.0260179     -0.0636678      0.0164703      0.0632551      0.0978886      0.0775386       0.117973    -0.00527361     -0.0280713        90.3311      0.0178398      0.0422819
     -0.0583351      0.0229063     -0.0625616      0.0173092      0.0265494      0.0201352       0.052696      0.0715941    -0.00679591     -0.0255516        102.699      0.0668042     0.00352518
     -0.0568733      0.0234721     -0.0610257      0.0184964      0.0368629      0.0284917       0.050457       0.065475    -0.00910893     -0.0273043        99.5486      0.0706036      -0.064835
     -0.0552626      0.0278221     -0.0597466      0.0202987      0.0306985      0.0432559      0.0641857       0.119709    -0.00962701      -0.025353        105.791      -0.442095      0.0877175
     -0.0501532      0.0325959      -0.057142      0.0242953      0.0625104       0.095918      0.0975082      0.0805299    -0.00828734     -0.0219823        99.9263        0.19393       0.285583
     -0.0513854      0.0332452     -0.0557905      0.0263602      0.0324349       0.049557      0.0415258      0.0889354     -0.0107553     -0.0379562         95.699       0.218343     -0.0918696
     -0.0493744      0.0368478     -0.0543541      0.0291267      0.0344746      0.0663954      0.0691458      0.0989897     -0.0223147     -0.0335652        98.5181       0.206803     -0.0344528
      -0.045744      0.0412829     -0.0526645      0.0319991      0.0405501      0.0689392       0.104541        0.13669     -0.0198841      -0.022007        101.244      -0.251292       0.282916
     -0.0413105      0.0448319     -0.0490273      0.0371185      0.0872923       0.122864      0.0772329      0.0491385     -0.0182599     -0.0139648        101.641       0.785343      -0.232924
     -0.0410209      0.0486024     -0.0471705      0.0400565      0.0445628      0.0705126      0.0780743       0.142068     -0.0275334     -0.0196958        72.5879     -0.0643191      -0.266137
     -0.0339089      0.0517993     -0.0447154      0.0434392      0.0589215      0.0811853       0.183797        0.10608     -0.0169335       0.015598         65.637      -0.243307       0.772874
     -0.0337422      0.0516067     -0.0425355      0.0464993      0.0523187      0.0734413       0.101089      0.0415327    -0.00727143      0.0153935        62.2601       0.164359       0.428386
     -0.0270029      0.0600494     -0.0384898      0.0522541      0.0970967       0.138116        0.14674      0.0809522     -0.0369114     0.00278209          85.29       0.391633       0.255913
     -0.0228226      0.0604386     -0.0343246       0.055906      0.0999646      0.0876444       0.123083      0.0342494      -0.056163      0.0074843        78.5981       0.687742      -0.409806
     -0.0174014      0.0635268     -0.0301803      0.0594224      0.0994634      0.0843942       0.166311      0.0566753     -0.0648929      0.0256035        66.5758       0.319925      -0.447092
     -0.0135153      0.0664687     -0.0268919      0.0622772      0.0789226      0.0685149       0.188719      0.0697762      -0.043281      0.0613452        53.0094      -0.314011      -0.105122
    -0.00676041      0.0683086       -0.02078      0.0655924       0.146684      0.0795653       0.156234      0.0206993      -0.025311      0.0734639        38.5891      -0.349382      -0.536604
    -0.00725042      0.0672944     -0.0174327      0.0672369      0.0803366      0.0394683       0.129238    -0.00719023     -0.0209458      0.0605825        41.1575      -0.403928      -0.464717
    -0.00378697      0.0683631     -0.0128036      0.0691974       0.111098      0.0470522      0.0991222     -0.0336387    0.000344013      0.0440359        41.8156     -0.0585547      -0.597821
     0.00132979      0.0725015    -0.00881842      0.0717997      0.0956438      0.0624558       0.158617    -0.00531994        0.01988      0.0280211        51.6916       0.118513       0.353553
      0.0102247      0.0799285    -0.00204153        0.07632       0.162645       0.108486       0.147773      0.0231838      0.0430517      0.0256548        59.8948       0.401636       0.488851
     0.00802415      0.0801109     0.00124228      0.0774741      0.0788113      0.0276997      0.0696566      0.0542849      0.0240643      0.0324534        58.4407       -0.28104       0.230835
      0.0147096      0.0761269     0.00605717      0.0784372       0.115557       0.023113       0.101818     -0.0682806     0.00414309      0.0487279        32.0809       0.388244       0.107691
      0.0209522      0.0763655      0.0108736      0.0787408       0.115594     0.00728756       0.123119     -0.0207555    -0.00556018        0.04016        34.0199    -0.00829522      0.0705376
      0.0343935      0.0767763      0.0191082      0.0789812       0.197629     0.00576836       0.181925     -0.0260797    -0.00884798      0.0515033        36.9396       -0.25934     -0.0704242
      0.0336709      0.0733354      0.0227998      0.0787577      0.0885983    -0.00536227       0.135836      -0.097305     -0.0114252      0.0542869        27.5846       0.188464     -0.0644786
      0.0347969      0.0725041      0.0265183      0.0781612      0.0892447     -0.0143162      0.0880302     -0.0750685    -0.00971236      0.0432198        27.9928       0.101635      -0.380563
      0.0391385      0.0739221      0.0302046      0.0780041      0.0884706    -0.00377047       0.124937     -0.0478642    -0.00580564      0.0509921        28.5665      -0.146612    -0.00538229
      0.0493156      0.0704932      0.0368455      0.0760558       0.159383     -0.0467588       0.151947     -0.0627753     0.00968585      0.0557676        22.8756      -0.439632      0.0571255
      0.0468343      0.0677235      0.0397399      0.0743492      0.0694652     -0.0409598      0.0776237     -0.0948414      0.0111739      0.0510023        20.0684      -0.254526     -0.0943809
      0.0495793      0.0672178      0.0431284      0.0729604      0.0813235     -0.0333306      0.0764519     -0.0776556     0.00863097      0.0319544        17.0376      -0.132191     -0.0854343
      0.0530979      0.0669262      0.0470753      0.0715403      0.0947269     -0.0340828      0.0590022     -0.0598593      0.0105893      0.0208686        19.5169      -0.062848      -0.313993
      0.0651601      0.0630662      0.0537652      0.0687012       0.160556     -0.0681369       0.151765     -0.0681559      0.0147669      0.0166657        13.1013      -0.056937       0.128935
       0.060924      0.0635479      0.0569163      0.0669434      0.0756262     -0.0421883      0.0205593     -0.0393044      0.0307917      0.0139904        14.3621      0.0773811      0.0150166
      0.0651671      0.0591048      0.0597166      0.0647269      0.0672079     -0.0531954      0.0736891     -0.0733769      0.0266211      0.0117959        11.2525       0.100257      0.0847273
      0.0688683       0.057465      0.0628871      0.0629315      0.0760922     -0.0430908      0.0708848     -0.0708322      0.0252098      0.0137347        10.7024       0.154848        0.10789
      0.0792857      0.0521188       0.069122      0.0593737       0.149638     -0.0853866       0.124847     -0.0880157      0.0214976       0.018257         9.9978       0.102629        0.19621
      0.0771847       0.051686      0.0718445      0.0572736       0.065339      -0.050403      0.0464131     -0.0635442      0.0170134      0.0247979        16.6846     -0.0795795      -0.177304
      0.0803767      0.0490387      0.0749066      0.0551125      0.0734907     -0.0518651      0.0676823     -0.0816242     0.00930092      0.0289987        8.44482      0.0207987     -0.0938499
      0.0827891      0.0479365      0.0777587      0.0532199      0.0684516     -0.0454229      0.0576026     -0.0625634      0.0173234      0.0258471        8.38222     -0.0853569     -0.0881743
      0.0904588      0.0405102      0.0821516       0.049044       0.105429      -0.100222       0.115134      -0.108091      0.0213356      0.0255874         12.174     -0.0241407       0.324039
       0.089151       0.040997      0.0846215      0.0468885      0.0592772     -0.0517323      0.0378548     -0.0671493      0.0245994      0.0228976         6.6872      -0.169705     -0.0243446
      0.0908463      0.0381666      0.0868311      0.0446962      0.0530319     -0.0526154      0.0486629      -0.096219      0.0129995      0.0214945        4.92775       0.196015    -0.00118605
       0.094514      0.0367088      0.0896921      0.0423325      0.0686637     -0.0567293      0.0540816     -0.0626914       0.012384      0.0150274        6.29931      0.0228806      -0.069932
       0.102425      0.0314317      0.0946967       0.038588       0.120111     -0.0898659      0.0865218     -0.0830526      0.0131067      0.0210569        13.4385      -0.115151       -0.17271
       0.102138      0.0293352      0.0970238       0.036115       0.055849     -0.0593523      0.0631715     -0.0910684      0.0169261      0.0234539         7.4497       0.049665     -0.0583246
       0.101544      0.0273442      0.0987964      0.0333543      0.0425438     -0.0662585      0.0251817     -0.0659628      0.0237593      0.0199647        9.61474      -0.141457      -0.133974
       0.103885      0.0250031        0.10116       0.030838      0.0567305     -0.0603909      0.0280294       -0.07452       0.026248      0.0201365        11.6206     -0.0655702      -0.107689
       0.111471      0.0165789       0.105687      0.0258754       0.108634      -0.119103      0.0668187      -0.115876      0.0316629      0.0157984        13.0392      0.0218617     -0.0143602
        0.10982       0.018067       0.107482      0.0234993      0.0430976     -0.0570245      0.0130061     -0.0733519      0.0360551      0.0128102        8.59193       0.172832      0.0302797
       0.111755       0.015151       0.109133      0.0208233      0.0396212     -0.0642251      0.0325331     -0.0438791      0.0365475       0.013064        11.7154      -0.194347      0.0617226
       0.112132      0.0124504       0.110567       0.018423      0.0344165     -0.0576073      0.0127419      -0.081099      0.0358131       0.021865        11.3452     -0.0748981        0.04853
       0.115474     0.00248799       0.113296      0.0129693       0.065496      -0.130888      0.0151908      -0.135569      0.0330161      0.0157329         16.942       0.112832     -0.0596906
       0.113617     0.00428899       0.114091      0.0106178      0.0190723     -0.0564372     -0.0179446     -0.0705901      0.0309298      0.0114624        10.9159     -0.0139401      -0.180268
       0.113893      0.0047151        0.11452     0.00897141      0.0103079     -0.0395123    -0.00221459     -0.0523011      0.0321824      0.0150131        11.5418     0.00227236      0.0916743
       0.113439     0.00226377       0.114876     0.00658339     0.00854105     -0.0573125       -0.02398     -0.0467678      0.0393036      0.0156103        12.2157      -0.116427       0.105768
       0.112192    -0.00540862       0.114658     0.00228371     -0.0052405      -0.103192     -0.0348787     -0.0981601      0.0370626      0.0155326        16.8282      0.0251475         0.1238
       0.112037    -0.00476929        0.11451    0.000360355    -0.00354677     -0.0461604     -0.0358672     -0.0633417      0.0314685       0.010004        10.7054      0.0753744      0.0929783
       0.112254    -0.00487174       0.114497    -0.00161488   -0.000312209     -0.0474055     -0.0350036      -0.026422      0.0261384     0.00992845        6.10007      -0.203508    -0.00141694
       0.111671    -0.00671264       0.114049    -0.00351776     -0.0107648     -0.0456692     -0.0322094     -0.0384802      0.0223325      0.0130393        6.43555      -0.154636    -0.00419532
       0.109677     -0.0140426       0.112651     -0.0077943     -0.0335523      -0.102637     -0.0310281     -0.0721103      0.0219886     0.00637363        11.7784       -0.13627       0.168543
       0.109283     -0.0131349       0.111952    -0.00961222     -0.0167642     -0.0436299     -0.0379164      -0.042152      0.0219953   -0.000852358        5.56946     -0.0130219      0.0758408
       0.109709     -0.0136213       0.111326     -0.0112646     -0.0150331     -0.0396561     -0.0149192     -0.0276161      0.0166147    -0.00618233        5.54375      0.0929993        0.18708
       0.108965     -0.0147743       0.110411     -0.0128345     -0.0219469      -0.037679     -0.0156743     -0.0223251      0.0124352    -0.00678386        5.72419       0.174645       0.188863
       0.107898      -0.020035       0.109449     -0.0161362     -0.0230951     -0.0792412     -0.0217901     -0.0380594     0.00458619    -0.00350715        11.2859      0.0446365      0.0306542
        0.10774     -0.0214808       0.108834     -0.0178529     -0.0147555     -0.0412006     -0.0175926     -0.0513748    -0.00322845     0.00387226        14.6162       0.264544      -0.165186
       0.109679     -0.0219137       0.108821     -0.0195597   -0.000325084     -0.0409621      0.0193955     -0.0133501    -0.00423219     0.00626539        10.4708     -0.0868589     -0.0137479
       0.109386      -0.023849       0.108715     -0.0213544    -0.00254238     -0.0430742     0.00792371     -0.0241124     0.00153181      0.0161319        9.68803      -0.216506     -0.0639007
       0.107429     -0.0297345       0.108055     -0.0245581     -0.0158313     -0.0768874    -0.00952681      -0.065109     0.00260398      0.0143953        11.1179     -0.0948705      -0.137321
       0.108024     -0.0301354       0.107996     -0.0265469    -0.00141639     -0.0477315     0.00338725      -0.039531     0.00603661     0.00228714        7.08716     -0.0929071     -0.0638981
       0.104181     -0.0284916       0.107675     -0.0277435    -0.00769955     -0.0287192     -0.0761651      0.0107641      0.0115931    -0.00210203        4.81029     -0.0495024      -0.255415
       0.105427     -0.0294085       0.107664      -0.029004   -0.000263751     -0.0302527    -0.00881483     0.00386713      0.0146695    -0.00536836         5.9219      -0.166703     -0.0515252
       0.106894     -0.0343578       0.107594     -0.0315598    -0.00169176     -0.0613389    -0.00603747     -0.0387318      0.0245979    -0.00733401         9.4902    -0.00852983      0.0519806
       0.106615     -0.0351714       0.107386     -0.0330658    -0.00498784     -0.0361437    -0.00453961     -0.0259698      0.0268478     -0.0139772        9.09334       0.127064       0.220165
       0.105812     -0.0348149        0.10721      -0.034184    -0.00421786     -0.0268368     -0.0230836    -0.00169504      0.0237576     -0.0142266        5.49169       0.132378       0.125162
       0.107452      -0.034256       0.107568     -0.0347524     0.00857753     -0.0136409   -0.000267713      0.0116868      0.0135516    -0.00854076        5.08407        0.10314       0.150734
       0.109329     -0.0390383       0.108757     -0.0371091      0.0285462     -0.0565599    -0.00816073      -0.017156     0.00845883    -0.00271989        15.0443      0.0503647      -0.215656
       0.111526     -0.0383576       0.109496     -0.0377839       0.017741     -0.0161966      0.0374998    -0.00294341     0.00262639     0.00149368        8.99964      0.0138741      0.0846176
       0.112645     -0.0399674       0.110377     -0.0388893      0.0211422     -0.0265283      0.0291181     -0.0109684      0.0099313     0.00330149        10.9174      0.0209264       0.121211
       0.112856     -0.0412707       0.111164     -0.0398611      0.0188745     -0.0233249      0.0168882     -0.0184621     0.00836346     0.00375365        9.06208       0.101386     0.00896449
       0.116805     -0.0435208       0.113282     -0.0416534      0.0508493     -0.0430147      0.0399566     -0.0117841     0.00309656     0.00465761        17.2381      -0.110879     -0.0828996
       0.116846     -0.0435246       0.114378     -0.0422554      0.0262876     -0.0144479      0.0264375     -0.0199432     0.00228522     0.00981795        13.6847      0.0409113      -0.170112
       0.118399     -0.0448583       0.115686     -0.0435982      0.0314008     -0.0322273      0.0356585      -0.005468     0.00474486     0.00676631        13.3646      -0.131072     -0.0750408
       0.119429     -0.0460112       0.116965       -0.04452      0.0306866     -0.0221235      0.0304191     -0.0235226      0.0122679     0.00668262        12.3552      0.0584201     -0.0119695
       0.122649     -0.0468424       0.119327     -0.0462399      0.0566867     -0.0412761       0.035095      0.0158516      0.0156581     0.00260817        15.1212      -0.379246     -0.0614338
       0.123135      -0.046905        0.12071     -0.0471863      0.0331932     -0.0227152      0.0298563     0.00820471       0.015837     0.00308489        15.5612      -0.331418      0.0180194
       0.122903     -0.0490868       0.121941     -0.0484737      0.0295442     -0.0308983   -0.000631981      -0.013898      0.0180375     -0.0105817        15.6946      0.0457449      -0.182494
       0.124261      -0.048987       0.123158     -0.0491697      0.0292218     -0.0167038       0.013832    -0.00146515      0.0181106     -0.0282493        16.1245       0.322997     -0.0714687
        0.12759     -0.0468548       0.125321     -0.0496811      0.0519013     -0.0122726       0.024816      0.0596543       0.024511      -0.027368        13.0955     -0.0708657     0.00772394
        0.12538     -0.0489175       0.125495     -0.0502158     0.00418675     -0.0128329    -0.00122434      0.0085445      0.0278039     -0.0131632        10.9908       0.219388        0.12319
       0.125176      -0.050779       0.125812     -0.0514454     0.00759959     -0.0295102     -0.0101016      0.0219362      0.0277629     -0.0137971        9.13084      0.0315433        0.16504
       0.124229     -0.0515108       0.125579     -0.0522431    -0.00558829     -0.0191448     -0.0187887      0.0152989      0.0242758      -0.010999        9.20459    -0.00982946        0.16094
       0.122709     -0.0541461       0.124931     -0.0535823     -0.0155548     -0.0321419     -0.0341075    -0.00435002      0.0152405    -0.00845076        11.0584      0.0433506     0.00992157
       0.122471     -0.0524467       0.124388     -0.0535618     -0.0130196    0.000493437      -0.026226      0.0188715     0.00990412    -0.00841571        9.06883      0.0171335     -0.0538372
       0.122376     -0.0529024       0.123723     -0.0539879     -0.0159622     -0.0102262     -0.0122365      0.0197982     0.00991592    -0.00757731        9.54126     -0.0468763      0.0508638
       0.121143     -0.0535135       0.122733     -0.0543794     -0.0237579    -0.00939676     -0.0165538      0.0133248      0.0112828    -0.00659956        8.66496     -0.0162473       0.112188
       0.116447     -0.0532574       0.120534     -0.0547264     -0.0527957    -0.00832719     -0.0564919      0.0281537      0.0106796    -0.00718452        8.55048       -0.13286     -0.0744769
       0.117351     -0.0531671       0.119553     -0.0546177      -0.023531     0.00260818     -0.0210596      0.0137395     0.00634179    -0.00818898        9.86999      0.0715091      0.0385347
       0.117904     -0.0519014       0.118894     -0.0541569     -0.0158166      0.0110596    -0.00722323      0.0305781     0.00749752     -0.0134434        9.37381       0.108525       0.126786
       0.117635     -0.0514381       0.118351     -0.0537437     -0.0130325     0.00991747    -0.00863389        0.02989     0.00711915     -0.0110954        7.42373       0.151258      0.0790673
       0.115763     -0.0479923       0.117226     -0.0522335     -0.0269952      0.0362436     -0.0186789      0.0609377      0.0020704    -0.00637461        6.34973     -0.0137258      -0.016249
       0.116954     -0.0500152       0.117098      -0.052048    -0.00308257     0.00445318    -0.00191943      0.0232658    -0.00176087   -3.21985e-05         11.265      0.0653549      -0.084836
       0.117746     -0.0502146       0.117236     -0.0518816     0.00332057     0.00399211     0.00563332      0.0263464    -0.00154617    0.000415552        10.7582     -0.0349313       -0.13783
        0.11778     -0.0492586       0.117314     -0.0514006     0.00185859      0.0115455     0.00615488      0.0317775     0.00209436     0.00146304        10.3341      -0.120254      -0.130639
       0.120549     -0.0495311       0.118457     -0.0514497      0.0274383    -0.00117829      0.0300519      0.0319605      0.0078964     0.00109266         11.151      -0.238159      0.0047823
       0.119848     -0.0498779       0.119117     -0.0514442      0.0158495    0.000129998    0.000201626      0.0181682      0.0138054    -0.00582029        15.2092     -0.0813561      -0.152036
       0.119074     -0.0501522       0.119739     -0.0509414      0.0149195      0.0120692     -0.0221097    -0.00881836      0.0137696     -0.0163189        14.6639        0.46772      -0.389301
       0.122221     -0.0486778       0.120571     -0.0509582      0.0199685    -0.00040403      0.0438986      0.0491705      0.0190534     -0.0194383         10.493      0.0394825       0.252908
       0.121572     -0.0482304       0.121461     -0.0504795      0.0213556      0.0114874     -0.0126494      0.0283299      0.0351566     -0.0011815        9.45661      0.0403575      0.0658251
       0.117985     -0.0512991       0.120765     -0.0513462      -0.016701     -0.0208005     -0.0423413     0.00563236      0.0331695     0.00758671         17.115      -0.050314     -0.0367357
       0.118946     -0.0529184       0.120751     -0.0520116   -0.000331342     -0.0159698     -0.0223945     -0.0142657      0.0283341     0.00720202        16.5799       0.050266      0.0388521
       0.119545     -0.0507515       0.120662     -0.0517519    -0.00213504     0.00623319     -0.0104066      0.0215249      0.0294504     0.00454115        13.8547      -0.137536       0.186708
       0.116124     -0.0514002       0.119219     -0.0516718     -0.0346389     0.00192234     -0.0409072    -0.00420442      0.0291027     0.00550436        13.1405      0.0741541       0.141746
       0.115255     -0.0508615       0.118283     -0.0517696      -0.022468    -0.00234649      -0.043145      0.0206936      0.0216288     0.00147711        15.5165      -0.101164    -0.00534196
       0.114847     -0.0506497       0.117329     -0.0515947     -0.0228762     0.00419766     -0.0308135     0.00936935      0.0150993     0.00276576         11.195     0.00138401     -0.0266884
       0.114772     -0.0499959       0.116618     -0.0515185     -0.0170766     0.00182766     -0.0228512      0.0270058      0.0136453     0.00220321        11.4768      -0.126532     -0.0333574
       0.111364     -0.0511743       0.114959      -0.051974      -0.039807     -0.0109319     -0.0502171      0.0120668      0.0147718     0.00159978        10.5967     -0.0825305       -0.16952
       0.112795     -0.0518819       0.114511     -0.0525394      -0.010751     -0.0135686     -0.0153751      0.0122086      0.0166263    -0.00464441         11.369     -0.0690619    0.000686061
       0.112188     -0.0528692       0.114086     -0.0530711     -0.0102174     -0.0127613     -0.0282135    -0.00106485      0.0233948     -0.0081848        9.90188       0.134521     -0.0566489
       0.110949     -0.0513288       0.113362     -0.0531436     -0.0173628    -0.00173995     -0.0310199      0.0344917       0.024296     -0.0106453        8.89369     -0.0393849     -0.0237311
       0.110709     -0.0522519       0.112789     -0.0537218     -0.0137513     -0.0138776     -0.0238678       0.025615      0.0257057    -0.00647296        11.1541      -0.106742      0.0794472
       0.110751     -0.0533771       0.112515     -0.0540547     -0.0065698    -0.00798815     -0.0241725     0.00322586       0.026396    -0.00648714        10.6424       0.125081      0.0737051
       0.112204     -0.0536158       0.112831     -0.0544799     0.00757509     -0.0102056    -0.00861177      0.0160484      0.0248602     -0.0107536        7.72905       0.105329      0.0925628
       0.113034     -0.0523954       0.113097      -0.054259     0.00638312     0.00530246   -0.000749749      0.0280578      0.0207153    -0.00573672        8.68329      0.0581094       0.111083
       0.113988     -0.0538352       0.113493     -0.0544908     0.00950396    -0.00556317     0.00564975     0.00533683      0.0166381    -0.00105072        13.9806       0.172247      0.0941467
       0.114793     -0.0524179       0.114624     -0.0546025        0.02714    -0.00268176     -0.0190247      0.0493024      0.0121282     0.00161813        17.0099      -0.310486      -0.407246
       0.116682     -0.0542526       0.115202     -0.0549058      0.0138867    -0.00727844      0.0332096    0.000626645     0.00875018     0.00796901        12.4446     -0.0759281     -0.0171061
       0.118113     -0.0557492       0.116459     -0.0555711      0.0301666     -0.0159666      0.0152514    -0.00287739      0.0235175    -0.00265862        12.2868      0.0519336     -0.0425309
       0.120313     -0.0561868       0.118141      -0.056299      0.0403499     -0.0174706      0.0265263     0.00584214      0.0258574    -0.00744642        11.9137      0.0530979      0.0503623
       0.118538     -0.0540599       0.118507      -0.056163     0.00878906     0.00326362    -0.00575154      0.0376206      0.0267914    -0.00522734        11.8181      -0.120121     -0.0051248
       0.119168     -0.0550189       0.119355     -0.0564176      0.0203431    -0.00610954     -0.0104329        0.01731      0.0257418    -0.00259496        9.61282    -0.00996374      -0.106642
       0.120446     -0.0555364       0.120075     -0.0568599      0.0172833     -0.0106144     0.00791733      0.0230227      0.0257551    -0.00607814        10.1169     -0.0492243      0.0635632
       0.121085      -0.055898       0.120774     -0.0571789      0.0167744    -0.00765681     0.00195433      0.0175801       0.028951    -0.00730742        10.5637      0.0319048       0.107823
       0.119463     -0.0553594       0.120748     -0.0571863   -0.000607967   -0.000178725     -0.0243351      0.0267662      0.0276112     -0.0088699        9.06659      0.0605314     -0.0240337
       0.118983     -0.0543631       0.120475     -0.0568779    -0.00656337     0.00740227     -0.0184458        0.03633      0.0231628    -0.00867177        8.29862      0.0373604      0.0270994
       0.119187      -0.054983       0.120203     -0.0568132    -0.00651956      0.0015538    -0.00883937      0.0224703      0.0231679    -0.00575722        8.25169       0.120071        0.15267
       0.117278     -0.0538521       0.119391     -0.0564362     -0.0194805     0.00904816     -0.0308833       0.041139      0.0229959    -0.00389792        8.63495     -0.0227429      0.0519903
       0.115017       -0.05299       0.118044     -0.0557633     -0.0323446      0.0161483     -0.0397923      0.0364235      0.0174051     0.00088011        7.67755      -0.012653     -0.0196476
       0.115049     -0.0531012       0.117214     -0.0552438     -0.0199138      0.0124682     -0.0257916      0.0248463      0.0147123     0.00110279         7.5109      0.0837401    -0.00730186
       0.114783     -0.0528232       0.116555     -0.0548418     -0.0158111      0.0096471     -0.0229902      0.0281026      0.0148623    0.000546682        7.26753      0.0584888     -0.0338985
       0.112888     -0.0517882       0.115297     -0.0541633     -0.0301977      0.0162858     -0.0283207      0.0326955      0.0154314     0.00248753        8.53992     0.00992763    -0.00182815
       0.112554     -0.0528685       0.114641     -0.0542281     -0.0157406    -0.00155684     -0.0289542       0.020549      0.0169401     0.00601159        7.90075     -0.0406904     -0.0663097
       0.113654     -0.0528982       0.114652     -0.0541908    0.000253558    0.000896573      -0.013166      0.0202806      0.0174085      0.0065025        9.98983     -0.0930407     -0.0551816
       0.113462     -0.0538116       0.114424     -0.0544376    -0.00547385     -0.0059233     -0.0113129      0.0075735      0.0198033     0.00571929        9.41069      -0.022326   -0.000580626
       0.113258     -0.0540851       0.114369     -0.0547901    -0.00130284    -0.00846103     -0.0177438      0.0135908      0.0221485     0.00190257        8.66406     -0.0508983     -0.0433318
        0.11389     -0.0539734       0.114481     -0.0549869     0.00267237    -0.00472301     -0.0056697      0.0156697      0.0224179    0.000675547        8.62743     -0.0366536      0.0479933
       0.113907     -0.0550138       0.114582     -0.0553677     0.00243706    -0.00913811     -0.0110858      0.0013606      0.0236093    -0.00130857        9.18773       0.125442      0.0327849
        0.11384     -0.0543686       0.114786     -0.0556237     0.00488895    -0.00614521     -0.0186864      0.0260653      0.0226377    -0.00316573        8.99917      -0.035702      -0.081208
       0.115573     -0.0552411       0.115321     -0.0561205       0.012844     -0.0119225      0.0071714       0.015045      0.0213254    0.000556695        11.8883     -0.0571822      0.0681478
       0.115325     -0.0547726        0.11541     -0.0559682     0.00214416     0.00365549   -0.000661224      0.0136998      0.0228902    0.000575173         9.1942      0.0471577       0.119724
       0.115735     -0.0550291       0.115626     -0.0560266     0.00516808    -0.00140101     0.00186549      0.0128065      0.0214072    -0.00168694        10.9841       0.109731       0.145802
       0.114648     -0.0549085       0.115554     -0.0562835    -0.00172842    -0.00616559     -0.0214925      0.0273862      0.0163963    -0.00104035         15.145     -0.0650944      -0.111596
       0.116781     -0.0534757       0.116039     -0.0554943      0.0116399      0.0189395      0.0148141       0.021239       0.010448     0.00341605        11.7129      0.0657189      0.0212205
       0.117877     -0.0536813       0.116583     -0.0554236      0.0130738     0.00169766      0.0176531      0.0287606       0.014073     0.00234042        12.1582      -0.050551      0.0669454
       0.117068     -0.0536997       0.116741     -0.0553601     0.00379032     0.00152385   -0.000835103      0.0249206      0.0137306     0.00423204        13.3046     -0.0884596     -0.0558081
       0.118216     -0.0536226       0.117236     -0.0553102      0.0118634      0.0011968      0.0142904      0.0251666      0.0117002     0.00321578        11.5639      -0.105935     -0.0047151
       0.120424     -0.0540201       0.118123     -0.0553333      0.0212914   -0.000553429      0.0356449      0.0150003      0.0123209    -0.00025512        12.2268      0.0171353       0.166933
       0.119942     -0.0537883       0.118562     -0.0555979       0.010547    -0.00635147      0.0130724      0.0329652      0.0126397    -0.00484694        11.3373      -0.105371      0.0426056
       0.119804     -0.0530859       0.118867     -0.0551286     0.00731957       0.011263     0.00868635      0.0197165     0.00644586     -0.0052724         12.292        0.13907     -0.0704213
        0.11975     -0.0529599       0.119145     -0.0552617     0.00665402    -0.00319406     0.00292574      0.0405334     0.00467155     -0.0091113        10.5915     -0.0263871      -0.205966
       0.120729     -0.0515877       0.119696      -0.054354      0.0132331       0.021785      0.0135463      0.0291026     0.00653944    -0.00502898        10.7625       0.167259      -0.166595
       0.120126     -0.0497159       0.119853     -0.0536158     0.00377369      0.0177171     0.00348593       0.064398      0.0155388    -0.00454415        9.05474      -0.140223      -0.101678
       0.119833      -0.052207        0.11979     -0.0537971    -0.00152153    -0.00435081     0.00779209      0.0144658      0.0224437    0.000884044        11.1313      0.0471193       0.128599
       0.118478      -0.050262       0.119623      -0.053201    -0.00401008      0.0143051     -0.0205325      0.0471601      0.0263806    -0.00282599        8.69423      -0.110557      0.0370804
       0.117845     -0.0507114       0.119197     -0.0531676     -0.0102144    0.000802428     -0.0149448       0.034835       0.022128    -0.00288547        8.67307       -0.10964       0.105381
       0.118366      -0.050948       0.119147     -0.0529289    -0.00120682     0.00572804     -0.0110169      0.0208766      0.0198222    -0.00737907        10.1563      0.0951478      0.0840863
       0.117131     -0.0503392       0.118444     -0.0525661     -0.0168639     0.00870734     -0.0160261      0.0285677      0.0154197     -0.0117334        10.3846       0.178681      0.0713258
       0.116107     -0.0500397       0.117593     -0.0522175     -0.0204154      0.0083659     -0.0180886      0.0286804      0.0119238    -0.00912358        10.6539          0.203      0.0400517
        0.11507     -0.0487743       0.116466     -0.0515526     -0.0270621      0.0159592     -0.0119173      0.0422586     0.00910303    -0.00133301        11.7532       0.035178       0.108337
       0.115523     -0.0503564       0.116032     -0.0516358     -0.0104104    -0.00199726    -0.00605823      0.0180582     0.00725183     0.00726138        13.9669    -0.00785934      0.0422843
       0.115695     -0.0514572       0.115728     -0.0518191    -0.00729507    -0.00439882   -0.000402305     0.00510827     0.00283263     0.00874637        18.6038    -0.00647814     -0.0368697
       0.116414     -0.0523366       0.115669     -0.0523414    -0.00142998     -0.0125357      0.0123968     0.00588122    0.000809168     0.00859689        16.6942      -0.114213     -0.0297381
       0.116498      -0.053632       0.115699      -0.053006    0.000739753     -0.0159503     0.00923814    -0.00856394     0.00122175     0.00802015        16.1872     -0.0405608     -0.0979283
        0.11724      -0.054083       0.116012     -0.0537537     0.00750554     -0.0179446      0.0172125     0.00227103     0.00257871     0.00347339        15.0057      -0.115058     -0.0777608
       0.116947      -0.053782       0.116265     -0.0541684     0.00605983    -0.00995404     0.00495678      0.0087033     0.00682948     0.00135432        12.4676      -0.109358      -0.161605
       0.118064     -0.0540624       0.116873     -0.0545845      0.0145898    -0.00998595      0.0175926     0.00733902      0.0104085    -0.00306953        15.4128     -0.0200025     -0.0620172
       0.120421     -0.0565552       0.118439     -0.0560821      0.0376044     -0.0359417      0.0192514    0.000805839      0.0169484    -0.00758363        14.5092     -0.0333062       -0.11345
       0.119675     -0.0554852        0.11883     -0.0565911     0.00938505     -0.0122161      0.0136324      0.0231251      0.0203777    -0.00848545        12.5169      -0.118726      0.0349927
       0.118956     -0.0553331       0.119294     -0.0568791      0.0111172    -0.00691178     -0.0134113      0.0216028      0.0250735    -0.00984968        10.6421     -0.0166113     -0.0991959
       0.118876     -0.0549882       0.119512     -0.0572018     0.00523317    -0.00774586    -0.00765828      0.0369844      0.0250292     -0.0144844        11.3252     -0.0774443     -0.0105237
       0.120358      -0.054908       0.119956     -0.0570919      0.0106623     0.00263786      0.0129733      0.0232587      0.0274204     -0.0156992        12.3521       0.139109       0.244834
       0.118077     -0.0548768        0.11951     -0.0571604     -0.0106934    -0.00164339     -0.0247771       0.033501       0.028085     -0.0181025         7.1659       0.166896       0.116173
       0.117326     -0.0536963       0.119034     -0.0567655     -0.0114432      0.0094783     -0.0241634      0.0451509      0.0189204     -0.0139302        6.77102       0.101656      0.0388113
       0.117754      -0.053484       0.118659     -0.0565041    -0.00899774      0.0062736    -0.00872177      0.0461386      0.0112183    -0.00492443        8.54601     -0.0289401      0.0757653
       0.117779     -0.0542144       0.118318     -0.0561733     -0.0081684     0.00793791    -0.00643616      0.0201262     0.00974223    -0.00066222        9.81961       0.131257      0.0476731
       0.115144     -0.0527472       0.117045     -0.0555584     -0.0305584      0.0147573      -0.025315      0.0445208      0.0071598   -0.000932229        8.83091     -0.0436306     -0.0508335
       0.116007     -0.0530543       0.116483     -0.0550613     -0.0134802      0.0119303     0.00219111      0.0212116     0.00502775     0.00271653        10.0203      0.0802745      0.0939783
       0.116593     -0.0512999       0.116581     -0.0542434     0.00233012      0.0196296    -0.00578764      0.0454276     0.00572119     0.00247716        12.4566     -0.0898981     -0.0934238
       0.117914     -0.0521213       0.116937     -0.0540735     0.00855285     0.00407732      0.0152429      0.0255321     0.00367603     0.00433658        10.8594     -0.0676401     -0.0457789
       0.118541     -0.0521781       0.117317     -0.0537957     0.00911397      0.0066694      0.0163656      0.0195167      0.0068805    0.000996578        10.2259      0.0149653     -0.0262553
       0.119128     -0.0523995       0.118002     -0.0537085      0.0164475     0.00209212     0.00936986      0.0164984     0.00890705    -0.00193239        11.4808      0.0829956      -0.126636
       0.118684     -0.0520853       0.118425     -0.0537724       0.010155    -0.00153413    -0.00302101      0.0302146      0.0102926    -0.00203658        9.88221     -0.0671274      -0.234383
       0.121925     -0.0518107       0.119664     -0.0538027      0.0297427   -0.000727594      0.0391469      0.0330082      0.0156395    0.000967848        12.4567      -0.192372      0.0997236
        0.12018     -0.0532575       0.120076      -0.054054     0.00988501    -0.00603157      -0.009289     0.00433585      0.0249387   -0.000318539        13.6325      0.0492073     -0.0681074
       0.119282     -0.0532898       0.120068     -0.0544325    -0.00019598    -0.00908241    -0.00975928      0.0213498       0.022561    -0.00826062        11.9503    -0.00182289   -0.000212025
       0.119827     -0.0511567       0.120535     -0.0540059      0.0112107      0.0102372     -0.0150855      0.0441897       0.024131    -0.00716842         11.894     -0.0956059     -0.0633853
        0.11694     -0.0514426       0.119456     -0.0538223     -0.0258912     0.00440732      -0.029774      0.0292198       0.024366    -0.00659574        14.6491       0.020484      0.0328123
       0.117556     -0.0522345        0.11911     -0.0539826    -0.00832111    -0.00384861     -0.0145817      0.0234076      0.0265954    -0.00928105        11.2152       0.090712       0.197638
       0.116209     -0.0511436       0.118516     -0.0536388     -0.0142457     0.00825298     -0.0356138      0.0357749      0.0262326    -0.00956143        9.06077      0.0837244      0.0625687
       0.114581     -0.0518273        0.11738     -0.0535176     -0.0272607     0.00290814     -0.0352239      0.0187666      0.0183596    -0.00630118        7.81193       0.204919      0.0441078
       0.113011      -0.052565       0.115951     -0.0536628     -0.0343085    -0.00348535      -0.034986      0.0175108      0.0154127    -0.00232507        9.37623        0.14895       0.055889
       0.113056      -0.052453        0.11508     -0.0537242     -0.0209042    -0.00147405     -0.0237807       0.024874      0.0133657     0.00781988        11.8032     -0.0616248       0.056934
       0.112355     -0.0535148       0.114332     -0.0539284     -0.0179379    -0.00489897     -0.0294526     0.00573897      0.0110255      0.0134543        13.6336     -0.0642204     -0.0938703
       0.113116     -0.0547615       0.113942     -0.0544636    -0.00937772     -0.0128467    -0.00583921    -0.00171813     0.00870738      0.0121579        13.0081      -0.074444    -0.00562223
       0.111833     -0.0565633       0.113218     -0.0555707     -0.0173666     -0.0265695     -0.0191675    -0.00812419      0.0109405     0.00870537        14.2847      -0.104981     -0.0600556
       0.112037     -0.0567721       0.112963     -0.0560073    -0.00611401     -0.0104791     -0.0115522      -0.014501      0.0117535     0.00543069        12.3858      0.0857762     -0.0532492
        0.11263     -0.0554231       0.113031     -0.0561915     0.00163794    -0.00441965    -0.00526234      0.0196252      0.0142693     0.00135254        10.3114     -0.0831037     -0.0309371
       0.112443     -0.0562473       0.112935     -0.0566563    -0.00231993     -0.0111566    -0.00540838     0.00597151      0.0171579     0.00449406        11.3753     -0.0312654      0.0176989
       0.113182     -0.0598879        0.11323     -0.0582926     0.00708067     -0.0392704    -0.00123885     -0.0195528      0.0184312     0.00252246        14.8778      0.0600203      0.0367713
        0.11366     -0.0586507       0.113577     -0.0586644     0.00832576    -0.00892407   -0.000828975      0.0051695      0.0183373     0.00115393        11.2603      0.0220824      0.0222933
       0.114156       -0.05887       0.113985     -0.0590658     0.00979614    -0.00963226    -0.00061739     0.00392911      0.0174495     0.00243043        11.5817      0.0522339     -0.0165848
       0.114225     -0.0585986       0.114255     -0.0591222     0.00647199    -0.00135452    -0.00318163      0.0071552      0.0163655     0.00350009        10.5207      0.0839093     -0.0543773
        0.11647      -0.061533        0.11533     -0.0606098      0.0258105     -0.0357024      0.0127413    -0.00235011       0.016047     0.00541853         17.044     -0.0762767     -0.0363229
        0.11661     -0.0618268       0.115857     -0.0613072      0.0126581     -0.0167374       0.009261    -0.00339512      0.0177649     0.00892829        15.1002      -0.090397      0.0151158
       0.115935     -0.0623595       0.116177     -0.0620902     0.00766289     -0.0187912    -0.00976901     0.00238258      0.0191351     0.00619982        14.7867      -0.136361     -0.0890722
       0.116662     -0.0632936         0.1166     -0.0629766       0.010157     -0.0212731     0.00215559    -0.00154359      0.0192206     0.00217055         16.141     -0.0829097     0.00473739
        0.11568     -0.0643194       0.116602     -0.0639326    5.93662e-05     -0.0229456     -0.0167235    -0.00343877      0.0225577    -0.00360121        14.8863      0.0193749     -0.0526464
       0.115059     -0.0633035       0.116597     -0.0641369   -0.000130892    -0.00490326     -0.0253338      0.0127822       0.023088    -0.00705374         15.354      0.0845249      -0.121353
       0.114781     -0.0619185       0.116489      -0.064062    -0.00258082     0.00179869     -0.0229881        0.03605       0.024521     -0.0067736        15.1714     -0.0351416     -0.0642662
       0.114899     -0.0639149       0.116471     -0.0647391   -0.000429332      -0.016251     -0.0196885      0.0109608       0.030981    -0.00264407        17.7045      0.0437644      0.0372185
       0.112681     -0.0643063       0.115641     -0.0653878     -0.0199238     -0.0155675     -0.0398621      0.0241412      0.0336057    -0.00288965        15.7097     -0.0939631      0.0630537
       0.112643     -0.0639843       0.114875     -0.0653426      -0.018391     0.00108379     -0.0188836      0.0144598      0.0330721    -0.00222696        15.5395      0.0490652       0.321012
       0.112486     -0.0639688       0.114551     -0.0656332    -0.00777286    -0.00697482      -0.033147      0.0298412      0.0299448    -0.00474037        17.4457     -0.0424902       0.162275
       0.111773     -0.0647706       0.113935     -0.0658067     -0.0147913     -0.0041635     -0.0320966     0.00836396      0.0166433    -0.00407387        17.0515        0.16711     0.00515749
       0.111304     -0.0611379       0.113216     -0.0648161     -0.0172586      0.0237747     -0.0266588      0.0596357     0.00973854    -0.00453616        11.5932     -0.0815956      -0.103809
       0.112134     -0.0621425       0.112726     -0.0645932     -0.0117645     0.00534868    0.000674843      0.0294092       0.010298     0.00140165        13.3598     0.00997788      0.0645897
       0.110834     -0.0623587       0.112222     -0.0644879     -0.0120859     0.00252753     -0.0256894      0.0317049      0.0144379      -0.001732        11.0569     -0.0173879      -0.148454
       0.109978     -0.0613785       0.111405     -0.0642411     -0.0196043     0.00592339     -0.0125361      0.0460665      0.0134152      -0.002329        11.2613      -0.169163     -0.0270091
       0.110687     -0.0602536       0.110972       -0.06337     -0.0104012      0.0209073     0.00653699      0.0350342      0.0178569    -0.00262357        10.3605     0.00727657       0.213738
        0.10978     -0.0596114        0.11041     -0.0628833     -0.0134876      0.0116805    -0.00736977      0.0467102      0.0192938    -0.00912763        10.2045     -0.0082101       0.192333
       0.109769     -0.0589563       0.110182     -0.0623251     -0.0054785      0.0133955    -0.00869984      0.0443763      0.0116082     -0.0100726        10.7742      0.0580631      0.0331867
       0.110979     -0.0598078       0.110362     -0.0620877     0.00432676      0.0056996     0.00677117      0.0249811     0.00133762    -0.00998486        13.0367       0.240169     -0.0651465
       0.111749     -0.0574576       0.110848     -0.0611573      0.0116612      0.0223279     0.00436352       0.056512   -0.000104333    -0.00744249        15.8205      0.0549971      -0.279156
       0.113513     -0.0568079       0.111468     -0.0606004      0.0148956      0.0133656      0.0344917      0.0594324     0.00201592     0.00225042        17.7519      -0.191354     -0.0600442
       0.113796     -0.0579437       0.111854     -0.0603911     0.00924772     0.00502342      0.0311289      0.0304646      0.0135057     0.00495003        16.6966      -0.120559       0.126225
       0.111785     -0.0590509       0.112146     -0.0606287     0.00701576    -0.00570229     -0.0223593      0.0220205      0.0161423    -0.00215329        13.0358     -0.0349994      -0.276889
       0.115269     -0.0579214       0.113204     -0.0601702      0.0253894       0.011003      0.0403968      0.0266923      0.0124129    -0.00817658        14.2185      0.0886652       0.109149
        0.11552     -0.0566992        0.11392     -0.0598331      0.0171853     0.00809044      0.0186763      0.0494481       0.022181    -0.00899483        12.7601      -0.042045       0.130004
       0.115691     -0.0573818       0.114621     -0.0597299      0.0168357     0.00247791     0.00960661      0.0285081      0.0170692    -0.00561608        12.5072      0.0821286      0.0578985
       0.115664     -0.0563775       0.115126     -0.0594721      0.0121087      0.0061883    0.000588568      0.0503777      0.0121315    -0.00600435        13.3331      -0.082365     -0.0879335
       0.119424     -0.0552149       0.116719     -0.0587434      0.0382224      0.0174886      0.0370569      0.0463171     0.00927017    -0.00410641        15.4279     -0.0422681      0.0154127
       0.119604      -0.055768       0.117385      -0.058379      0.0160071     0.00874552      0.0314142      0.0302435      0.0116324     -0.0060475        13.9411       0.112733       0.119599
       0.119036     -0.0554601       0.117606     -0.0579462     0.00528252      0.0103858      0.0201347      0.0316319       0.011842    -0.00801517        13.3492       0.185115       0.154813
       0.120071     -0.0548234       0.118172     -0.0573297      0.0135829      0.0147977      0.0254642      0.0321351     0.00683281    -0.00332905         14.543       0.207581       0.142521
       0.120446       -0.05309       0.118763      -0.056168      0.0142034      0.0278806      0.0146834      0.0411664    -0.00010779     0.00454508        17.1949       0.129293     -0.0937556
       0.121622     -0.0543113        0.11936     -0.0558984      0.0143162     0.00647002      0.0310715      0.0220813    -0.00559249      0.0132601        23.4978      0.0402371     -0.0932401
       0.121964     -0.0540527       0.119802     -0.0554247      0.0106128       0.011369      0.0287778      0.0210198    -0.00289276      0.0184879        23.1825      -0.093013     -0.0923057
        0.12361     -0.0548735       0.120564     -0.0554889      0.0182839    -0.00154129      0.0474149      0.0116865     0.00111101      0.0197561        21.9762      -0.194478       0.110242
       0.124531     -0.0559189       0.121958     -0.0557456      0.0334598     -0.0061613      0.0196321    -0.00464995     0.00494418      0.0181975        22.6952     -0.0919025       -0.20522
       0.125263     -0.0558483       0.122546     -0.0560911      0.0141138    -0.00829232      0.0461799     0.00791771     0.00273523     0.00838612        20.8529      -0.139749      0.0797766
       0.124873     -0.0541589       0.123168     -0.0560426       0.014924     0.00116381      0.0150221      0.0343054      0.0109045      0.0049318        18.6761      -0.281547     -0.0723332
       0.125802     -0.0548581       0.123408     -0.0567277     0.00575227     -0.0164424      0.0470425      0.0332557      0.0092735   -0.000758183        21.4814      -0.362523       0.310735
       0.125339     -0.0572629        0.12414     -0.0576418      0.0175735     -0.0219379    -0.00260327    -0.00625662      0.0103116     -0.0122428        24.0672       0.144299      -0.147096
        0.12432     -0.0552777       0.124187     -0.0579567     0.00112242    -0.00755811    -0.00351535      0.0484253   -0.000849034     -0.0269629        25.2596      0.0479344      -0.315543
       0.125549     -0.0536001       0.124516     -0.0576931     0.00789553     0.00632814      0.0193971      0.0584511     0.00354836     -0.0228396        23.3259      0.0500332      -0.141024
       0.123821     -0.0556119       0.124356     -0.0580258    -0.00383788    -0.00798663     -0.0114071      0.0264913      0.0204103     -0.0184155        23.3888       0.294883        -0.1867
       0.120359     -0.0563426       0.123191     -0.0591332     -0.0279547     -0.0265771      -0.036427       0.062492      0.0264268     -0.0161678        17.9822      -0.174569      -0.121279
         0.1195     -0.0559387        0.12232     -0.0591197     -0.0209051    0.000323921     -0.0302224      0.0432401      0.0335223    -0.00483454        16.7491      -0.129186      0.0823431
       0.118419     -0.0557432       0.121293      -0.059264      -0.024635    -0.00346345     -0.0304572      0.0562788      0.0381548    -0.00961663        17.5348      -0.235026       0.281659
       0.116184     -0.0567852       0.119947     -0.0597914     -0.0323254      -0.012656     -0.0509308      0.0417707      0.0358677     -0.0166626        18.4909      -0.100096       0.211669
        0.11216     -0.0560576       0.117172     -0.0593613     -0.0665799      0.0103221     -0.0564989      0.0334662      0.0239689     -0.0261324        22.3307       0.276181       0.287894
       0.112393     -0.0545724       0.115645     -0.0589528      -0.036654      0.0098041     -0.0396954      0.0641895      0.0126877     -0.0308817        24.7522       0.262834       0.196149
       0.111806     -0.0519131       0.114338     -0.0581639     -0.0313806      0.0189338     -0.0367519      0.0998945     0.00111434     -0.0209394        27.2125     -0.0820484     -0.0835553
       0.111879     -0.0508982       0.113308     -0.0575451     -0.0247175      0.0148503     -0.0171395       0.103893    -0.00656929    -0.00910307         27.159      -0.403359       -0.20153
       0.106732     -0.0529118       0.110873     -0.0566224      -0.058428      0.0221436      -0.061007      0.0200427    -0.00390341     -0.0114676        31.6012        0.35887      -0.492308
        0.10746     -0.0502444        0.10981     -0.0559212     -0.0255159      0.0168288      -0.018737      0.0974107     0.00495622     -0.0284969        30.6642     -0.0657357      -0.225983
       0.106246     -0.0491128       0.108762     -0.0543131     -0.0251421      0.0385952     -0.0278302      0.0501585      0.0252456     -0.0169284        22.6823       0.352565     -0.0704715
       0.104648      -0.049824       0.107189     -0.0537545     -0.0377637      0.0134065     -0.0132892      0.0555823      0.0364281     -0.0166363        16.7427       0.272691       0.407714
       0.100847     -0.0490709       0.105636     -0.0531054     -0.0372747      0.0155795     -0.0759948      0.0618185      0.0386353    -0.00395716        12.8126      0.0470328      0.0718402
      0.0977138     -0.0453473       0.103266     -0.0510126     -0.0568854      0.0502263     -0.0674308      0.0786944        0.02318     0.00787483        12.2934       -0.14758      0.0801715
      0.0997972     -0.0475315       0.102831     -0.0501174     -0.0104261      0.0214849     -0.0445347      0.0191635        0.01927     0.00960921        11.8229       0.175846     -0.0913227
       0.100521     -0.0467723       0.101768     -0.0493208     -0.0255185      0.0191187     0.00251177      0.0377287      0.0170917     0.00416468        11.7445      0.0435712       0.308988
      0.0991544     -0.0468607       0.100804     -0.0483422     -0.0231253      0.0234849     -0.0251594     0.00627052      0.0193089     0.00896906        10.8207       0.305113       0.138659
      0.0981388      -0.042914      0.0995382     -0.0464595     -0.0303882      0.0451867     -0.0113929      0.0536602     0.00455544      0.0124421         11.957    -0.00526698       0.162393
       0.098197     -0.0411993      0.0993147     -0.0455218    -0.00536317      0.0225042     -0.0299093       0.078316    -0.00144258      0.0245749        20.2083      -0.671103      -0.359195
       0.101069     -0.0457825      0.0991523     -0.0455058    -0.00389743     0.00038445      0.0496228      -0.033108     -0.0068641      0.0254667        18.2898       0.051601       0.177698
       0.100785     -0.0435167      0.0993371     -0.0450288     0.00443494      0.0114464      0.0113567      0.0286174     0.00585923    -0.00166441        15.6809     -0.0701114     -0.0429724
       0.100093     -0.0414147      0.0989288     -0.0443211      -0.009799      0.0169854      0.0241919      0.0396277    0.000959371    -0.00355209        17.0916     -0.0640836       0.106619
      0.0996435     -0.0423421      0.0988214     -0.0436987    -0.00257725      0.0149391     0.00626793   -0.000896301    0.000885819    -0.00277497        18.6185         0.4365     -0.0712786
       0.101314     -0.0403878      0.0993505     -0.0435843      0.0126985     0.00274453      0.0277762      0.0683428    -0.00186339    -0.00515987        13.4274      -0.191099     -0.0692442
       0.104378     -0.0417646       0.100694     -0.0437077       0.032233    -0.00296107      0.0505066       0.024795    -0.00023892     0.00989364        15.1355      -0.157701     0.00182484
        0.10378     -0.0431869       0.101402      -0.044154      0.0169957     -0.0107117       0.024191      0.0153946     0.00299785     0.00561689        13.5794       -0.12665      -0.161463
       0.105696     -0.0440171       0.102536     -0.0447421      0.0272187     -0.0141147      0.0454056       0.011239      0.0032892    -0.00317789        14.9313     -0.0485896     -0.0234257
       0.106563     -0.0440732       0.103853      -0.044589      0.0316086     0.00367427      0.0274678    -0.00714114     0.00954792    -0.00839342        13.7537       0.388357      -0.150817
       0.111479     -0.0408347       0.106454     -0.0439984      0.0624334      0.0141748      0.0686349       0.058483      0.0110665    -0.00983335        13.3236   -0.000476078      0.0511226
       0.111505      -0.041908       0.107951     -0.0440558      0.0359144     -0.0013774      0.0412139       0.030621      0.0168973     0.00415848        10.0085     -0.0516168       0.028108
       0.111688     -0.0434871       0.109262     -0.0446013      0.0314813     -0.0130918       0.024342      0.0217018      0.0161558     0.00643502        9.39511      -0.162113     -0.0746024
       0.112796     -0.0445496       0.110641      -0.045315      0.0330779     -0.0171282      0.0221864      0.0160657      0.0148126     0.00339578        10.4775      -0.198195      -0.133724
       0.118419     -0.0455402       0.113632     -0.0458923      0.0717811      -0.013856      0.0610628    0.000909054      0.0163417    -0.00360752        13.7692      0.0178765    -0.00548628
       0.117767     -0.0439231       0.114866     -0.0460087        0.02962    -0.00279352        0.03605      0.0372176      0.0217172     -0.0116638        13.2594     -0.0914034      0.0774888
       0.117139     -0.0443549       0.115897     -0.0462815      0.0247486    -0.00654781     0.00614545      0.0245578      0.0224281      -0.012032        13.5845      0.0615839     -0.0745061
        0.11822     -0.0440371       0.117048     -0.0466522       0.027616    -0.00889546      0.0111486      0.0460758      0.0193619     -0.0150426         12.751     -0.0858805      -0.080517
       0.117881     -0.0443555       0.117579     -0.0468616      0.0127432    -0.00502655     0.00122608      0.0340069      0.0207816     -0.0137255        14.4828     0.00785225     -0.0581341
       0.119307     -0.0447134       0.118575     -0.0472938      0.0239264     -0.0103729     0.00819606      0.0422084      0.0242058     -0.0156646        14.3606     -0.0545606      0.0179533
       0.117772     -0.0446544       0.118621     -0.0471619     0.00109953     0.00316474     -0.0152419      0.0279611      0.0268001      -0.016088         14.204        0.17711    -0.00634488
       0.117045     -0.0455529       0.118323     -0.0472549     -0.0071649     -0.0022316     -0.0129133      0.0181883      0.0268173     -0.0174663        11.6689       0.360161       0.126657
       0.114915     -0.0432517       0.117335     -0.0466605     -0.0237113      0.0142665     -0.0307554      0.0566053      0.0268035     -0.0119133        7.69455      0.0883057        0.14792
       0.114057      -0.045576       0.116367     -0.0468682     -0.0232295    -0.00498489     -0.0265629      0.0136832      0.0218433     0.00515472        11.7534       0.161266       0.190796
       0.113017     -0.0464168       0.115517      -0.047175     -0.0204071    -0.00736311     -0.0384043      0.0181216      0.0154214     0.00960921        18.7758     -0.0413854      -0.025111
       0.111671     -0.0480907       0.114298     -0.0476509     -0.0292457      -0.011423     -0.0338181    -0.00747437     0.00795266      0.0149169        16.7526     0.00970024      -0.101487
       0.109127     -0.0486962       0.112317     -0.0481638     -0.0475341     -0.0123096     -0.0341174    -0.00203562     0.00787756      0.0144913        17.5883      -0.084273     -0.0100854
       0.109094     -0.0490715       0.111337     -0.0484384       -0.02354    -0.00658974     -0.0270915     -0.0110115      0.0121895      0.0141541        18.1496      0.0126677     -0.0110114
       0.107515     -0.0488456        0.11021     -0.0489063     -0.0270265     -0.0112305     -0.0372173      0.0106856      0.0133726      0.0109081        11.5749      -0.183071      -0.110445
       0.108109     -0.0501459       0.109499     -0.0493709     -0.0170846     -0.0111505    -0.00858736     -0.0178946      0.0139333      0.0105358        10.5587      0.0631246      0.0965662
       0.105366     -0.0493862       0.108083     -0.0496089     -0.0339707    -0.00571123     -0.0364355     0.00910499      0.0179251     0.00444065        11.0714     -0.0231381      0.0236555
       0.106313     -0.0496069        0.10761     -0.0500513     -0.0113516     -0.0106167     -0.0119598      0.0106181      0.0156224     0.00508319        9.08253     -0.0818803       0.105608
       0.106306     -0.0505683       0.107369     -0.0506929    -0.00579339     -0.0153994     -0.0189332     0.00465959      0.0142982     0.00542675          10.41     -0.0677521     -0.0541267
       0.107183     -0.0508575       0.107156     -0.0513116    -0.00509673      -0.014849     0.00812788      0.0120336     0.00996027     0.00280474        10.2587      -0.118585       0.106194
       0.106695      -0.051656       0.106987     -0.0518066    -0.00406766     -0.0118783    -0.00868938    -0.00173715      0.0106452   -0.000510943        11.1838      0.0876534     -0.0452936
        0.10689     -0.0511402       0.106947     -0.0520804   -0.000968635    -0.00657186    -0.00106901      0.0170555     0.00683102    -0.00645245        10.4499      0.0688658     -0.0802064
       0.108432     -0.0502291       0.107229     -0.0520987     0.00676668   -0.000440419      0.0229637      0.0314533     0.00713084    -0.00404514        9.48414     -0.0439818       0.100479
       0.108315     -0.0503586       0.107332     -0.0521295     0.00249302   -0.000739306      0.0134935      0.0254508      0.0105601   -0.000766528        10.8938      -0.037679       0.106275
       0.109277     -0.0527811       0.107859     -0.0527191      0.0126269     -0.0141495      0.0169682    -0.00826881      0.0081552    -0.00137998         13.113       0.230279      0.0474284
       0.109686     -0.0527173       0.108138     -0.0532793     0.00670338     -0.0134456      0.0214904      0.0182717     0.00327728    -0.00285472         14.659       0.029597      0.0368596
       0.112109     -0.0511253       0.109105     -0.0529354      0.0232086      0.0082553      0.0423328      0.0282609     0.00132379     0.00477825        15.0028     -0.0735389      0.0921851
       0.111385     -0.0524722        0.10949     -0.0531025     0.00924325    -0.00401187      0.0180157     0.00526683    -0.00056615     0.00723063         14.385      0.0387462      -0.121459
        0.11322     -0.0531607         0.1109     -0.0538662       0.033847     -0.0183273       0.018197      0.0234944    -0.00404313     0.00517534        19.4992      -0.232109      -0.414737
       0.113196      -0.053179       0.111487     -0.0538135       0.014078     0.00126484      0.0244411   -0.000392987   -0.000247623      0.0051056        15.3217      0.0400494      -0.295432
       0.113123     -0.0532868        0.11237     -0.0544362      0.0211853     -0.0149453     0.00287929      0.0286768      0.0169092    -0.00290383        16.4363       -0.17289      -0.310351
       0.113294     -0.0528746       0.112824     -0.0548301      0.0109123    -0.00945398      0.0170974      0.0337038      0.0298015    -0.00329663        21.6615      -0.267729      0.0962245
       0.113679     -0.0543503       0.114171     -0.0552576      0.0323299     -0.0102599     -0.0229626      0.0024078      0.0414804    -0.00849773        19.4715       0.111643      -0.100309
       0.114152     -0.0523109       0.114582     -0.0554288     0.00985748     -0.0041095     0.00626366      0.0587229      0.0383816      -0.020107        19.3391      -0.176649       0.311145
       0.113125     -0.0507884       0.115102     -0.0549244       0.012486       0.012106      -0.043978      0.0542575      0.0417391     -0.0151798        18.1987     -0.0323312     0.00509079
       0.113623     -0.0525188       0.115239     -0.0550993     0.00328302    -0.00419676     -0.0176166      0.0269856      0.0307458     -0.0202931        15.5192       0.248902       0.138998
       0.114945     -0.0515078       0.115519      -0.054862     0.00672555     0.00569415    -0.00468289      0.0495001      0.0291452     -0.0221256        11.9396       0.219372       0.257734
       0.113433     -0.0518305       0.115378     -0.0547115    -0.00340497     0.00361329     -0.0390272      0.0384174      0.0245584     -0.0131202        12.1444       0.268742     -0.0627647
       0.113136     -0.0523678       0.114916     -0.0545356     -0.0110677     0.00422037     -0.0218058      0.0301596      0.0141257    -0.00296105        9.41919       0.228115     -0.0473817
       0.114078     -0.0520109       0.114812     -0.0544123    -0.00250214     0.00295946    -0.00658686      0.0451061      0.0162104      0.0105911        13.0149      -0.132508      0.0378646
       0.112105     -0.0540072       0.113843     -0.0544162     -0.0232581   -9.40561e-05       -0.02033    -0.00359745      0.0180632      0.0193308        15.2538      0.0712349      0.0752417
       0.113147      -0.055632       0.113563     -0.0547627    -0.00671911    -0.00831556     0.00226373     -0.0150353      0.0177939      0.0152706        18.0006       0.173965       0.240045
        0.11246     -0.0552557       0.113259     -0.0547179    -0.00730401     0.00107601     -0.0167939    -0.00757535      0.0150598      0.0159335        21.2568       0.152668      0.0244916
       0.113781     -0.0556787       0.113245     -0.0550983    -0.00033778    -0.00912961      0.0125715    0.000494926     0.00509081      0.0232025        29.3498     -0.0948615      0.0957455
       0.115037     -0.0572561       0.113567     -0.0561265     0.00774068     -0.0246786      0.0192531    -0.00315447     0.00351581      0.0298948         38.795      -0.386477       0.038063
       0.115101     -0.0600873       0.113823     -0.0571855     0.00614512     -0.0254162      0.0121084     -0.0502842   -0.000588442      0.0256466        33.3375     -0.0055972      -0.129259
       0.115524     -0.0596933       0.114486     -0.0583721      0.0159091     -0.0284784     0.00271579   -0.000943402    -0.00199642      0.0097097        25.0847      -0.277477      -0.412917
       0.115373     -0.0616193       0.115159     -0.0591188      0.0161582     -0.0179201    -0.00757174     -0.0552479     0.00212846     0.00741659        23.5463       0.372285      -0.582712
       0.121297     -0.0637119       0.117221     -0.0609642      0.0494825     -0.0442882      0.0777614      -0.024164      0.0195632    -0.00108958        25.5019       0.199522       0.163188
       0.119256     -0.0625092       0.117724     -0.0622184      0.0120785     -0.0301023       0.021423      0.0215725      0.0431847      0.0114441        24.5093      -0.361724       0.381658
        0.11755     -0.0661501       0.118001     -0.0642498     0.00664401     -0.0487526     -0.0118542     -0.0184054      0.0376861      0.0219507        28.1327      -0.391902       0.300946
       0.118761     -0.0712426       0.118932     -0.0664685      0.0223498     -0.0532483      -0.014997     -0.0821206      0.0190176     0.00986289         25.126       0.285372     0.00389151
       0.122519     -0.0716849       0.120659     -0.0688497      0.0414314     -0.0571489      0.0174334     -0.0153994     0.00621579    -0.00796605        23.9526     -0.0141807      -0.128986
       0.122866     -0.0691205       0.121657     -0.0694098      0.0239639     -0.0134431     0.00613315      0.0123319     0.00604174     0.00204371        20.6491       -0.10199      -0.300959
       0.122256     -0.0718317       0.121797     -0.0707495     0.00334257     -0.0321531      0.0116518     -0.0169208      0.0117826     0.00478863        19.9482      0.0863552     -0.0905203
       0.121773     -0.0742544       0.121864     -0.0727423     0.00162506     -0.0478277     0.00249984     -0.0075083      0.0239962     0.00018667        21.2638     -0.0481222       0.093069
        0.12051     -0.0815665       0.121801     -0.0767751    -0.00151885     -0.0967859     -0.0214182     -0.0537892      0.0278823     0.00193738        30.0042     -0.0174949      0.0532427
       0.120613     -0.0808364       0.121817     -0.0785733    0.000388205     -0.0431573     -0.0155659     -0.0184883      0.0239995     0.00115608         23.255     -0.0889443        0.10242
       0.120718     -0.0813505       0.121829     -0.0802216     0.00028199     -0.0395606     -0.0168528    -0.00538973      0.0213321    0.000415552        23.7263      -0.123045      0.0734203
        0.12121     -0.0828466       0.121904     -0.0819892     0.00181264     -0.0424209    -0.00972677    -0.00327453      0.0170781    -0.00354398         23.408      -0.104615      0.0702013
         0.1219     -0.0890464       0.122239     -0.0857556     0.00802553     -0.0903946    -0.00939497     -0.0313297      0.0141037    -0.00857962        30.5926     -0.0774914     -0.0356385
       0.122067     -0.0876916         0.1225     -0.0871752     0.00626582     -0.0340703     -0.0109491     0.00177217      0.0112934     -0.0128766         28.113     -0.0245249      -0.142376
       0.124422     -0.0879498         0.1231     -0.0887646      0.0143986     -0.0381451      0.0281489      0.0254358      0.0117482     -0.0160411        27.5947      -0.157188       0.173708
       0.123452     -0.0887476       0.123332     -0.0901462     0.00557828     -0.0331584    -0.00629925      0.0267432      0.0188865     -0.0171087        30.6114     -0.0977862      0.0178498
       0.124214      -0.092426       0.123689     -0.0923366     0.00856841     -0.0525692     0.00907629    0.000867523      0.0134152     -0.0232608        29.0727        0.11149      0.0815296
       0.124764     -0.0913516       0.124205     -0.0930265       0.012387     -0.0165571     0.00150515      0.0261385      0.0119527     -0.0276317        27.4064       0.242756     -0.0462413
       0.124412     -0.0898718       0.124517     -0.0932929     0.00747997    -0.00639421    -0.00909013      0.0576974     0.00927839     -0.0240728        23.4433       0.109043      -0.218255
       0.125039     -0.0915739       0.124925     -0.0940528     0.00979435     -0.0182372     0.00111432        0.03833      0.0101001     -0.0134249        24.9082      0.0916036       -0.17284
       0.126751      -0.090796       0.125507     -0.0942179      0.0139527    -0.00396341      0.0268174      0.0590364      0.0187686    -0.00837291        26.5203      -0.154176       0.168251
       0.126425     -0.0941817       0.126174     -0.0954303      0.0160282     -0.0290975    -0.00617547      0.0176264      0.0256016      -0.005659        31.2716     -0.0275625      0.0277249
       0.126296     -0.0920589       0.126417      -0.095197      0.0058161     0.00559974   -0.000529996      0.0486795      0.0184638     -0.0121814        26.5757     -0.0743911      0.0933483
       0.127132     -0.0910667       0.126969     -0.0949618      0.0132623     0.00564462    -0.00217134        0.05639      0.0168309     -0.0138319        26.3216     -0.0657945      0.0280037
       0.127654     -0.0887766       0.127501     -0.0941442      0.0127662      0.0196221    -0.00299524      0.0779075      0.0132957     -0.0165502        24.9085      -0.114636     -0.0598947
       0.126595     -0.0882142       0.127502     -0.0929214    2.39611e-05       0.029348     -0.0187081      0.0465374      0.0122664     -0.0194217        24.8201       0.322308      -0.199248
       0.126901     -0.0855842       0.127343     -0.0918686    -0.00382805      0.0252673     0.00327305      0.0996476      0.0136163     -0.0237272        20.6068     -0.0112045      0.0602044
       0.127305     -0.0868367       0.127338     -0.0915573   -0.000110507     0.00747102     0.00516865      0.0619484      0.0236656    -0.00854279        21.6704      0.0334152       0.237435
       0.125631     -0.0874389       0.126906     -0.0908784     -0.0103741       0.016293     -0.0215454      0.0366573      0.0229788    -0.00683714        19.7073       0.291652       0.112689
       0.123696     -0.0852041       0.126147     -0.0900014     -0.0182061      0.0210482     -0.0404834      0.0771775      0.0229788    -0.00683714        18.7943    -0.00998872      -0.149434
       0.125753     -0.0850454       0.125863     -0.0892007    -0.00681138      0.0192164      0.0136686      0.0545892      0.0229788    -0.00683714        19.7541     -0.0280354       0.184262
       0.125133     -0.0851017       0.125533     -0.0884425     -0.0079304      0.0181959    -0.00887162      0.0421207      0.0229788    -0.00683714        19.1261      0.0349004      0.0636214
       0.124688     -0.0816813       0.125163     -0.0867359    -0.00888813      0.0409595    -0.00632638      0.0708075      0.0229788    -0.00683714         16.548     -0.0833795    -0.00253255
       0.124851     -0.0824626       0.124797     -0.0859928    -0.00876778      0.0178354     0.00471047      0.0416707      0.0229788    -0.00683714        19.1603      0.0420923      0.0381815
       0.123661     -0.0819596       0.124282     -0.0853745     -0.0123798      0.0148373      -0.012536      0.0490633      0.0229788    -0.00683714        18.2073     -0.0172081      -0.135556
       0.123802     -0.0810817       0.124011      -0.084625    -0.00649112       0.017988   -0.000575554      0.0479977      0.0229788    -0.00683714        17.0546     -0.0252902      -0.117633
       0.120719     -0.0794112       0.122848     -0.0834729     -0.0279034      0.0276513     -0.0318761      0.0533867      0.0229788    -0.00683714        15.3557     -0.0027402      -0.247147
       0.119867     -0.0778939       0.121869     -0.0823834     -0.0234988      0.0261474     -0.0183049      0.0628125      0.0229788    -0.00683714        15.7869     -0.0834301     -0.0567644
        0.11953     -0.0784131       0.121314     -0.0819443     -0.0133247      0.0105391     -0.0207514      0.0470018      0.0229788    -0.00683714        17.0241     -0.0520865      0.0385237
       0.118565     -0.0773402       0.120772     -0.0812455     -0.0130205      0.0167704     -0.0302121      0.0546263      0.0229788    -0.00683714        16.9351     -0.0661939      0.0345346
       0.117512     -0.0773979       0.120011     -0.0806728     -0.0182474      0.0137463     -0.0316682      0.0379308      0.0229788    -0.00683714        14.4575       0.117794      0.0617594
       0.116632     -0.0759341       0.119197     -0.0798872     -0.0195547      0.0188538     -0.0330232      0.0561929      0.0229788    -0.00683714        12.8955      0.0715796      0.0653416
       0.117511     -0.0766968       0.119072     -0.0797254    -0.00297725     0.00388259     -0.0218184      0.0414846      0.0229788    -0.00683714         13.557      0.0828194      0.0340481
       0.116673     -0.0748855       0.118432     -0.0788646     -0.0153782      0.0206594     -0.0222042      0.0585932      0.0229788    -0.00683714         12.845     -0.0469122      0.0363672
       0.115609     -0.0735029       0.117583     -0.0777236     -0.0203687      0.0273841     -0.0246126      0.0550925      0.0229788    -0.00683714        12.1464     -0.0317975      0.0321481
       0.116507     -0.0745534       0.117342     -0.0772821    -0.00577605      0.0105969    -0.00779822      0.0312652      0.0229788    -0.00683714         14.358       0.111558       0.087194
       0.117139     -0.0742633       0.117373     -0.0769551    0.000737965     0.00784707    -0.00427669       0.040233      0.0229788    -0.00683714        15.5917      0.0353357      0.0398315
        0.11697     -0.0741222       0.117201     -0.0765766    -0.00414187     0.00908375    -0.00327761      0.0328268      0.0229788    -0.00683714        18.6836      0.0451388     0.00252198
       0.117967     -0.0735115       0.117555     -0.0759019     0.00851172      0.0161925     0.00233017      0.0293781      0.0229788    -0.00683714        19.0108       0.101711     -0.0814296
       0.118858     -0.0746136       0.117996     -0.0758474      0.0105917     0.00130945      0.0110094      0.0150067      0.0229788    -0.00683714        24.2435       0.140162     -0.0720435
        0.11914     -0.0725005       0.118276     -0.0756663     0.00671357     0.00434554      0.0131742      0.0662746      0.0229788    -0.00683714        26.0286      -0.464981     0.00378107
       0.117879     -0.0747009       0.118421     -0.0759453     0.00348347    -0.00669605     -0.0181724      0.0086906      0.0229788    -0.00683714        20.7441      -0.198316      -0.234361
       0.117736     -0.0755066       0.118397     -0.0763044   -0.000591338    -0.00861847    -0.00602316     0.00818862      0.0229788    -0.00683714        19.5815    -0.00918982      -0.127014
        0.11884     -0.0734593       0.118338     -0.0763986    -0.00141817    -0.00225985      0.0231699      0.0530485      0.0229788    -0.00683714        19.3367      -0.231587       0.332811
       0.117157     -0.0743193       0.118207     -0.0767853    -0.00314569    -0.00928062     -0.0240363      0.0304065      0.0229788    -0.00683714        18.5967     -0.0100162       0.111483
       0.115885     -0.0733352       0.118087      -0.076967    -0.00286388    -0.00436252     -0.0433064      0.0587896      0.0229788    -0.00683714        16.7761     -0.0548092      -0.258444
       0.117638     -0.0731583        0.11827     -0.0771197     0.00438541    -0.00366479    -0.00280568      0.0566773      0.0229788    -0.00683714         17.626     -0.0157999      -0.105453
       0.118061     -0.0745073       0.118122     -0.0771558    -0.00355321   -0.000865638     0.00865907      0.0231503      0.0229788    -0.00683714        18.3787       0.356401       0.158245
       0.117635     -0.0736625       0.118016     -0.0778301    -0.00253415     -0.0161821    -0.00397333      0.0845075      0.0229788    -0.00683714        16.4914      -0.172767       0.220099
       0.117564     -0.0733057       0.118037      -0.077521    0.000484407     0.00741827    -0.00910906      0.0529359      0.0229788    -0.00683714         20.212     -0.0186985        0.13697
       0.118486     -0.0737004       0.118267     -0.0775729     0.00552517    -0.00124776     0.00113273      0.0580254      0.0229788    -0.00683714        24.3941     -0.0414008      0.0574127
       0.118876     -0.0758699       0.118209     -0.0781799     -0.0013833     -0.0145671      0.0113613      0.0275183      0.0229788    -0.00683714        26.8368       0.170974      0.0708349
       0.119307     -0.0748398       0.118166     -0.0781156    -0.00103283     0.00154281      0.0180153      0.0501619      0.0229788    -0.00683714        26.6768       0.126134      0.0825537
       0.119643      -0.075216       0.118061     -0.0783936    -0.00251484     -0.0066703      0.0257481      0.0504776      0.0229788    -0.00683714        29.1176      0.0166161       0.124939
       0.119967     -0.0760121       0.118143     -0.0783801     0.00195551    0.000323832      0.0236494      0.0277564      0.0229788    -0.00683714        34.4437       0.177769        0.02946
        0.12083     -0.0765077       0.118164     -0.0784334    0.000517309    -0.00128013       0.043708      0.0273842      0.0229788    -0.00683714        39.1411       0.184901        0.14441
       0.119055      -0.076394       0.118223     -0.0784274     0.00139886    0.000143588    -0.00899038      0.0334001      0.0229788    -0.00683714        38.1055      0.0601114      -0.483446
       0.119404     -0.0753881       0.118215      -0.078259    -0.00017935     0.00404119      0.0208594      0.0519137      0.0229788    -0.00683714        37.5359      -0.271589      -0.396732
       0.119728     -0.0751615       0.118271     -0.0779236     0.00134575     0.00804931      0.0277519      0.0378033      0.0229788    -0.00683714        36.8826      -0.269347      -0.135954
        0.11981     -0.0772845       0.118258     -0.0781815   -0.000308454    -0.00618964      0.0353131     0.00108947      0.0229788    -0.00683714        32.8796      0.0607331       0.279771
        0.11722     -0.0757821       0.118167     -0.0782128     -0.0021928   -0.000749588     -0.0270318       0.042694      0.0229788    -0.00683714        19.4548     -0.0390186     -0.0426794
       0.118373     -0.0747472       0.118392     -0.0780108     0.00540072     0.00484836     0.00511939       0.046702      0.0229788    -0.00683714        20.4092     -0.0375056      0.0925337
       0.116867      -0.076207       0.118068     -0.0782128    -0.00777841    -0.00484836     -0.0239971      0.0212927      0.0229788    -0.00683714        19.2287       0.205424       -0.11542
        0.11804     -0.0761231       0.118243     -0.0784481     0.00421053    -0.00564766    0.000418744      0.0390856      0.0229788    -0.00683714        19.6748      0.0959337     -0.0267796
       0.118307     -0.0754515       0.118249      -0.078334    0.000143766     0.00273871      0.0040421      0.0448918      0.0229788    -0.00683714        17.9406     -0.0205246      0.0792893
       0.118389     -0.0758284       0.118226      -0.078249   -0.000570416     0.00203884     0.00536761      0.0335724      0.0229788    -0.00683714        16.6219     -0.0116945       0.166528
       0.118609     -0.0762917       0.118278     -0.0782462     0.00125349     6.9201e-05     0.00475783      0.0267138      0.0229788    -0.00683714        18.6628      0.0308456       0.154596
       0.118326     -0.0762606       0.118105     -0.0781078    -0.00414276     0.00331986     0.00224162      0.0240485      0.0229788    -0.00683714        19.3891      0.0979268      0.0752716
       0.117936     -0.0753122       0.118243      -0.078288     0.00331682    -0.00432444      -0.017777       0.058892      0.0229788    -0.00683714        20.2057      -0.304014      -0.340755
       0.118547     -0.0764497       0.118254     -0.0782119    0.000250876      0.0018273     0.00814685      0.0119741      0.0229788    -0.00683714        20.1275      0.0328143      -0.241274
       0.118003     -0.0747072       0.118252     -0.0781731   -3.37958e-05    0.000931621    -0.00536825      0.0646602      0.0229788    -0.00683714        20.8981      -0.294619      -0.226021
        0.11787     -0.0749583       0.118261     -0.0781046    0.000207782     0.00164384    0.000835525      0.0370784      0.0229788    -0.00683714        22.0418     -0.0938747    -0.00738525
       0.117223     -0.0755374       0.118164     -0.0782977    -0.00232816    -0.00463647    -0.00991261      0.0363242      0.0229788    -0.00683714        23.9151      0.0537376       0.130323
       0.116823     -0.0748703       0.118182     -0.0785173    0.000433087    -0.00526857     -0.0202429      0.0578716      0.0229788    -0.00683714        19.0183    -0.00780382       0.136393
       0.116769     -0.0743297        0.11822     -0.0783501    0.000899971     0.00401187     -0.0229681      0.0543895      0.0229788    -0.00683714        16.7844      0.0936784      0.0723418
       0.117345      -0.073792        0.11819     -0.0780115   -0.000700414      0.0081262    -0.00895455      0.0584395      0.0229788    -0.00683714        16.2983       0.132181       0.131304
       0.118113     -0.0749647       0.118214     -0.0782287    0.000557542    -0.00521314     0.00138606      0.0463581      0.0229788    -0.00683714         16.137       0.153409        0.18828
       0.117601     -0.0753608       0.118036     -0.0780812     -0.0042581      0.0035398     -0.0101077      0.0341384      0.0229788    -0.00683714        18.3415       0.266695      0.0370378
       0.117871     -0.0749556       0.118255     -0.0782173     0.00525874    -0.00326568      -0.014858       0.060631      0.0229788    -0.00683714        26.9549      -0.105665      -0.249854
       0.119834     -0.0761858       0.118193     -0.0780265    -0.00149506     0.00457925      0.0425084      0.0150701      0.0229788    -0.00683714        20.4241       0.118286       0.244498
       0.118648     -0.0769302       0.118289     -0.0782376     0.00231081    -0.00506616    -0.00770951      0.0227686      0.0229788    -0.00683714        18.4382      0.0449921     -0.0770983
       0.118224     -0.0759052        0.11819     -0.0782108    -0.00239128    0.000642478    0.000465632       0.042439      0.0229788    -0.00683714        19.3415      -0.213111      -0.115543
       0.119271     -0.0769129       0.118318     -0.0782753      0.0030908    -0.00154638      0.0185064      0.0134251      0.0229788    -0.00683714          20.18     -0.0480275      0.0306958
       0.117565     -0.0764619       0.118249     -0.0782213    -0.00165993     0.00129551      -0.021624       0.026425      0.0229788    -0.00683714        17.2144     -0.0230084      -0.276335
       0.117986     -0.0763206       0.118107     -0.0783541    -0.00341302    -0.00318736     0.00799824      0.0314137      0.0229788    -0.00683714        17.8098     -0.0549045     -0.0199426
       0.117007     -0.0759128       0.118019     -0.0783333    -0.00211304    0.000499427     -0.0195813      0.0357792      0.0229788    -0.00683714        16.3438     -0.0493886      -0.115615
       0.117509      -0.075721       0.118245     -0.0784132     0.00542074    -0.00191921    -0.00850849      0.0413972      0.0229788    -0.00683714        17.1601       -0.09128     -0.0195108
       0.117218     -0.0756006       0.118218     -0.0782766   -0.000644445     0.00328052      -0.012217      0.0339906      0.0229788    -0.00683714        17.4277      0.0334947      0.0662403
        0.11631     -0.0755452       0.118157     -0.0782984    -0.00145662   -0.000524104     -0.0314872      0.0400968      0.0229788    -0.00683714        14.1648      0.0608398     -0.0501233
       0.116697     -0.0746789       0.118233     -0.0781609      0.0018146     0.00329965     -0.0208135      0.0542105      0.0229788    -0.00683714        13.7817      -0.045667    -0.00783271
       0.117007     -0.0749001       0.118308     -0.0781889     0.00180173   -0.000671625     -0.0176164      0.0483246      0.0229788    -0.00683714        15.2616     -0.0703741      0.0420847
       0.116722     -0.0754527       0.118281     -0.0783781   -0.000654638     -0.0045417     -0.0234485      0.0426435      0.0229788    -0.00683714        14.8827      -0.047444      0.0244356
        0.11707     -0.0747071       0.118308     -0.0781895     0.00064373     0.00452811     -0.0157462      0.0498914      0.0229788    -0.00683714        14.8647     -0.0299131      0.0804403
       0.117014     -0.0748069       0.118212     -0.0781316    -0.00228989     0.00138849     -0.0162952      0.0452592      0.0229788    -0.00683714        14.7145      0.0523445       0.095088
       0.117335     -0.0749967       0.118234     -0.0782039    0.000534832    -0.00173521     -0.0130616      0.0463092      0.0229788    -0.00683714        13.5788       0.076572      0.0795879
       0.117121     -0.0747673       0.118167     -0.0781521    -0.00162613     0.00124365     -0.0180799      0.0497214      0.0229788    -0.00683714         14.605      0.0628722     -0.0258232
       0.117899     -0.0760206       0.118089     -0.0783271    -0.00185931    -0.00420034      0.0034758      0.0283715      0.0229788    -0.00683714        16.7187       0.189037       0.114302
       0.118025     -0.0751524       0.118098     -0.0781901    0.000211358     0.00328696    -0.00256722      0.0499159      0.0229788    -0.00683714        15.8605      0.0172473      0.0669414
       0.117468     -0.0757699       0.118043     -0.0783694    -0.00131732    -0.00430316     -0.0139918       0.041021      0.0229788    -0.00683714        18.7253     -0.0802175      -0.116631
       0.118589     -0.0766246       0.118094     -0.0784499     0.00121397    -0.00193065       0.013868      0.0225435      0.0229788    -0.00683714        18.6752      0.0187198      0.0554422
       0.118594     -0.0758476       0.118259     -0.0781561     0.00397611     0.00705099     0.00065808      0.0325201      0.0229788    -0.00683714        15.3305       0.038502     -0.0303428
       0.118843     -0.0763646       0.118275     -0.0782218    0.000363529    -0.00157624      0.0123922      0.0255996      0.0229788    -0.00683714        15.7131      0.0711837      0.0855211
       0.118224     -0.0768015       0.118235     -0.0784757   -0.000961304    -0.00609469    -0.00465434      0.0277558      0.0229788    -0.00683714        17.2417     0.00373917     -0.0411643
       0.118454     -0.0764302       0.118271     -0.0784365    0.000871539    0.000940382     0.00311945      0.0309996      0.0229788    -0.00683714        16.9002     -0.0537843     -0.0381806
       0.118853     -0.0756939       0.118163     -0.0780443    -0.00257725     0.00941437      0.0164019      0.0316781      0.0229788    -0.00683714        15.9368      -0.031607       0.131929
       0.119072     -0.0770202       0.118279     -0.0784103     0.00277948     -0.0087837      0.0100604      0.0203724      0.0229788    -0.00683714         17.318     0.00157446       0.102834
       0.117884     -0.0758602       0.118135     -0.0780789    -0.00345612     0.00795329     -0.0115272      0.0312722      0.0229788    -0.00683714        16.3516      0.0244263      -0.155821
       0.118773     -0.0763572       0.118193     -0.0783112     0.00138062    -0.00557578      0.0119747      0.0316589      0.0229788    -0.00683714        17.8976     -0.0477674     -0.0742409
       0.118998     -0.0764961       0.118229     -0.0783238    0.000858843   -0.000303626      0.0127775      0.0244475      0.0229788    -0.00683714        16.6384      0.0115588    -0.00529466
       0.118069     -0.0761543       0.118099     -0.0781765    -0.00312012     0.00353694    -0.00282919      0.0280973      0.0229788    -0.00683714        16.6301      0.0463403     -0.0655707
        0.11863     -0.0761257       0.118201     -0.0782026     0.00244814   -0.000627458     0.00962194      0.0320146      0.0229788    -0.00683714          16.05    -0.00597373      0.0416644
