     -0.0221987      0.0582772      -0.076071      0.0156704       0.646467       0.511281       0.646467       0.511281    3.65409e-05    -9.6679e-06        69.0811       0.568197      -0.354874
      -0.078557      0.0104547     -0.0759281      0.0157211      0.0677319      0.0522223       0.046613      0.0509476    0.000280085    0.000395405        166.283      -0.450397       0.331919
     -0.0761388      0.0133385     -0.0760968      0.0155948        0.00313     0.00249405     -0.0124334     -0.0591182      0.0141763      0.0228016        157.644      -0.074189       0.215176
     -0.0790503     0.00935937     -0.0768581       0.014343     -0.0161298     -0.0267881     -0.0361915     -0.0756663     0.00532204      0.0126793        166.268       0.195292       0.013124
     -0.0784507     0.00964569     -0.0768682      0.0134307     -0.0018312     -0.0223854     -0.0291165     -0.0479922    -0.00445491     0.00606881        141.657       0.196431        -0.2366
     -0.0752465      0.0127493     -0.0766238      0.0134344     0.00509514     -0.0021586      0.0360528     0.00745479    -0.00460475      0.0144077        148.307      -0.247773       0.178611
     -0.0735496     0.00937326     -0.0762957      0.0123763      0.0075965     -0.0230713      0.0485103     -0.0504879     0.00432486      0.0233559        139.583     0.00660914       0.469314
     -0.0754916     0.00500987     -0.0767452      0.0107983    -0.00894989     -0.0363921      0.0123553     -0.0937602    -0.00181621      0.0142052        139.296        0.46823       0.259844
     -0.0753941     0.00804772     -0.0765638      0.0103551     0.00302243     -0.0132105      0.0037555    -0.00712655     -0.0220733      0.0127182        167.469     -0.0919424       -0.13969
     -0.0717922     0.00582963     -0.0755694      0.0102542      0.0217816    -0.00350046      0.0549973     -0.0869758     -0.0368832       0.031891        149.464       0.466361      -0.131061
     -0.0660677      0.0011126     -0.0731994     0.00807558        0.05337     -0.0474093       0.101254     -0.0882877     -0.0316728      0.0315636        345.292       0.300282      0.0394994
     -0.0686186    0.000307165     -0.0727124     0.00707582      0.0158573     -0.0263357       0.041494     -0.0875621     -0.0255401      0.0465189        149.469       0.149767      -0.258266
     -0.0657491     -0.0010214     -0.0717867     0.00579855       0.021581     -0.0302227       0.105753      -0.081974     -0.0257804      0.0607623        135.956       -0.23482       0.309396
     -0.0669878      -0.005715      -0.070612     0.00358088      0.0275306      -0.050924      0.0215233      -0.131084      -0.016798      0.0660169        169.719     -0.0995231      -0.272707
     -0.0619638     -0.0129402       -0.06828   -0.000632401      0.0531254     -0.0960992      0.0957047      -0.160615     -0.0219488      0.0609262        154.248      -0.142384        0.01469
     -0.0610523     -0.0152994     -0.0662746    -0.00239906      0.0486277     -0.0477698      0.0521969      -0.201948     -0.0162954      0.0528594        165.089       0.556159      -0.298084
     -0.0581918      -0.014667     -0.0642704      -0.004226      0.0481544     -0.0442388      0.0917264      -0.122909     -0.0150645      0.0482678          321.7       0.158355      0.0214866
     -0.0600288     -0.0142599      -0.062923    -0.00661001      0.0339198     -0.0559186       0.013618     -0.0676111    -0.00416511      0.0690644         242.23      -0.633087      -0.431439
     -0.0525901     -0.0268491     -0.0596202     -0.0131936       0.074733      -0.147798       0.114713      -0.172132    -0.00365537       0.077397        174.184      -0.766895       0.235391
     -0.0517445     -0.0295908     -0.0578091     -0.0170923      0.0465911     -0.0989905      0.0802382      -0.163878      0.0120985      0.0509142         147.94      -0.586236       0.385406
     -0.0521435     -0.0295803     -0.0566185      -0.020128      0.0303778     -0.0754705      0.0571226      -0.121624     0.00396353      0.0169195        106.536      -0.372254       0.373559
     -0.0522531     -0.0310648     -0.0550945     -0.0229543      0.0359544     -0.0685945      0.0133523      -0.118951     -0.0154892     -0.0136069        114.535       0.184743      -0.193885
     -0.0418773     -0.0393309     -0.0506819     -0.0286131      0.0989079      -0.129091       0.122258      -0.143327     -0.0306483     -0.0270773        94.2726       0.609269      0.0221306
     -0.0379392     -0.0404379     -0.0483394     -0.0319009      0.0604898     -0.0839252       0.157864      -0.106921     -0.0233808     -0.0196284        495.896       0.661424       0.566696
     -0.0402331     -0.0449833     -0.0467932     -0.0359964      0.0394463     -0.0968548      0.0596056      -0.101691     -0.0232239     0.00740873        115.079       0.370751     -0.0501701
     -0.0353559     -0.0515156     -0.0447115     -0.0407527      0.0489102      -0.112421       0.147241      -0.125688     -0.0454834      0.0351511        130.647    -0.00631063       0.376112
     -0.0226992     -0.0713459     -0.0383365     -0.0519139       0.142591      -0.252324        0.20265      -0.225811     -0.0455211      0.0495541        197.783       -0.46286       0.328907
     -0.0239247     -0.0716649     -0.0359804     -0.0572143       0.065151      -0.139722       0.138302      -0.173174     -0.0585274      0.0519941        157.102      -0.649963      -0.111323
     -0.0220751     -0.0764408     -0.0326603      -0.062475      0.0782285      -0.127603       0.117976      -0.191151     -0.0720964       0.031803        131.395      -0.306174      -0.572284
     -0.0135184     -0.0769335     -0.0286996     -0.0673351      0.0933733      -0.117738       0.231862     -0.0890797     -0.0677568     0.00408291        97.3098      -0.748365      0.0275625
    -0.00540553     -0.0871466     -0.0210913     -0.0759291       0.173678      -0.197405        0.15746      -0.126206     -0.0437298    -0.00873317        105.168       -0.73497      -0.772647
    -0.00548272     -0.0897644     -0.0181798       -0.08098      0.0802556      -0.128839       0.182847      -0.118099     -0.0422161     -0.0373182        82.8823      -0.197782      -0.285083
    -0.00145195       -0.09295     -0.0139225      -0.085935      0.0999832      -0.119913       0.162868     -0.0861852     -0.0131761     -0.0687547        70.6155       0.201527     -0.0426861
     0.00275971     -0.0920861    -0.00917967     -0.0901662       0.112443      -0.103385        0.15622      0.0101275     0.00611252     -0.0828306        67.8204     -0.0237713       0.227201
      0.0125895      -0.105028    -0.00155809     -0.0984566        0.17587      -0.189412        0.16748     -0.0738183     0.00669223      -0.073152        72.1524        0.22737       0.119638
       0.015382      -0.105734     0.00305771      -0.102636       0.117288      -0.109215       0.155742      -0.014333     -0.0021947     -0.0723645        65.9446       0.139366       0.189057
      0.0193592      -0.106713     0.00764702      -0.106341       0.110858     -0.0909458       0.145975      0.0240601    -0.00736779     -0.0651261         62.927      -0.084814       0.150688
      0.0255049      -0.109802      0.0126935      -0.109987       0.120089     -0.0878588       0.164898      0.0232202     -0.0147819     -0.0582968        77.5623      -0.158752       0.202492
      0.0413146      -0.115967       0.022236      -0.114181       0.218129     -0.0993727       0.237673     -0.0189459     -0.0213917     -0.0613669        84.1493       0.111757       0.180559
      0.0395214      -0.113316       0.026664      -0.115231       0.117457     -0.0326075       0.131073       0.037083     -0.0308612     -0.0693456        65.8724       0.175324      -0.554207
      0.0474915      -0.110591      0.0315115      -0.115414       0.116451    -0.00722404       0.246912       0.076028     -0.0373687     -0.0659831        61.8363       0.112679       0.395846
      0.0484268      -0.110425      0.0363343      -0.115289       0.115817     0.00197483       0.114475      0.0610969     -0.0167436     -0.0580431         52.079       0.331302      -0.420312
       0.062704      -0.107524      0.0449435      -0.114115       0.197542      0.0255617       0.240153      0.0975832     -0.0295743     -0.0530527        44.7426        0.18312     -0.0214016
      0.0665812      -0.105561      0.0508485      -0.112973       0.147302      0.0272284       0.189765       0.110013     -0.0156376     -0.0397643        42.2692     -0.0441657      -0.145074
       0.066723      -0.106069      0.0553842      -0.111808         0.1127      0.0278864       0.126337      0.0668526     -0.0128457     -0.0319636        44.7164       0.168873      -0.436744
      0.0704681       -0.10412      0.0599702      -0.110354       0.110328       0.034193       0.134482      0.0899599    -0.00712388     -0.0311884        35.7727     0.00740224      -0.249437
      0.0881629     -0.0977198       0.070517      -0.106547       0.238843      0.0856563       0.221251       0.111039     0.00994748     -0.0267174        35.1696      0.0321134      0.0177083
      0.0872382     -0.0961248      0.0751058      -0.104168       0.123002      0.0599367       0.146133       0.104402      0.0204214        -0.0253         25.737     0.00112606       0.108321
      0.0892644     -0.0940547      0.0798344      -0.101721       0.114438      0.0588487       0.109175      0.0989218      0.0200121     -0.0246781        24.6095    -0.00645904      0.0782592
      0.0938978     -0.0911765      0.0848757     -0.0988554       0.120337      0.0677882        0.10389      0.0945396      0.0149841     -0.0245185        21.2748       0.081446      0.0186197
       0.110069      -0.080327      0.0949536     -0.0927099       0.229716       0.139522         0.1727       0.158695      0.0119264     -0.0245165        23.1471    -0.00488821      -0.136406
       0.110055     -0.0777865      0.0997436     -0.0892783       0.126436      0.0880758       0.112743       0.156272      0.0101504     -0.0219823        20.5154      -0.258041      -0.298766
       0.113392     -0.0767976       0.104135     -0.0861202       0.107508      0.0770209       0.123892        0.10879      0.0148838     -0.0217513        24.5729     -0.0517382      0.0852651
       0.115962     -0.0729821       0.108205     -0.0827319      0.0986483      0.0808897      0.0923719       0.127007      0.0272202     -0.0313029        17.7408     -0.0727439        0.18478
       0.124274     -0.0623456       0.115299     -0.0760301       0.163094       0.152849      0.0821833       0.163812      0.0252124     -0.0346551        26.3239       0.181679      -0.281828
       0.125391     -0.0589713       0.118855      -0.071884      0.0931161        0.10484       0.078998       0.170783      0.0171164     -0.0362811        19.7387      0.0182626      -0.133233
       0.128077      -0.057919       0.122258     -0.0681049      0.0828193      0.0921123      0.0736289        0.11329      0.0273294     -0.0305543        17.2076       0.332624      0.0877468
       0.128345     -0.0542042       0.124717     -0.0642829      0.0614085      0.0917669      0.0377065       0.132027      0.0362126      -0.026742        12.6005       0.187962       0.121222
       0.133204     -0.0429886        0.12856     -0.0570779      0.0891481       0.164804      0.0507862       0.177437      0.0335643     -0.0140714        9.61123      0.0496246       0.142907
       0.132756     -0.0429111       0.130302     -0.0532049      0.0465292       0.100139      0.0212898       0.121567      0.0278886    -0.00535823        7.57653       0.113517      0.0609151
       0.134123      -0.041059       0.132085     -0.0493888      0.0431631      0.0924405      0.0197919      0.0984865      0.0220473    -0.00412084        5.50841        0.13602      0.0359633
       0.136105     -0.0370668       0.133671     -0.0453199      0.0385795      0.0971327      0.0317665       0.102983      0.0196664   -4.03047e-05         4.9374     0.00765983       0.154493
       0.139832     -0.0252116       0.136343     -0.0377233      0.0615873         0.1738      0.0349894       0.151033      0.0183165     0.00589489        7.71462     -0.0616548      0.0327092
       0.138007     -0.0291125       0.137532     -0.0341859      0.0318404      0.0937875     -0.0204416       0.027973      0.0116573     0.00770723        6.23808      -0.017054     -0.0820329
       0.139471     -0.0234375       0.138899     -0.0307054      0.0327087      0.0845578     0.00908432      0.0981886      0.0101267     0.00540208        9.16611     -0.0703185     -0.0813806
       0.141836     -0.0195146       0.140048     -0.0272801      0.0280831      0.0824421      0.0232627      0.0927259      0.0126167     0.00433861        10.5431     -0.0444364      -0.024485
       0.142936     -0.0106313       0.141977        -0.0208      0.0444792       0.148214    -0.00980409       0.112751      0.0163476      0.0016899        16.5632       0.155391      -0.384762
       0.143556    -0.00896417       0.142718     -0.0174543      0.0204578      0.0870897      0.0190587       0.109833       0.017674   -0.000342977        10.8141     -0.0336618     -0.0682433
       0.143417    -0.00646267       0.143514     -0.0139681      0.0192215      0.0840095    -0.00574394      0.0910451      0.0334892     0.00488673        11.0786     -0.0786783     0.00679743
       0.143371    -0.00405775       0.143597      -0.010959     0.00372234      0.0733985      0.0105519      0.0887023      0.0402557      0.0066682        13.9024      -0.208328       0.434402
       0.140999     0.00302547       0.143719    -0.00555595     0.00301732       0.124046     -0.0585417      0.0905619      0.0396796     0.00292741        13.7506       0.109805     -0.0328363
       0.141967     0.00410495       0.143756    -0.00252037     0.00109288      0.0779731     -0.0198265      0.0745864      0.0222127     -0.0054319        9.98931       0.231821      0.0752522
       0.142975     0.00671022       0.144085    0.000645924     0.00720609      0.0761893     -0.0197624      0.0709834      0.0217834       -0.00245        8.06679       0.226934    -0.00338365
       0.142754     0.00882983       0.144013     0.00328836   -0.000819515      0.0646956     -0.0185415      0.0730715      0.0206445     0.00809585        7.00658     -0.0153297     -0.0190576
       0.140896       0.013224       0.143099     0.00729525      -0.019839      0.0930182     -0.0276655      0.0641716      0.0204316      0.0178254        6.21462        0.03835      0.0176263
       0.141453      0.0106197       0.142568     0.00896444     -0.0134539      0.0453565     -0.0132991     -0.0056292      0.0208575      0.0202163         7.0117      0.0413922      -0.013781
       0.140178       0.013791       0.141676      0.0112233     -0.0206122      0.0533269     -0.0105257      0.0345782      0.0208526      0.0203267        7.29074      0.0158556        0.12553
       0.137645      0.0162188       0.140726      0.0132638     -0.0225798      0.0494075     -0.0490919      0.0327697      0.0209003      0.0213942        8.84728     -0.0152907     -0.0419109
       0.133332      0.0204395       0.138418      0.0164734     -0.0520936      0.0742671      -0.067196      0.0443167      0.0171863      0.0221778         8.0115     -0.0515356      -0.121883
       0.134657      0.0191511       0.137589      0.0176768     -0.0231366      0.0334202     -0.0284749     0.00850677      0.0176415      0.0221246         7.0866      0.0491849      0.0824241
       0.133216      0.0179974       0.136276      0.0183027     -0.0306626      0.0168618     -0.0376237      -0.011544      0.0223525      0.0209077        9.68475       0.102548       0.114282
       0.131949      0.0182017       0.134884      0.0188241     -0.0331272      0.0129499     -0.0326318    -0.00859828       0.019392      0.0220692        10.6539    -0.00962656       0.191058
       0.127822      0.0182221       0.132258      0.0191798     -0.0600418      0.0089765     -0.0546652     -0.0135392      0.0145223      0.0262705        10.7156      -0.110338       0.132334
       0.129167      0.0152568       0.131176      0.0184208     -0.0293812     -0.0154949     -0.0156227     -0.0490675     0.00646204      0.0266281        13.4175      0.0207184       0.256059
       0.128231      0.0155309       0.129944       0.017614     -0.0295493     -0.0189774     -0.0246255     -0.0115429    0.000557843      0.0223783        10.3254      -0.400734      0.0314923
       0.127239      0.0134762       0.128721      0.0166094     -0.0293623     -0.0235979      -0.019935     -0.0489256    -0.00918108       0.021826        8.77778      -0.170041       -0.16326
       0.126162     0.00907278       0.127613      0.0138906     -0.0268795     -0.0610845     -0.0206922     -0.0586708     -0.0108462     0.00683581        7.33242      -0.119151      -0.335465
       0.126148      0.0112715        0.12677      0.0131927     -0.0208968     -0.0211835     0.00126549     -0.0182499    -0.00456553    -0.00530494        7.80404      -0.166101      -0.151661
       0.126745       0.011176        0.12659      0.0125223    -0.00598039     -0.0165997     0.00876488     -0.0228904      0.0096305    -0.00930156        13.9554      0.0759097      0.0282187
       0.126151       0.010044       0.125955      0.0113391      -0.014296     -0.0272164      0.0149169     -0.0138334      0.0159524     -0.0155439        12.3899       0.113081       0.322995
       0.124608     0.00910189       0.125531     0.00991602     -0.0106028     -0.0334604     -0.0205212     0.00157502      0.0148941     -0.0138749        13.7072     -0.0699846      0.0523033
       0.126313     0.00845554       0.125682      0.0089942     0.00220086     -0.0232574       0.013366    -0.00275224     0.00161642    -0.00845886        14.0596      -0.078618       0.105826
       0.127796     0.00783974       0.126179     0.00833387      0.0109565     -0.0165887      0.0190546    -0.00700218    -0.00111073     -0.0100542        19.6144      0.0451247    -0.00821843
       0.129226     0.00845735       0.126606     0.00798603      0.0103251    -0.00917229       0.040726      0.0117291    -0.00531894     -0.0144763        22.2051     -0.0085755       0.097789
       0.129357     0.00782557       0.126966     0.00788118     0.00880588    -0.00318193      0.0289398     -0.0102106    -0.00567013     -0.0138114        24.1137       0.291803     -0.0279504
       0.133249      0.0108116       0.129014     0.00819031      0.0451171      0.0063589      0.0498911      0.0571611    -0.00845998     -0.0134167        21.9233      -0.264107      -0.172866
       0.133741     0.00782113        0.13028     0.00831966      0.0318686     0.00342998      0.0374353     -0.0352087     -0.0083664    -0.00208379        26.2859       0.452734      -0.336942
       0.135112     0.00902184       0.131395     0.00819004      0.0272534    -0.00245687      0.0566323      0.0312639     -0.0014258    -0.00973321        12.1249     -0.0404509      -0.066759
       0.136006      0.0102865       0.133435     0.00872284      0.0468015      0.0112628      0.0140907      0.0236525       0.012806     0.00497686         12.306      -0.180406      -0.390119
       0.136272     0.00833428       0.134248     0.00848921      0.0222334    -0.00392015      0.0369122    -0.00725088      0.0192114      0.0106994        13.1814      -0.052053    -0.00513109
       0.138411     0.00943547       0.135522     0.00883835      0.0297463      0.0071494      0.0499527      0.0092612      0.0339696     0.00215195        14.2796     -0.0738047        0.43281
       0.135591      0.0117189       0.136244     0.00962128      0.0185593      0.0176262     -0.0354897      0.0314186      0.0351169   -0.000915897        10.4581      -0.145407      -0.132072
       0.137798      0.0114737       0.137213      0.0101641      0.0227997      0.0134874      0.0120228      0.0063715      0.0175664      -0.003096        10.7404       0.135264      0.0303573
       0.140786      0.0140935       0.139163      0.0116537      0.0443876      0.0335237     0.00884921      0.0264214      0.0205523    -0.00915207        15.4555       0.253681      -0.145633
       0.140837      0.0148995       0.139734      0.0123777      0.0167878       0.018991      0.0183993      0.0378787      0.0213708    -0.00505961        8.30883      0.0760026      0.0453194
       0.139988      0.0142532       0.140004      0.0128659     0.00750904      0.0124447    -0.00347983      0.0156834      0.0262454     0.00778483        4.34075      0.0629327      0.0505771
       0.140986      0.0126577       0.140743      0.0127101      0.0167122    -0.00212022     0.00136889   -0.000325984        0.02533      0.0112147        5.34514     0.00672283      0.0794421
       0.140698      0.0112138       0.140835      0.0125649     0.00364554     -0.0033493    -0.00138019     -0.0251763      0.0233306       0.012939        7.43266        0.14896       0.127323
       0.140183      0.0109772       0.140666      0.0124161    -0.00327671    -0.00354968    -0.00651642     -0.0181322      0.0197771       0.013608         11.022      0.0768028       0.120535
       0.138552      0.0106442       0.140295      0.0122063    -0.00834919    -0.00488518     -0.0346531     -0.0194241      0.0143912      0.0192612        14.7505     -0.0366539      -0.203488
       0.136854     0.00889912       0.139236      0.0110568     -0.0237009     -0.0253186     -0.0298134     -0.0182354     0.00950295      0.0230265         15.333      -0.302787      -0.198936
       0.137817     0.00769169       0.138919      0.0102333    -0.00922227      -0.020319    -0.00575374     -0.0358169      0.0156849       0.022724        13.2822       -0.20804      0.0367648
       0.135565     0.00675464        0.13792     0.00951933      -0.022503     -0.0174538     -0.0316219     -0.0439042      0.0240907       0.010223        7.34586      0.0519543      0.0384095
       0.133123     0.00721381       0.136945     0.00880131     -0.0232996     -0.0172547     -0.0597315     -0.0154214      0.0238437    0.000814426        5.51072    -0.00599485       -0.19168
       0.131639     0.00714274       0.135152     0.00811501     -0.0410706     -0.0165496     -0.0295845     -0.0088152      0.0220135      0.0023527        8.18474     -0.0517072       0.174612
       0.131469     0.00656931       0.134402     0.00752602     -0.0202892     -0.0143771     -0.0391132     -0.0126927      0.0281017     0.00299274        8.15334      0.0074741       0.159388
        0.13097     0.00428945       0.133457     0.00649784      -0.022448     -0.0236463     -0.0280693     -0.0355467       0.022867     0.00179433        5.57047       0.233163       0.223741
       0.131025     0.00588151       0.132895     0.00619434     -0.0143801    -0.00892017     -0.0268922     0.00884143      0.0139564     0.00145065        6.70973     -0.0689778      0.0931288
       0.128509     0.00527338       0.131484     0.00590179     -0.0319193    -0.00721108     -0.0450107     -0.0106027     0.00469309     0.00944577        7.05883     -0.0154927      -0.172078
        0.12969     0.00427887       0.130848     0.00551308     -0.0169295    -0.00911741    -0.00593656     -0.0191082     0.00125331     0.00866221        3.50167       0.070354    -0.00972422
       0.128922     0.00463723       0.130176     0.00530212     -0.0162187    -0.00546831     -0.0178533     -0.0049859     0.00716943     0.00709974         2.8249     -0.0221931      -0.081125
       0.127848     0.00497088       0.129476     0.00528635      -0.016736   -0.000887546     -0.0218963    -0.00334189     0.00839991     0.00893043         2.0836      -0.052951      -0.120191
       0.126482     0.00552953       0.128409     0.00524433     -0.0247233   -0.000996364     -0.0197425     0.00977094      0.0115278     0.00893437        3.50582      -0.196743    -0.00490158
       0.126227     0.00538703       0.127887     0.00528942     -0.0137344    0.000874297     -0.0202925     -0.0029193      0.0172886     0.00696276        4.21847     -0.0640291      0.0319639
       0.125864     0.00592922        0.12725     0.00547337      -0.015147     0.00406064     -0.0128839     0.00395106      0.0179313     -0.0010878        5.82004      0.0276226       0.148181
       0.125796     0.00604415       0.126911     0.00567925    -0.00883166     0.00485305     -0.0152167    -0.00127646      0.0172409    -0.00428249        2.68182       0.207172       0.105839
        0.12376     0.00940903       0.125788     0.00709309     -0.0251312      0.0310243     -0.0279762      0.0312201      0.0109105    -0.00345613         3.2304       0.133608    -0.00573946
       0.124449     0.00864445       0.125419     0.00741453     -0.0104883      0.0100457     -0.0105332      0.0149462     0.00650817     0.00507079         2.8025      0.0942975     -0.0113056
         0.1246     0.00746671        0.12503     0.00756176    -0.00946399     0.00418469    -0.00309854    -0.00520113      0.0060634      0.0112375        2.93814       0.123061     0.00700023
       0.124149     0.00695528       0.124793     0.00755072    -0.00605102    0.000179927     -0.0128008    -0.00591401     0.00628859      0.0161236        5.51556    -0.00149527      -0.133253
       0.124971     0.00727683        0.12474     0.00790218    -0.00175126     0.00760968      0.0095614      -0.010223     0.00653893      0.0208524         5.8466     -0.0285231      0.0213016
       0.125264     0.00730754       0.124852     0.00802061       0.002235     0.00331899     0.00594276    -0.00843606      0.0119435      0.0213598        6.62265       -0.11433      0.0445861
       0.125437     0.00631644       0.124925     0.00794064     0.00180627    -0.00139555     0.00891526     -0.0291924      0.0121787      0.0203267        4.68811      0.0431732      0.0952695
       0.125964     0.00672038       0.125333      0.0079841     0.00898171    0.000799366     0.00408484     -0.0170103      0.0105103      0.0155612        6.92068      0.0150042     -0.0176263
         0.1282      0.0081642       0.126434     0.00840664      0.0246904     0.00920668      0.0205923    -0.00126595     0.00601548      0.0159048        5.44054     -0.0916693     -0.0619932
       0.128281      0.0079775       0.126813     0.00838617      0.0106444    0.000478607      0.0197087    -0.00450825     0.00494689      0.0172957        3.43512      -0.145127     -0.0304545
       0.128591     0.00751679       0.127368     0.00828365      0.0130523    -0.00216657      0.0134791     -0.0131601     0.00712508      0.0148311        3.45388     -0.0662923     -0.0624244
       0.129315     0.00880791       0.128082     0.00856682      0.0167342      0.0058997      0.0139935     0.00522456     0.00869304     0.00853347        5.33592      -0.106599     -0.0694192
       0.131178     0.00987921       0.128793     0.00951414      0.0170389      0.0210521      0.0428741     -0.0100096      0.0113128     0.00550436        9.90009       0.238403       0.265731
       0.130331      0.0111461       0.129096      0.0100709     0.00825449      0.0141303      0.0107778      0.0177667      0.0139737     0.00179623        9.41259       0.109337       0.134637
        0.12955      0.0111166       0.129314      0.0104167     0.00551567     0.00888402    -0.00681569     0.00881775     0.00442535     0.00999593        10.7146      0.0411246      -0.160717
       0.132135      0.0105805       0.129911      0.0105685      0.0134526      0.0041674      0.0406386     0.00022948    -0.00431138      0.0180607        8.52209     -0.0180538       0.112061
       0.133636      0.0100315       0.131024      0.0105661      0.0253995     0.00036319      0.0283322     -0.0075103     0.00119382      0.0192571        8.09814     -0.0569131     -0.0210587
       0.133448     0.00981899        0.13141      0.0106388      0.0108737      0.0016064      0.0273921     -0.0139011    -0.00134414      0.0191222         7.3641     -0.0126931     -0.0157786
       0.133708      0.0101111       0.131829      0.0107809      0.0101344     0.00323117       0.024771     -0.0104461    -0.00176853       0.017046        7.61583    -0.00141416     -0.0220657
       0.134076      0.0107041       0.132332      0.0108533      0.0118693     0.00188744      0.0215286     0.00183604    -0.00160497      0.0161236        7.41425      -0.122011      -0.058484
       0.135821      0.0105395       0.133562      0.0108992      0.0277595     0.00117916      0.0245252    -0.00776866    9.12272e-06      0.0160786         7.2362     -0.0554707      -0.149104
         0.1348      0.0105582       0.133824      0.0107893      0.0084382    -0.00225596     0.00916959    -0.00158487      0.0024857      0.0110205        7.00609     -0.0750428      -0.197536
       0.135251       0.011143        0.13411      0.0108942     0.00701719     0.00204116      0.0228002     0.00349086     0.00863177     0.00820218        9.10292     -0.0632194      0.0522119
       0.134703      0.0115636       0.134496      0.0109356     0.00904832     0.00109689    -0.00334133      0.0101335      0.0168745     0.00560259         9.2817     -0.0752262     -0.0280709
       0.134469      0.0111058       0.134723      0.0106858     0.00580169    -0.00528445    -0.00480577     0.00608596      0.0157546     0.00289451        10.5785     -0.0360046     -0.0145974
        0.13512      0.0114656       0.135273      0.0104997      0.0124554    -0.00454904    -0.00620203      0.0184796      0.0157411    7.02023e-05        12.9498      -0.111935     -0.0530158
       0.135801      0.0115609        0.13572      0.0104376       0.010905    -0.00179591     0.00178096      0.0148909      0.0157853    -0.00146188        14.1403     -0.0459241      0.0315308
       0.135193      0.0122293       0.135839      0.0104833     0.00367122    0.000807529     -0.0126312      0.0271408      0.0176925    -0.00614775        15.9436     -0.0643188     -0.0115807
       0.136264      0.0128196       0.136052      0.0109299     0.00495434     0.00972661      0.0110112      0.0193503      0.0175851    -0.00835444          18.72        0.12115       0.228799
       0.137429      0.0133951        0.13632      0.0114966     0.00628772      0.0132149      0.0220658      0.0199179      0.0174198     -0.0104407        21.5441       0.274198       0.422203
       0.136904      0.0154111       0.136381      0.0121622      0.0019555      0.0156974   -0.000114599      0.0549538     0.00814623    -0.00666524        25.7843     -0.0375382       0.170582
       0.138654      0.0155509       0.136717      0.0128164     0.00745135      0.0157013      0.0294915      0.0355294    -0.00931567     0.00483762         23.331     -0.0601182       0.155193
       0.139298      0.0139245       0.137838      0.0132526       0.024942      0.0109923    -0.00702132    -0.00604274      -0.016568      0.0050994        30.4447       0.323515      -0.629828
       0.142632      0.0150776       0.138619       0.013694      0.0193815      0.0106318      0.0756665      0.0278617     -0.0229667     0.00159787         24.906      0.0507292     -0.0604999
       0.140581      0.0163021       0.139251      0.0147642      0.0155843      0.0241802    -0.00341852      0.0151466     0.00133509      0.0128388        10.2184      0.0670546      -0.489528
       0.141369      0.0151152        0.13967      0.0153088      0.0105964      0.0141807      0.0396938     -0.0137378     0.00571531      0.0166801        12.3089       0.256355      0.0145029
       0.141124      0.0151685       0.140294      0.0153137      0.0145548     0.00152477     0.00844278     0.00828378      0.0237584      0.0183632        11.3871     -0.0750968      0.0869974
        0.14068      0.0140201        0.14102      0.0151238        0.01713    -0.00394927     -0.0133484     -0.0149273       0.024396      0.0285162         11.927      -0.154521     -0.0183279
       0.138702      0.0129452       0.140399      0.0148979     -0.0117004     -0.0052741     -0.0198929     -0.0303885      0.0204521      0.0276756        11.3744     -0.0728384      0.0836063
       0.139386      0.0117923       0.141148      0.0144244      0.0150079     -0.0107554     -0.0394006      -0.041095      0.0194532      0.0194615        10.6099       0.070703      -0.225296
       0.140166      0.0111318       0.141291      0.0134556     0.00460035     -0.0220012     -0.0091458      -0.022446      0.0168522      0.0157392        11.3927      -0.106061     -0.0146551
       0.138961      0.0107585       0.140749      0.0127727     -0.0112542     -0.0169522     -0.0198635     -0.0246326      0.0245681      0.0181507         12.687       -0.13471       0.144719
        0.13721     0.00791821       0.140222      0.0112855     -0.0125088     -0.0338183     -0.0467846      -0.047365      0.0258551      0.0152175          11.53     0.00518817      0.0210792
       0.134962     0.00636034       0.139072       0.009914     -0.0261018     -0.0330058     -0.0576965     -0.0473979      0.0226167     0.00967275        12.2663       0.097702     -0.0631028
       0.132272     0.00145407       0.137047     0.00709955     -0.0463352     -0.0640926     -0.0556806     -0.0742048      0.0207282      0.0090593        19.2272       0.203561       0.074301
       0.132041    0.000622151       0.136277     0.00540697     -0.0212836      -0.042969     -0.0613758     -0.0571815      0.0220202      0.0134157        16.5777       0.108663     -0.0577794
       0.129925   -0.000832517       0.134694     0.00370094     -0.0363059     -0.0411471     -0.0618881     -0.0535746      0.0209839      0.0221144        20.7366      -0.021554     -0.0547708
       0.129812     -0.0031763       0.133427      0.0018211     -0.0309949     -0.0447193     -0.0364438     -0.0623102      0.0218205      0.0267347        20.8986     -0.0668573       0.197664
       0.125073    -0.00503398       0.130431    -0.00117476     -0.0678137     -0.0691824     -0.0613492     -0.0161581      0.0239424      0.0263114        22.8187      -0.793138        0.32508
       0.122802    -0.00806916       0.128739    -0.00254335     -0.0433362       -0.03648     -0.0919935      -0.104252      0.0174215      0.0226951        18.3081       0.116253      -0.121279
       0.122198    -0.00839819       0.127169    -0.00376413     -0.0382556     -0.0300168      -0.064891     -0.0675744     0.00337035    -0.00964118        8.46912       0.455621      -0.218852
       0.122628     -0.0041084       0.125903     -0.0037299     -0.0311551    -0.00226217     -0.0336642      0.0102717     0.00431639     -0.0153231        8.54493       0.106143     -0.0337378
       0.115783    -0.00542712       0.122357    -0.00451317     -0.0797147     -0.0171449     -0.0844535      -0.008365      0.0140145       0.006204         14.875     -0.0123913     -0.0723166
       0.115202    -0.00842224       0.120552    -0.00608149     -0.0469554     -0.0355901     -0.0622994     -0.0228582      0.0159811      0.0118265        13.0288      -0.179654      0.0623975
       0.114011     -0.0115916        0.11895    -0.00780354     -0.0393081     -0.0407553     -0.0641786     -0.0521769      0.0177711      0.0103497        12.3334     -0.0495389      0.0409371
       0.113664     -0.0116145       0.117658    -0.00877298     -0.0318249     -0.0250156     -0.0474719     -0.0347719      0.0166938     0.00297021        11.9427     -0.0349702       0.120996
         0.1098     -0.0107116       0.114772    -0.00945068     -0.0655368     -0.0171399     -0.0537443    -0.00851663      0.0150474    -0.00119187        12.8377      -0.167994       0.287565
       0.108937     -0.0113893       0.113557    -0.00969124     -0.0327817    -0.00690998      -0.071724     -0.0363385     0.00893194    -0.00273825        10.5625       0.237085      -0.100953
       0.109901    -0.00902085       0.112308    -0.00968555     -0.0302583   -0.000568226      -0.017507      0.0248112     -0.0027315    -0.00899483        7.58529      -0.136351       0.137345
       0.108664    -0.00984105        0.11098     -0.0099441     -0.0317133     -0.0056413     -0.0303711     -0.0015693   -9.81656e-05    -0.00154175        3.53182     -0.0466367       0.035976
       0.104101     -0.0102681       0.108114     -0.0102166     -0.0650872     -0.0064502     -0.0457185    0.000702314    -0.00371331     -0.0042416        5.71807     -0.0352861      0.0349321
       0.103963    -0.00967983       0.106771     -0.0102252     -0.0355118   -0.000831661     -0.0343015     0.00938362    -0.00556427    -0.00735856        6.06847     -0.0462879     -0.0437695
       0.103575    -0.00939899       0.105852     -0.0102068     -0.0234048    0.000314418      -0.031226      0.0190739    -0.00675743    -0.00863875        6.24161     -0.0530158     -0.0997048
       0.102194    -0.00883099       0.104816    -0.00992393     -0.0247056     0.00614203     -0.0321495      0.0104638    -0.00647086     -0.0106167        6.49264     0.00282816      -0.115809
        0.10035    -0.00813424        0.10292    -0.00970804     -0.0434337     0.00527748     -0.0237628      0.0244131    -0.00212806     -0.0130035        9.03141     -0.0408308      0.0117354
       0.100229    -0.00745336       0.102225    -0.00925924     -0.0193479      0.0102218     -0.0262725      0.0214785     0.00252492     -0.0131406        10.3929      0.0382225     -0.0293214
      0.0993405    -0.00646362       0.101137    -0.00885479     -0.0254329     0.00975837     -0.0168027      0.0367221     0.00299186     -0.0140467        10.4897     -0.0596517      0.0796954
      0.0990669    -0.00603655       0.100323    -0.00821365     -0.0201385      0.0148244     -0.0109636      0.0233442     0.00325936     -0.0138135        11.2334       0.085772       0.157925
      0.0956909    -0.00218587      0.0987582    -0.00657766     -0.0358074      0.0368198     -0.0479374      0.0650965     0.00116128     -0.0150776         12.084      -0.105987      -0.138657
      0.0973089    -0.00217381      0.0981017    -0.00570379     -0.0177623      0.0225576     0.00437744      0.0422309    -0.00600248     -0.0135559        8.36186     -0.0168872        0.14724
      0.0972679   -0.000537432      0.0976765    -0.00435928     -0.0109602      0.0312972    -0.00661727        0.04819    -0.00201422     -0.0162475        10.1597       0.036519      0.0543711
      0.0962681    0.000532485      0.0969711    -0.00333675     -0.0163338      0.0252164     -0.0091189       0.052188    -0.00625306      -0.017401        8.60358     0.00549189      -0.031229
      0.0964723      0.0044279       0.096418   -0.000765705     -0.0135786      0.0580563     0.00759064      0.0599733    -0.00865954     -0.0167425         11.717       0.144096      0.0599706
      0.0980139     0.00410736      0.0964346    0.000481834    -0.00100027      0.0327525      0.0299604        0.03997    -0.00851458     -0.0162699        9.99134       0.270929       0.224694
      0.0978392     0.00549138      0.0964703     0.00192875    0.000671967      0.0345286      0.0136851         0.0479    -0.00953883     -0.0103693        10.9009        0.14042       0.023291
      0.0984779     0.00626812      0.0965592     0.00313272     0.00198632      0.0294587      0.0278644      0.0438774     -0.0198013     0.00256513        14.7226     -0.0524936     -0.0146558
       0.102363     0.00780233      0.0977887     0.00532793      0.0267554      0.0503623      0.0698057      0.0154175     -0.0212774     0.00863157        13.1698       0.220074       0.177401
       0.102888     0.00745525      0.0988018     0.00614534      0.0245585      0.0226924      0.0453292      0.0176085     -0.0211341     0.00712024        14.3529      0.0722173     -0.0986835
       0.104614     0.00895492       0.100044      0.0076619      0.0292804      0.0350268      0.0600297      0.0113343      -0.026234      0.0139965        15.1858      0.0425991      -0.147183
       0.104881     0.00991473       0.101236     0.00873924      0.0286846      0.0267734      0.0368906      0.0175854     -0.0241187      0.0180054        11.5086      -0.172734      -0.422442
       0.112183      0.0121767       0.104857      0.0106374      0.0810777      0.0436779       0.102144      0.0107777     -0.0176044      0.0189973        8.18008     -0.0838146      -0.123907
        0.11149      0.0122362       0.106521      0.0115941       0.044052      0.0250323      0.0586868     0.00139303     0.00148017      0.0135954        8.73546     -0.0112891      -0.121646
       0.113388      0.0137793       0.108306       0.012695      0.0429524      0.0262823      0.0780211      0.0126564     0.00666148     0.00939678        8.33735     -0.0539758       0.293493
       0.113419      0.0142069       0.110357      0.0134635      0.0486053      0.0192288      0.0180726     0.00538663      0.0104367     0.00905298        3.17231     -0.0307823      -0.136387
       0.120728      0.0169493       0.114383      0.0150328       0.091822      0.0358183      0.0813879       0.022845    1.06724e-05     0.00719188        7.30243     -0.0638416    -0.00879005
       0.120636      0.0165033       0.116194      0.0155635      0.0483028      0.0150462      0.0501493     0.00800689       0.003694     0.00557588        5.43628     -0.0146584     -0.0604649
       0.120792       0.016605       0.117666      0.0160529      0.0366333      0.0120746      0.0367641      0.0041461     0.00495524     0.00306224         5.3881      0.0216169     -0.0442714
       0.122433      0.0172208       0.119122      0.0166894      0.0350988      0.0149555      0.0474066     0.00278013     0.00708765     0.00172054        6.74873      0.0782434       0.163415
       0.125612      0.0195542       0.121662       0.017934       0.058389      0.0283789      0.0416102      0.0208581     0.00877697     0.00197839        5.73943     0.00220097      0.0384754
       0.125221      0.0195088       0.122766      0.0185936      0.0296806      0.0170861      0.0254411      0.0078397     0.00345534      0.0049318        4.34926       0.024327     -0.0587494
       0.125428      0.0198098       0.123493      0.0190776      0.0186748       0.012164      0.0256857      0.0110581     0.00164563     0.00559031        3.75364     -0.0746482     0.00123578
       0.126197      0.0202505       0.124477      0.0195795      0.0231186      0.0120562      0.0179878     0.00809919     0.00265462     0.00626539        4.06791      -0.107532      -0.050347
       0.127819      0.0205071       0.125724      0.0202008      0.0292441      0.0146253      0.0254607    -0.00385027     0.00297827     0.00462304        5.51937      0.0532491     -0.0238882
       0.125975      0.0208279       0.125669       0.020427     0.00173061     0.00634872    0.000845276     0.00711944     0.00516314   -0.000711334        4.49148     -0.0140424     -0.0596414
       0.125564      0.0222728       0.125775       0.021123     0.00247375      0.0156691    -0.00398891       0.015753     0.00621838     8.4269e-05        4.74828     -0.0695394     -0.0501854
       0.124783      0.0218917       0.125709      0.0213354    -0.00119072     0.00615482      -0.015792      0.0048035     0.00877148    0.000341999         5.2574     -0.0237136     -0.0962013
       0.124864      0.0219433       0.125684      0.0216128   -0.000661093      0.0066078    -0.00845304     0.00109024      0.0109567    -0.00184239        5.93771      0.0489849      0.0104924
       0.122181      0.0226661       0.124398      0.0221066     -0.0278275      0.0113259     -0.0237536     0.00457086      0.0146948    -0.00310827        7.85475      0.0939519       0.145524
       0.120483      0.0227547       0.123431      0.0224609     -0.0236797      0.0087861      -0.041752    0.000699652      0.0150694    -0.00208975        7.26079       0.128478      0.0474666
       0.118896      0.0233282        0.12237      0.0227039     -0.0252827      0.0061261     -0.0504072      0.0143841     0.00891298     0.00247716        6.67851     -0.0829943      -0.114386
       0.116461       0.022979       0.120217      0.0229839     -0.0490432     0.00666182     -0.0368492    -0.00450459     0.00631708     0.00776647        7.97984     -0.0215308       0.115846
       0.116244      0.0222997       0.119195      0.0231189      -0.026963      0.0035818     -0.0372956     -0.0176759     0.00978917     0.00578879        6.19559       0.115396       0.101604
       0.114773      0.0227503       0.117841      0.0233181     -0.0319424      0.0046614     -0.0390414    -0.00749148     0.00701946     0.00408076        5.45771      0.0668937      0.0522304
       0.114657      0.0231047       0.116776       0.023492     -0.0262095     0.00422303     -0.0216941    -0.00357031     0.00236982     0.00778483        4.53609      -0.034009        0.11902
        0.11204       0.023618       0.115038      0.0241248     -0.0401596      0.0140892     -0.0399154     -0.0141873    9.78144e-05      0.0109408        5.17114       0.066634      -0.015018
       0.112209      0.0228748       0.114052      0.0240434     -0.0253231   -0.000349029     -0.0187795     -0.0163127    -0.00371509      0.0113274        5.29534      0.0282504      0.0157001
       0.111915      0.0228776       0.113112      0.0242441     -0.0228235     0.00429961     -0.0111709     -0.0226226    -0.00542456      0.0124849        6.19732      0.0675862      0.0388885
       0.110737      0.0231963       0.112131      0.0245225     -0.0234741     0.00644333     -0.0183171     -0.0201766    -0.00544661      0.0139925        6.74073      0.0423845     -0.0540231
       0.107837      0.0222093       0.110222      0.0241738     -0.0435833    -0.00688763     -0.0254824     -0.0253596    -0.00591045      0.0166248        9.52366     -0.0422975     -0.0275558
       0.108016      0.0208419       0.109439      0.0237812     -0.0212736     -0.0091687     -0.0152339     -0.0456785    -0.00585252      0.0188705        7.94719      0.0683977     -0.0227948
       0.108084      0.0202015        0.10916      0.0230734    -0.00815219     -0.0162045     -0.0186091     -0.0328284    -0.00510579      0.0180931        7.21977      -0.104473      -0.176831
       0.107775      0.0192662       0.108599       0.022567     -0.0129276     -0.0125596    -0.00560905     -0.0499493    -0.00339621      0.0188806        6.71055      0.0171544     -0.0669759
       0.106522      0.0171809       0.107725      0.0209743     -0.0201824     -0.0356569     -0.0104847     -0.0413742     0.00357324      0.0161135         10.481      -0.174262      0.0514058
       0.105737       0.016935       0.107171      0.0201309     -0.0139874     -0.0217829     -0.0188112     -0.0413928     0.00655252      0.0155713        8.21282      -0.172704      0.0387885
       0.104972      0.0159562       0.106555      0.0193819     -0.0146861     -0.0183583     -0.0205513     -0.0534424      0.0055452     0.00950097        6.49721      0.0744319      0.0173245
       0.104446       0.015398       0.106061      0.0183513     -0.0121489     -0.0240967     -0.0233668      -0.035725     0.00364811     0.00177788        6.52931      0.0421901     -0.0621163
       0.104605      0.0142315       0.105714      0.0171209    -0.00870807     -0.0289857     -0.0123015     -0.0344313     0.00274664     0.00378846        4.62435     -0.0109707     -0.0176188
       0.104516      0.0138354       0.105491       0.016255    -0.00569524     -0.0216024     -0.0134548     -0.0284378     0.00378114     0.00714885        5.25363     -0.0697583      -0.027917
       0.104147      0.0134173       0.105115      0.0151529    -0.00869469     -0.0259645       -0.01024     -0.0116176     0.00450009     0.00715696        7.79263      -0.295652      0.0361972
       0.104345      0.0115701       0.104849      0.0143243    -0.00660848     -0.0204952    -0.00156824     -0.0492897     0.00567979     0.00465761        10.5171       0.103305       0.158296
       0.103665     0.00964243       0.104725      0.0129463    -0.00334617      -0.031814     -0.0221294     -0.0458592     0.00534588    -0.00721146        6.99218       0.264467     -0.0632703
       0.104031      0.0128244       0.104821      0.0131039     0.00174254     0.00022287     -0.0145655     0.00748543   -0.000825938    -0.00511087        6.32237     -0.0188836      -0.173743
       0.104799      0.0122716       0.104946      0.0127879     0.00288114    -0.00680435    0.000821292    -0.00565067    -0.00195938     0.00531636        4.34439     -0.0706008     -0.0726247
       0.104632      0.0116743       0.104992      0.0123786      0.0012801    -0.00951962    -0.00461874    -0.00553158     0.00420219     0.00897955        5.76083       -0.15589     -0.0149802
       0.104796      0.0101181       0.105113      0.0114648     0.00274413     -0.0206915    -0.00198875     -0.0157879     0.00951308     0.00492154        6.25609      -0.146515      0.0917656
       0.102913      0.0117854       0.104629      0.0118722     -0.0101877     0.00673215      -0.028015    -0.00577823     0.00973457    -0.00150694        8.45852      0.0151389     -0.0217534
       0.104098      0.0140022       0.104782      0.0126124     0.00229612      0.0166608    -0.00555518      0.0181072     0.00726158    -0.00773896        8.27802      0.0348109      0.0849896
       0.102488      0.0157045       0.104238      0.0136392     -0.0115144      0.0238458     -0.0285614      0.0228924     0.00716275    -0.00790252        9.54729       0.122099     -0.0490361
       0.103185      0.0178583       0.104055       0.014862     -0.0051157      0.0287971    -0.00579932      0.0423277     0.00546831    -0.00617231        10.6964    -0.00515595      0.0906829
       0.101142      0.0206918       0.103176      0.0171607        -0.0195      0.0525308     -0.0305188      0.0339762     0.00503546   -0.000758183         14.327       0.190914       -0.02351
       0.101266      0.0207841       0.102761      0.0180262     -0.0109205      0.0239482     -0.0174277      0.0405741     0.00295621    5.78046e-05        10.3317    -0.00780999      0.0101816
        0.10153      0.0217497       0.102454      0.0194628    -0.00771604      0.0334245    -0.00958774      0.0227202     0.00275499     0.00632666         9.2846      0.0598938      0.0637177
       0.100184      0.0240446       0.101765      0.0216053     -0.0156443      0.0496218     -0.0228793      0.0206136     0.00272245     0.00749241        10.3916       0.194966     -0.0168137
       0.100129      0.0246221       0.101489      0.0227765    -0.00753584       0.030259     -0.0201197      0.0239352     0.00117666     0.00859486        10.4326      0.0516431     -0.0911824
       0.100702      0.0249089       0.101557      0.0238024    0.000722168       0.025185     -0.0133558      0.0118135    0.000951711       0.016588        9.48699     -0.0334011      -0.125462
       0.101836      0.0238624       0.101418      0.0242587    -0.00293111      0.0123745      0.0205206     -0.0114076     0.00406224      0.0212655        9.84899      0.0179679       0.269579
       0.101775      0.0231954       0.101686      0.0248703     0.00549853      0.0144478    -0.00490115     -0.0371388     0.00921637      0.0204291        11.7839       0.267543       0.135595
        0.10237      0.0230832       0.102014      0.0248443     0.00762702    0.000884896     0.00234442     -0.0185077   -0.000239905       0.020568        17.7229      0.0311418       0.052821
       0.103534       0.021895       0.102597      0.0247747      0.0133521    -0.00141567     0.00792807     -0.0456407    -0.00676423      0.0301012        17.5745      0.0728489     -0.0756562
       0.105611       0.022501       0.103159       0.024075      0.0134872     -0.0152561      0.0428996     0.00479141    -0.00814122      0.0326007        19.8265       -0.60842       0.185646
         0.1065      0.0156233       0.104729      0.0215585      0.0352503     -0.0558811    -0.00035898     -0.0922546    -0.00604492      0.0343351        18.6917       -0.21894      -0.368655
       0.108378      0.0155411       0.105595      0.0202312      0.0222358     -0.0342587      0.0483569     -0.0593321    -0.00959676      0.0191344        10.7475      -0.147062     -0.0391764
       0.108817      0.0170239       0.106739      0.0195431       0.026933     -0.0182887      0.0182287      -0.032421     0.00173408    0.000734794        8.98667     -0.0526122      -0.158959
       0.109933      0.0174839       0.107681      0.0190204      0.0230447      -0.013119      0.0364563     -0.0230221     0.00478846    -0.00330878        9.95246      0.0999842        0.10475
       0.111346      0.0151363       0.109448      0.0170537      0.0404661     -0.0437927      0.0109594     -0.0125984      0.0100445    -0.00509239        8.67801     -0.0880055      -0.111258
       0.111537      0.0141274       0.110156      0.0158103      0.0193453     -0.0312363      0.0211039     -0.0187331     0.00716275    -0.00240482        3.57565     -0.0658278      0.0512821
       0.112494      0.0123515       0.111143      0.0146788      0.0232523     -0.0275644      0.0153702     -0.0369052      0.0104641    -0.00402881        4.15209       0.202835      0.0866693
       0.112468      0.0127531       0.111754      0.0139763       0.015518     -0.0179295     0.00553174     -0.0104888      0.0107419     -0.0078863        1.83474        0.13411      0.0514538
       0.114567      0.0133561       0.112944      0.0138053      0.0272498    -0.00548682       0.020146    -0.00423888     0.00680465    -0.00122262        2.84667      0.0956077      0.0827512
       0.113497      0.0139858       0.113013      0.0137822     0.00421554    -0.00104719     0.00341479     0.00925068     0.00447125     0.00546347        5.66517     -0.0919582      0.0259883
       0.113635      0.0130111       0.113235      0.0135582     0.00522941    -0.00494269     0.00420416    -0.00978078     0.00113923     0.00880336        2.45197     -0.0370726     0.00178796
       0.114974      0.0134001       0.113626      0.0138036     0.00895548     0.00480472      0.0237114    -0.00937555   -4.20181e-05     0.00625693        2.24727      0.0569036        0.15486
          0.115      0.0136776       0.113866      0.0142462     0.00608257      0.0100411      0.0131082     -0.0169996   -7.09859e-05      0.0040748        3.40519       0.259171      0.0896117
       0.114453      0.0146086       0.113886      0.0145149     0.00105404     0.00680777     0.00306443     0.00733088    -0.00622719     0.00514649        3.63224      0.0316401     -0.0714848
       0.114908      0.0139313       0.113908      0.0147313    0.000578385     0.00535476      0.0165702     -0.0166132     -0.0100928      0.0157554        6.00816      0.0884459     -0.0288222
       0.114807      0.0132029       0.113936      0.0145152    0.000647817    -0.00413068       0.010716     -0.0137476    -0.00833422      0.0180564        7.55443     -0.0762797     -0.0733752
       0.114602      0.0123182       0.113854      0.0141561    -0.00169856    -0.00816955      0.0124185      -0.024229    -0.00657516      0.0203205        5.54478      -0.127207      -0.028109
       0.113157      0.0117046       0.113197      0.0137077     -0.0143678      -0.010504     0.00327878     -0.0259749    -0.00345939      0.0187765        2.96678      -0.150222      0.0310881
        0.11259       0.012758       0.112847      0.0137445    -0.00899256   -0.000254853     -0.0031823     -0.0117167    -0.00223571      0.0130538         2.1467      -0.180364    -0.00205118
       0.111686      0.0134364       0.112322      0.0139006     -0.0122297     0.00334623    -0.00844993    -0.00985831    -0.00212651     0.00687669        3.96683     -0.0660156     -0.0504282
       0.110422      0.0150857       0.111356      0.0142249     -0.0221059     0.00734088    -0.00640664      0.0155822    -0.00221675    -0.00190378        6.50654      -0.143731      0.0373313
       0.109818      0.0151246       0.110825      0.0143832     -0.0136753     0.00415234     -0.0145944     0.00509526    -0.00174981    -0.00479163        10.3488      0.0180293     -0.0451099
       0.108643      0.0163103           0.11      0.0150253     -0.0191811      0.0142852     -0.0166467      0.0124467    -0.00194579     -0.0099559        13.7655       0.155187     -0.0685839
       0.109015      0.0179424       0.109568      0.0157442     -0.0112471      0.0169555    -0.00108285      0.0324944    -0.00105947     -0.0102015        11.3417      0.0505566      0.0543911
       0.108512      0.0193335       0.109138      0.0168081     -0.0104184       0.024677    -0.00771314      0.0314729     0.00178844    -0.00383223        9.55989      0.0425327      0.0382535
       0.107399      0.0213213       0.108215      0.0184919      -0.020972      0.0388367    -0.00394645       0.030118     0.00161141    0.000526178         9.3947       0.131952       0.144301
       0.107538      0.0209939       0.107955      0.0193507    -0.00771101      0.0224334    -0.00717393      0.0158086   -1.81762e-05     0.00179003        6.45438       0.187583      0.0347865
       0.107938      0.0220954       0.107644       0.020291    -0.00750629      0.0225555     0.00850779      0.0276351    -0.00601762     0.00720607        6.11746     -0.0196632      0.0753725
       0.108631      0.0251517       0.107575      0.0223231    -0.00223459      0.0461483      0.0172315       0.034008     -0.0078209      0.0151132        7.12007     -0.0939633      0.0867754
       0.109549      0.0230492       0.107595      0.0226705     0.00020253      0.0121175      0.0326425    -0.00369482     -0.0106587       0.015275        6.14758      0.0391752       0.177557
       0.109801      0.0234008          0.108      0.0234811     0.00877176      0.0187212      0.0150927    -0.00926507     -0.0145057      0.0111066        9.60893       0.156368      -0.139069
       0.109979      0.0238637       0.108013      0.0241413      0.0011638      0.0161327      0.0291627    -0.00792927     -0.0233415      0.0117078        8.94054       0.155535      -0.140148
       0.112328      0.0257338       0.108958       0.025406      0.0205369      0.0289309      0.0483548    0.000926869     -0.0187753      0.0182018        7.79175      0.0851961      -0.050974
       0.112796      0.0242158       0.109684      0.0252516      0.0177364   -0.000441112      0.0408656     -0.0108192     -0.0125558      0.0251948        7.98709      -0.108596     -0.0445031
       0.111844       0.022809       0.110075      0.0249101      0.0102046    -0.00742074      0.0174249     -0.0283574    -0.00927645      0.0290826        7.82172      -0.181155       -0.18861
       0.113889      0.0212521       0.111213      0.0242014      0.0256037     -0.0160503        0.03796     -0.0410428    -0.00756019      0.0254727        5.91313      -0.142258     -0.0713321
       0.116319      0.0204251       0.113137      0.0235198      0.0441159     -0.0163282      0.0340478     -0.0444911    0.000232402      0.0174655         5.4055     -0.0355361      -0.151533
       0.116512      0.0219794       0.113915      0.0234403       0.021224    -0.00334997      0.0400908     -0.0156314     0.00521773     0.00955211        8.84295      -0.112469      0.0852056
       0.116755      0.0224234       0.115039      0.0232456      0.0263999    -0.00453932      0.0143043    -0.00963109      0.0108749     0.00820814        5.57652      -0.128882     -0.0234997
       0.116838      0.0226428       0.115774      0.0229954      0.0185231    -0.00585962      0.0109712    -0.00209208     0.00895912     0.00410341        8.21223        -0.1519     -0.0294343
       0.119241      0.0218423       0.117177      0.0223679      0.0321572     -0.0141391      0.0268553    -0.00595051     0.00864393    -0.00157417        8.92588     -0.0984694      0.0555035
       0.118243       0.022573       0.117753      0.0224016      0.0156527   -0.000686374    -0.00404737   -0.000689342     0.00897628    -0.00765516        10.7784      0.0581607      -0.132503
       0.120544      0.0219754        0.11846      0.0222334       0.016841    -0.00370193      0.0431811     -0.0108124     0.00833351     -0.0116373        11.4685       0.284781       0.312724
       0.119416      0.0224684       0.118678      0.0221349     0.00637577    -0.00249772     0.00252947     0.00926788      0.0104743     -0.0117314        12.0251       0.172345       0.153043
       0.119984      0.0208054       0.118991      0.0214691     0.00741815     -0.0146318      0.0139757    -0.00614199    0.000346723    0.000957715        10.8957      0.0872936       0.135758
       0.120721      0.0192274       0.119406      0.0205691     0.00968934     -0.0209032      0.0132966     -0.0102914    -0.00673502     0.00892006        13.3808      -0.112474     -0.0203381
       0.120756      0.0186292       0.119711       0.020014     0.00756154     -0.0140791     0.00714547      -0.015255    -0.00813633     0.00998567        7.47704      -0.185898      -0.236733
       0.121808      0.0181985       0.119779       0.019625     0.00223351    -0.00981081       0.039569     -0.0215632    -0.00813454     0.00998567        5.37418     -0.0807725      0.0667986
       0.121138      0.0163995       0.120112      0.0184531     0.00741913     -0.0262936     0.00429477     -0.0261423    -0.00813454     0.00998567        3.37921      -0.015033      -0.158464
       0.120544      0.0157832       0.120111      0.0177932    0.000702323     -0.0168833      0.0062513     -0.0316296    -0.00813454     0.00998567        4.42091       0.182229        -0.1414
        0.12049      0.0163075       0.120292      0.0170676     0.00399071     -0.0173607     0.00125065     0.00240211    -0.00813454     0.00998567        5.58868      -0.081627      -0.135044
       0.121106      0.0154583       0.120653      0.0165677      0.0081948     -0.0125355      0.0092379     -0.0181512    -0.00813454     0.00998567        5.32568       0.029972      0.0109765
       0.120949      0.0137564       0.121068      0.0153897     0.00977441     -0.0266983     -0.0064766     -0.0152987    -0.00813454     0.00998567        6.78931     -0.0628926     -0.0338774
        0.12161      0.0134971       0.121437      0.0148192      0.0089568     -0.0149915     0.00595493     -0.0174271    -0.00813454     0.00998567        6.52849     -0.0138654       0.119063
       0.120208      0.0142705       0.121464      0.0145666     0.00146908    -0.00695551     -0.0276041     0.00114011    -0.00813454     0.00998567        6.29475     -0.0931869      -0.108025
       0.120995       0.014235       0.121554      0.0143137     0.00210803    -0.00615851    -0.00177547   -0.000850766    -0.00813454     0.00998567        6.82987      -0.053983      0.0645315
       0.121039      0.0128226       0.121794      0.0136471     0.00539026     -0.0150144     -0.0157981     -0.0136285    -0.00813454     0.00998567        6.24429      0.0878711     -0.0263987
       0.121223      0.0140987       0.121734       0.013695   -0.000752136   -0.000467751    -0.00201153     0.00959217    -0.00813454     0.00998567        3.75539      0.0185366       0.119384
       0.120992      0.0134841       0.121863      0.0135753     0.00271149    -0.00263117     -0.0182125     -0.0061868    -0.00813454     0.00998567        4.36607       0.162173     -0.0186619
        0.12204      0.0130401       0.122012      0.0135133     0.00347644     -0.0016025     0.00625598     -0.0092778    -0.00813454     0.00998567        3.00293       0.228894       0.140817
        0.12246      0.0138934       0.122343      0.0137222     0.00751123     0.00435308    -0.00303686     0.00746642    -0.00813454     0.00998567        5.50371      0.0385513      0.0404457
       0.122566      0.0128887       0.122472      0.0137582     0.00352303     0.00121189    -0.00020061      -0.016821    -0.00813454     0.00998567        8.24478      0.0934817    -0.00320813
       0.123006      0.0127293       0.122471      0.0138186    0.000334922     0.00142679      0.0113596     -0.0135846    -0.00813454     0.00998567        7.02254     0.00248142      0.0908775
       0.122822      0.0116797       0.122544      0.0136432     0.00161964     -0.0036476   -0.000125116     -0.0307704    -0.00813454     0.00998567        8.12664      0.0465208     -0.0233145
       0.123074      0.0124292       0.122562      0.0136783    0.000532753    0.000394942     0.00879061     -0.0108913    -0.00813454     0.00998567        7.37802       -0.15935     0.00326671
       0.122675       0.011152       0.122558      0.0134353   -2.33286e-05    -0.00521047    -0.00260346     -0.0388887    -0.00813454     0.00998567        6.09432     0.00755855      -0.117181
       0.122711      0.0121913       0.122539      0.0134912   -0.000406113    0.000686068     0.00366392     -0.0131543    -0.00813454     0.00998567        5.91759      -0.123506     -0.0837231
        0.12272       0.012104       0.122578      0.0135857    0.000795755     0.00211042     0.00272423      -0.027452    -0.00813454     0.00998567        3.73461      0.0388598     -0.0408584
       0.122267      0.0117252       0.122498      0.0135089    -0.00165737    -0.00144803    -0.00274807     -0.0290152    -0.00813454     0.00998567        4.03954       0.146479    -0.00933346
       0.122028      0.0130071       0.122615      0.0136337     0.00236316     0.00255126      -0.011986    -0.00137121    -0.00813454     0.00998567        5.13757     -0.0832537     -0.0825279
       0.121775      0.0128409        0.12255      0.0136481    -0.00117104    0.000566168     -0.0101467      -0.011574    -0.00813454     0.00998567        6.62578      -0.114951     -0.0459427
       0.121884      0.0120674       0.122544      0.0136298   -0.000228469   -0.000338895    -0.00705015     -0.0285024    -0.00813454     0.00998567         5.8571        0.05258       0.039141
       0.121415      0.0125092       0.122526      0.0137114   -0.000426466      0.0017286     -0.0185753      -0.017192    -0.00813454     0.00998567        5.58679       0.053726     -0.0159711
       0.121663      0.0125272         0.1226      0.0136174     0.00156652    -0.00185742     -0.0127801     -0.0139081    -0.00813454     0.00998567        6.52358     0.00130537      0.0113908
       0.121729      0.0123358       0.122537      0.0135449    -0.00121031    -0.00175129    -0.00931221     -0.0171407    -0.00813454     0.00998567        6.33928     -0.0115401      0.0767091
       0.121372      0.0120888       0.122557      0.0135041    0.000308981    -0.00105638     -0.0214977      -0.021785    -0.00813454     0.00998567        7.32555      0.0198696     -0.0407657
       0.121559      0.0122862       0.122586      0.0135422    0.000660466     0.00071711     -0.0148795     -0.0177465    -0.00813454     0.00998567        6.45639      0.0034408     -0.0469601
       0.121999      0.0122564       0.122603      0.0135252     0.00043764   -0.000294954    -0.00541815     -0.0182247    -0.00813454     0.00998567        6.39112      -0.003529      0.0516798
       0.121646      0.0121912       0.122542      0.0135736     -0.0012762     0.00101612     -0.0140115     -0.0217738    -0.00813454     0.00998567        5.03933      0.0336535      0.0296402
       0.121982       0.012551       0.122498      0.0136619    -0.00108597     0.00200705    -0.00350902     -0.0145557    -0.00813454     0.00998567          4.593     -0.0187727       0.126028
       0.122255      0.0124352        0.12256       0.013568     0.00123535    -0.00182586    -0.00500881     -0.0142831    -0.00813454     0.00998567        6.57116     -0.0822423       0.104048
        0.12243      0.0130377       0.122442      0.0136569    -0.00242821     0.00173728     0.00228433    -0.00577791    -0.00813454     0.00998567         2.4073      -0.173977        0.13714
       0.122705      0.0126728       0.122578      0.0135005     0.00270772    -0.00320499    -0.00304597     -0.0127824    -0.00813454     0.00998567        1.27869      -0.123863      -0.021498
        0.12272      0.0127719       0.122574      0.0135879    0.000174373     0.00156682   -0.000636772     -0.0175181    -0.00813454     0.00998567        5.81993      0.0679915      -0.126654
       0.122983      0.0132917         0.1226      0.0135903    0.000580218    0.000208603     0.00582104    -0.00339274    -0.00813454     0.00998567        2.94188      0.0671611      -0.117559
       0.122749      0.0141659       0.122587      0.0135437   -0.000212184    -0.00098523     0.00216152      0.0171149    -0.00813454     0.00998567         1.9464      -0.156382     -0.0994002
       0.122061      0.0133009       0.122572      0.0135713   -0.000356602    0.000498034     -0.0101428     -0.0124379    -0.00813454     0.00998567        2.78836      0.0708295      -0.145164
       0.121758      0.0130819        0.12259       0.013579    0.000359912    0.000215423     -0.0118692     -0.0100831    -0.00813454     0.00998567        5.60563       0.167317      -0.109088
       0.121617       0.013992       0.122594      0.0136348    0.000126596     0.00122703     -0.0116274      0.0119459    -0.00813454     0.00998567        6.57431     -0.0303674    -0.00655462
       0.121222      0.0131898       0.122566      0.0135713   -0.000592929    -0.00124963      -0.018614    -0.00884427    -0.00813454     0.00998567        7.74141      0.0346149      0.0456924
       0.121232      0.0130999       0.122606       0.013617    0.000793489     0.00086258     -0.0187755    -0.00754245    -0.00813454     0.00998567        7.58174      0.0282743      0.0902827
       0.120688      0.0130547       0.122473      0.0135792    -0.00279957   -0.000729067     -0.0276699    -0.00622228    -0.00813454     0.00998567        8.08137     -0.0174448      0.0289957
       0.121375      0.0127508       0.122621      0.0135687     0.00293097   -0.000301149     -0.0176933     -0.0138003    -0.00813454     0.00998567        4.53881      0.0294395       0.034451
       0.121873      0.0129377       0.122612      0.0135384    8.96781e-05   -0.000684366    -0.00716565    -0.00598297    -0.00813454     0.00998567        5.99888      -0.041541        0.12483
       0.122738      0.0117049       0.122661      0.0134827     0.00107756     -0.0012706     0.00676993     -0.0362329    -0.00813454     0.00998567        4.54779        0.24687       0.274011
        0.12191      0.0135585       0.122671      0.0135439    0.000317129     0.00119542     -0.0217425      0.0161553    -0.00813454     0.00998567        5.88677      -0.208273     -0.0518309
       0.121868      0.0129621       0.122527      0.0135769    -0.00307219     0.00083187     -0.0111662      -0.013275    -0.00813454     0.00998567        4.50545       -0.12875      -0.158996
       0.122684      0.0126384       0.122544      0.0135903    4.53839e-05    0.000371578     0.00526599     -0.0165814    -0.00813454     0.00998567        4.38473     -0.0288634     -0.0746474
       0.122637      0.0130623       0.122585      0.0134398      0.0008953    -0.00321384    0.000559416    -0.00117913    -0.00813454     0.00998567        4.99451      -0.106313     -0.0502958
       0.122611      0.0137213       0.122577      0.0136333   -8.60474e-05     0.00385946     0.00373723    -0.00116253    -0.00813454     0.00998567        6.45011     -0.0361469      0.0599168
       0.122546      0.0133603       0.122614      0.0135731     0.00079477   -0.000915515   -0.000399919    -0.00669911    -0.00813454     0.00998567        5.23812      0.0864096      0.0924207
       0.122028      0.0145884       0.122558      0.0136062    -0.00112188    0.000623653     -0.0107977      0.0230435    -0.00813454     0.00998567        5.12039       -0.14777     -0.0051679
       0.122058      0.0142326       0.122601      0.0135187     0.00081076    -0.00182825     -0.0104907     0.00907533    -0.00813454     0.00998567        4.81582       -0.10793     -0.0909197
       0.122545      0.0135063       0.122563      0.0135502   -0.000742899    0.000499428     0.00430804    -0.00985091    -0.00813454     0.00998567        6.91199        0.16798       0.030906
