    -0.00872591      0.0188616     -0.0712593     0.00159342         0.7504       0.207218         0.7504       0.207218    2.09244e-05   -1.16945e-05        50.2978       0.370356       0.392988
     -0.0633546    -0.00754918     -0.0710933     0.00181763       0.078624      0.0255647      0.0564933      -0.102726   -0.000224289    0.000239837        189.982       0.286814      0.0784161
     -0.0659269    -0.00522485     -0.0709613      0.0014257      0.0107143    -0.00590905      0.0708938      -0.090054       -0.01583      0.0146879        158.395       0.370463       0.149052
     -0.0669373    -0.00238448     -0.0702672    0.000972652      0.0160633     -0.0103768      0.0302185     -0.0224712     -0.0233328      0.0313713        162.634     -0.0851528      -0.123302
     -0.0649612    -0.00467257     -0.0690853   -0.000439987      0.0271362     -0.0315507      0.0575733     -0.0507924     -0.0283694      0.0454492         152.46      -0.301959     -0.0854549
     -0.0610685     -0.0116396     -0.0673024    -0.00388441      0.0412236     -0.0775546       0.092298     -0.0977615     -0.0245482      0.0430379        138.207       -0.38002       0.162131
     -0.0600496     -0.0154769     -0.0665335    -0.00605194      0.0207309     -0.0545741       0.100852      -0.148443     -0.0212689      0.0289782         133.33       0.261041       0.482093
     -0.0633107     -0.0148383     -0.0654446    -0.00720125      0.0255934     -0.0302825     -0.0182936      -0.106616     -0.0263479      0.0128573        138.958       0.476538        -0.5829
     -0.0608158     -0.0141461     -0.0642125    -0.00883772      0.0291734     -0.0383759      0.0495518     -0.0496661     -0.0433462      0.0153503        348.188      -0.033737      -0.527184
      -0.050355     -0.0220056     -0.0591231     -0.0131476       0.112847     -0.0969302       0.111365      -0.106788     -0.0325454      0.0358895        154.839      -0.269578      -0.393079
     -0.0503625     -0.0248564     -0.0570445     -0.0159275      0.0561835     -0.0697393       0.093897      -0.113724    -0.00148385      0.0403646        170.736      -0.322926    -0.00354922
     -0.0547026     -0.0268701      -0.056658     -0.0190322      0.0139669     -0.0740356        0.01914     -0.0888242      0.0133037      0.0276573        149.863      -0.532708      0.0196725
     -0.0541823     -0.0303134     -0.0550583     -0.0217237      0.0359492     -0.0655404    0.000843339      -0.131411      0.0133001      0.0134873        167.981      0.0983765     -0.0787886
      -0.052032     -0.0298523     -0.0534482       -0.02399      0.0383741     -0.0555068      0.0177983     -0.0650279      0.0126662    -0.00740756        139.268   -0.000411482      0.0724052
      -0.046179     -0.0354981     -0.0502209     -0.0285722      0.0735465      -0.104525      0.0511436     -0.0746937      0.0139666    -0.00527037        116.599      -0.166934       0.247072
     -0.0446748     -0.0368171     -0.0487362     -0.0311695       0.039425     -0.0665553      0.0623054     -0.0700508      0.0122505    -0.00253357        106.701     -0.0527973       0.593154
     -0.0449763     -0.0403227     -0.0477331     -0.0343093      0.0256093      -0.074474      0.0269323     -0.0775593    0.000829283    -0.00825645        115.402       0.132165       0.358244
     -0.0379867     -0.0465418     -0.0449149      -0.040171      0.0634333       -0.13406      0.0994319     -0.0403701     -0.0237542     -0.0115986        115.176      -0.594366       0.489047
     -0.0349936     -0.0493476     -0.0424562     -0.0426958      0.0594514     -0.0679424      0.0821567       -0.11347     -0.0388928      -0.007203        83.1639       0.234186      0.0912843
     -0.0330374     -0.0493393     -0.0405858     -0.0450181      0.0463466      -0.056957      0.0934274      -0.044315     -0.0572169     -0.0287792        68.8849       0.196664       -0.16366
     -0.0296915     -0.0476641     -0.0383795     -0.0470184      0.0522901     -0.0489017        0.11413      0.0221699     -0.0608012     -0.0235063        59.0187      -0.333197      -0.269923
     -0.0194555      -0.052385     -0.0330103     -0.0498564       0.121203     -0.0661907       0.181961     -0.0335659     -0.0570993     -0.0113081        52.6502      -0.116394       -0.10076
     -0.0194676     -0.0543228     -0.0302709     -0.0524369      0.0712924     -0.0623577       0.134261    -0.00966169     -0.0433411     -0.0220356        53.0855      -0.202822        -0.2097
     -0.0182359     -0.0552288     -0.0280143     -0.0541683      0.0558719     -0.0436339       0.138396     -0.0135327     -0.0389776     -0.0295256        54.8818      0.0343117      0.0702519
     -0.0150668     -0.0554878     -0.0248443     -0.0552019      0.0740595     -0.0266882        0.12592    -0.00672452     -0.0314768      -0.036322        51.4657       0.314159      0.0900743
     -0.0118583     -0.0547839     -0.0216244     -0.0561055      0.0769543     -0.0221878       0.125725      0.0309528     -0.0326833     -0.0357863        47.8741       0.162786      0.0723924
     0.00311608      -0.056857     -0.0137284     -0.0572967       0.178251     -0.0279494       0.222937     0.00815903     -0.0370312     -0.0227884        35.9158       0.218593       0.296138
     0.00431483     -0.0573343    -0.00954399     -0.0577668       0.108207      -0.012948       0.166159     0.00938488     -0.0403926     -0.0131385        40.1017       0.193233      0.0267011
     0.00843627     -0.0575165    -0.00501686     -0.0583123       0.108607     -0.0130776       0.170404      0.0224483      -0.053121    -0.00369121        42.4033     -0.0521728     -0.0812623
      0.0260961     -0.0579031     0.00535261     -0.0585265       0.234841    -0.00593538       0.256869      0.0105699     -0.0548697     0.00397252        38.8769     -0.0935575      -0.192766
      0.0252244     -0.0563607      0.0103488     -0.0579812       0.131401      0.0111856        0.16717      0.0240515     -0.0519349     0.00278627        39.8524      -0.142648      -0.644888
      0.0313962     -0.0541203      0.0157712     -0.0576583       0.130265     0.00809346        0.22235      0.0651958     -0.0426918    -0.00187708        39.2536      -0.506366     -0.0315612
      0.0350122     -0.0540582       0.021078      -0.056707       0.127652      0.0213583       0.171146      0.0143783       -0.01621    -0.00784112        35.1814      0.0128822    -0.00492652
      0.0495169     -0.0498281      0.0314584     -0.0545949       0.236983      0.0477564       0.210947      0.0573413    -0.00784319     -0.0299142         37.025          0.213      -0.184065
      0.0531074     -0.0475021      0.0381587     -0.0529238       0.168426      0.0408715       0.175983       0.067441    -0.00863939     -0.0312703        25.4686       0.318291      -0.263716
      0.0591992      -0.044636      0.0446756     -0.0516895       0.157606      0.0307468       0.188633       0.116792     -0.0029822     -0.0206715        14.7932      -0.270698      0.0976727
      0.0630703     -0.0467463      0.0506973     -0.0511014        0.14583      0.0157777       0.142862      0.0483558     0.00829262    -0.00748528        14.4171      -0.048945       0.013285
      0.0810603     -0.0467577      0.0623169     -0.0506334       0.265566      0.0116879       0.224048      0.0563253     0.00546676     -0.0169755        16.1296     -0.0997413      0.0259438
      0.0821814     -0.0448504      0.0681648      -0.049073       0.152872      0.0348718       0.165711       0.044227     0.00415415     -0.0212114        13.3398       0.214411   -0.000844716
       0.086655     -0.0430498      0.0741239     -0.0479584       0.144004      0.0275639       0.153426      0.0708407     0.00284702     -0.0253162        9.82017      0.0883822       0.093833
      0.0909277     -0.0418961      0.0797231     -0.0466772       0.135343      0.0304304       0.130008      0.0615616     0.00244803     -0.0178714        9.09559        0.10867     0.00190316
      0.0970555     -0.0410721      0.0856218     -0.0455625       0.140946      0.0271194       0.137254      0.0621005   -0.000923332     -0.0132491        10.4818       0.012262     0.00659334
       0.115141      -0.036298      0.0965742     -0.0429533       0.250667      0.0590708       0.228082      0.0926049    -0.00141745    -0.00930156        18.7378      -0.187889       0.122376
       0.115237     -0.0356005       0.101944     -0.0410781       0.141054      0.0464111       0.151861      0.0623641    -0.00142079    -0.00742389        18.2733      0.0139244     -0.0746733
       0.118688     -0.0350378       0.107094     -0.0394989       0.125349      0.0387531       0.143902      0.0501978    -0.00468987     -0.0123286        24.5353       0.198524      0.0171142
       0.121984     -0.0331439       0.112356     -0.0380099       0.126185       0.036037      0.0987505      0.0678991    -0.00521499     -0.0152962        20.9392      0.0763504      -0.360632
        0.14106     -0.0234903       0.122665     -0.0332962       0.235296        0.10542       0.249742       0.135533     -0.0037747    -0.00677968         37.676      -0.265759       0.317998
       0.139366     -0.0260841       0.127367     -0.0313106       0.125097      0.0534311       0.129926      0.0404538     0.00975317    -0.00334753        30.1063       0.338818      0.0120311
       0.139112     -0.0222829       0.131971     -0.0293336       0.111962       0.048046      0.0540222       0.116747    -0.00125211     -0.0129484        23.9521      -0.307769      -0.674351
       0.156258     -0.0134899       0.141899     -0.0241318       0.225625       0.117163       0.180456       0.130873    -0.00266331    -0.00214506        52.0821       -0.27801      -0.345893
       0.156828     -0.0148938       0.146797     -0.0217378       0.128356      0.0634261       0.115316      0.0669389       0.024326     -0.0112076        38.7265       0.183122      -0.223472
       0.158587     -0.0132871       0.151276     -0.0190623       0.109601      0.0641341      0.0899832      0.0587345      0.0425908     -0.0271018         38.085       0.495327      0.0797465
       0.162926    -0.00848479       0.155965     -0.0160467       0.112243      0.0715499      0.0899478       0.106553      0.0507652     -0.0207471        29.7442       0.174563       0.449929
       0.170396    -0.00100722       0.163591     -0.0101239        0.17593       0.135087      0.0353475      0.0932556      0.0475301     0.00108241        37.8037       0.459511      -0.274935
       0.163818    -0.00774463       0.166896    -0.00836241      0.0889969      0.0515578      -0.162891      -0.036731      0.0298675     0.00925969        32.9712        0.17551      -0.522665
       0.171401    -0.00344836       0.170338    -0.00639925       0.083237        0.04756      0.0963713      0.0408485      0.0392383      0.0260557        39.4892        0.25686       0.292684
       0.178388   -0.000952354       0.173368    -0.00529758      0.0737756       0.028552      0.0595978      0.0736442      0.0621626      0.0342226         39.897      -0.174326       0.461722
       0.179979     -0.0036655       0.176271    -0.00470694      0.0700753      0.0156132       0.046674      0.0107079      0.0560557      0.0450587        38.9409      -0.309163       0.662756
       0.185531   -0.000166394       0.181047    -0.00273405       0.110182      0.0441756       0.028346      0.0459433      0.0345154      0.0390781        35.3196           -0.8         0.1845
        0.18048    -0.00123154       0.180859    -0.00115696     0.00695115      0.0384827     -0.0226801     -0.0379076     0.00795502      0.0243579        19.7488      0.0249152      -0.215978
       0.183677     0.00158133       0.182401     0.00046896      0.0340049      0.0389681      0.0133725     0.00565102     0.00137431    -0.00744845        27.5711       0.241642      -0.231658
       0.187868      0.0123341       0.184308     0.00495842      0.0445854       0.100869      0.0552552       0.102003      0.0101624    -0.00900079        41.6504     -0.0496286       0.103272
       0.185984     0.00860097       0.185301     0.00553722      0.0259163      0.0225891      -0.011262      0.0277519      0.0206838     0.00424443        25.4947       0.151041      -0.242588
       0.186915     0.00733572       0.186297     0.00568449      0.0241025     0.00543986     0.00968789      0.0293236      0.0197569     0.00649439        22.9997     -0.0814475     -0.0815137
       0.188303     0.00671501       0.187926     0.00567766      0.0375982    0.000396491    -0.00795816      0.0182279      0.0274521     0.00989782        21.3767      -0.215949      -0.194553
       0.189534     0.00779036       0.189314     0.00658276      0.0337251      0.0195897   -0.000185768     0.00806443      0.0317488     0.00799965        18.9329     -0.0419205     -0.0743329
       0.187905     0.00860984       0.189487     0.00718113     0.00711677      0.0148838     -0.0239232        0.01681      0.0391939   -0.000846159        19.7323      0.0144263      0.0202849
       0.187419      0.0102851       0.190314     0.00801159      0.0185861      0.0194263      -0.055939       0.030985      0.0419398    -0.00360967        20.8898    -0.00530583      -0.194955
       0.188958      0.0102389       0.190537     0.00886316     0.00667211      0.0203366     -0.0039904     0.00483141      0.0418832    -0.00299371         23.286       0.264015       0.290663
       0.183808      0.0121504       0.188924     0.00987638     -0.0341827      0.0239192     -0.0767264      0.0340982      0.0464378    -0.00267686        15.3707        0.11123        0.16414
       0.182058      0.0113392       0.187825       0.010329     -0.0271536      0.0121688     -0.0816111     0.00845679      0.0380009     0.00789522        13.2284       0.142933      0.0528503
       0.179617      0.0107938       0.185768      0.0105423     -0.0471376     0.00582456     -0.0779324     0.00535728      0.0303207      0.0137511        14.2472      0.0185571      0.0889549
       0.179606     0.00991388       0.184367      0.0104164     -0.0349916    -0.00213831     -0.0559489    -0.00428631      0.0285069       0.018349        19.3498     -0.0949598       0.210801
       0.177824      0.0103062       0.182577      0.0103792     -0.0421626    -0.00101638      -0.060629      0.0071664      0.0252139      0.0195535        19.3423      -0.328153       0.186439
       0.171034     0.00987953       0.178999      0.0104729     -0.0814867      0.0019212      -0.113207     -0.0156703      0.0161808      0.0160131        11.7669      -0.119482      -0.186583
       0.170225     0.00980965       0.176839      0.0108089     -0.0548046     0.00744969     -0.0843624     -0.0282643     0.00669879    0.000972021        11.9013       0.284609      -0.240719
       0.169239      0.0124481       0.175019      0.0118575     -0.0448088      0.0233948      -0.074737     0.00474472      0.0136071    -0.00432326        10.3764       0.310687      -0.242794
       0.161194      0.0154084       0.170012      0.0133482      -0.112627      0.0345388     -0.0965927      0.0296787      0.0240826     0.00702213        21.3735       0.128306       0.091934
       0.159699      0.0135675       0.167903      0.0131388     -0.0568114    -0.00106893      -0.113592      0.0133331      0.0337907      0.0209607        21.6047       -0.17763     -0.0674609
       0.158507      0.0091988       0.165185      0.0125132     -0.0643942     -0.0136188     -0.0665124     -0.0637656      0.0312684      0.0257507        23.0799       0.253113       0.352697
       0.155393     0.00983656       0.162554      0.0123271     -0.0632763    -0.00538288     -0.0967052     -0.0259674      0.0323132      0.0190545        21.8603      0.0205235        0.21153
       0.145593      0.0102683       0.156786      0.0125221      -0.130905     0.00367511      -0.143247     -0.0345616      0.0234347      0.0223189        25.1233       0.011159      0.0517321
        0.14603     0.00956222       0.154004      0.0125278     -0.0731814    0.000488633     -0.0960179      -0.046442      0.0103721      0.0279475          18.95      0.0822607      0.0565451
       0.145022      0.0108183       0.151177      0.0124521     -0.0683747    -0.00158426      -0.071185    -0.00840874      0.0087238      0.0278863        19.6502      -0.326559       0.110438
       0.140404     0.00946905       0.147799      0.0122945     -0.0798226    -0.00356307      -0.101953     -0.0496905     0.00694794      0.0301932         20.361      -0.105062       -0.21001
       0.132536     0.00829747       0.141646      0.0116012      -0.140882      -0.015332     -0.0895276     -0.0460194      0.0024398      0.0189911        15.8913      -0.024869       0.235004
       0.130498      0.0118176       0.138171      0.0120344     -0.0891327     0.00782386     -0.0960251     0.00888456     0.00961358      0.0128469        12.3305      -0.339891       0.109306
       0.127822      0.0100105       0.134915      0.0120041     -0.0792582    0.000128134     -0.0909708     -0.0484313     0.00661403      0.0120944        6.47355       0.218338     -0.0925199
       0.127065      0.0104573       0.132227      0.0115963     -0.0659848    -0.00879629     -0.0559134    -0.00660001    -0.00124007    -0.00122882        4.09752      0.0305912    -0.00584694
       0.118041      0.0122589       0.126416      0.0122013       -0.13211      0.0121878     -0.0949524    -0.00196384     0.00151247     0.00461875        6.51867      0.0481473       0.072163
       0.120652      0.0118008       0.123745      0.0120087     -0.0709064    -0.00293984    -0.00331862     -0.0020496      0.0021928     0.00853955        4.08526      0.0022691      0.0452155
       0.116574       0.011003       0.121329      0.0120858     -0.0592886     0.00137129     -0.0672207     -0.0249741     0.00050861     0.00973617         4.5027       0.136202      -0.026112
       0.114959      0.0105111       0.119246      0.0120974     -0.0509169    0.000387198       -0.04556      -0.024463    -0.00147563      0.0100595        6.08605       0.179971      0.0473072
       0.113903      0.0117719       0.117477      0.0122647     -0.0432879     0.00365349     -0.0468385      0.0027821    -0.00183004      0.0154322        7.76543      -0.112788     -0.0973716
       0.108829      0.0112372       0.113919       0.012376      -0.081185     0.00276807     -0.0572612      -0.018996    -0.00244528      0.0229734        6.52072      -0.104022     -0.0661092
       0.109978        0.01065       0.112537      0.0122547     -0.0379818    -0.00234221     -0.0218015     -0.0225091    7.21844e-05       0.019572        6.22308      -0.109874      0.0909447
       0.108287      0.0100993       0.110865      0.0119514     -0.0399048    -0.00678605     -0.0317116     -0.0269516     0.00274831      0.0143195        3.34214     -0.0611652      0.0124197
        0.10853     0.00978603       0.109948      0.0117038     -0.0238079    -0.00602744     -0.0136697     -0.0298878    0.000421468     0.00979744        3.05204       0.052675      0.0203912
       0.105204      0.0105308       0.107982      0.0114883     -0.0448385    -0.00525738     -0.0370567     -0.0066735   -0.000214037     0.00724505        5.09967       -0.10498      -0.133732
       0.105726       0.010911       0.107077      0.0114419     -0.0240376    -0.00152768    -0.00941279    -0.00641848    -0.00109857     0.00755166        3.41801       -0.12541     -0.0187705
       0.105986      0.0099395       0.106744      0.0108114    -0.00957975      -0.013771     -0.0116349    -0.00873446     0.00277192     0.00501965        4.18916      -0.151827      -0.104433
       0.105358     0.00940029       0.106137      0.0103583     -0.0140814     -0.0111647     -0.0067353     -0.0153911     0.00400251   -0.000563991         6.5616     -0.0168102     -0.0492529
        0.10494     0.00916351         0.1053     0.00991335     -0.0194936     -0.0107273     0.00758826     -0.0107874     0.00805432    -0.00665904        6.53495      0.0721133       0.219615
       0.104624     0.00970528       0.104932      0.0100156    -0.00989749     0.00113593    -0.00421237    -0.00949905      0.0100277    -0.00758137        7.40118       0.236867       0.159947
       0.103564     0.00991603       0.104545     0.00984486    -0.00934649    -0.00357452     -0.0220617        0.00642     0.00239212     -0.0049472        5.78408      0.0876462      -0.162025
       0.106284     0.00775998       0.104908     0.00888021     0.00692031     -0.0211937      0.0281578     -0.0101109    -0.00654441     0.00572728        6.41213     -0.0318382      0.0480692
       0.106033     0.00556884       0.105301     0.00780235     0.00917977     -0.0254012    -0.00198503     -0.0284733    -0.00130158     0.00982414        7.96185     -0.0406188      -0.251553
       0.106271     0.00438194       0.105252     0.00716963   -0.000143212      -0.016207      0.0228834     -0.0438659     -0.0011447     0.00884639        6.25402       0.156504     -0.0133496
         0.1075     0.00521884       0.105635     0.00667585     0.00824602     -0.0122862      0.0330057    -0.00886642     0.00734336     0.00724088        5.09199     -0.0943399       0.225877
        0.10782     0.00425878        0.10591     0.00639349     0.00676382    -0.00732768      0.0297762     -0.0380922     0.00852448      0.0118979        5.36632       0.131977       0.327736
       0.108046     0.00155764       0.106716     0.00501234      0.0180902     -0.0305656     0.00192707     -0.0444585   -0.000284013     0.00995706        11.8008       0.106077      -0.128422
       0.109764     0.00344948       0.107547     0.00475843      0.0197569    -0.00854093      0.0278394    -0.00361378     -0.0133876      0.0109306        11.0696      -0.268108       -0.20449
       0.112521     0.00204368       0.108466      0.0042878      0.0218285     -0.0110199      0.0670822     -0.0383843     -0.0122524      0.0172957        8.09098     -0.0541455        0.15074
       0.112892    0.000739369        0.10931     0.00337595      0.0204167     -0.0207979      0.0457392     -0.0344742    -0.00304693      0.0078709        7.54287     -0.0171643       0.123483
       0.112651   -0.000242319       0.110407     0.00195267        0.02573     -0.0328227      0.0128128     -0.0174036    -0.00784164      0.0040258        8.20396      -0.235526      -0.318247
       0.114718    0.000527381       0.111599     0.00165337      0.0283214    -0.00974717      0.0442028     -0.0163183     -0.0139176     0.00398682        8.68331      -0.133317      -0.204407
       0.116329   -0.000573362       0.112804     0.00100296      0.0288673     -0.0150235      0.0504668     -0.0279016    -0.00645059    -0.00259496         7.1122       0.129797     -0.0119039
       0.119119     0.00031055       0.115135    0.000157509      0.0532242     -0.0197641       0.044831      0.0202797     0.00469643     -0.0104797        6.37631      -0.225112     -0.0561437
       0.118757    0.000768645       0.116223    4.68636e-05      0.0288379    -0.00436635      0.0300545     0.00782907     0.00673992    -0.00692703        8.10678      -0.106148     -0.0276758
       0.120371    -0.00120697       0.117803   -0.000508347      0.0370028     -0.0124292      0.0302935     -0.0209156     0.00801474     -0.0138829        8.85834       0.290013     0.00298002
       0.121774   -0.000585468       0.118874   -0.000654659      0.0268318    -0.00440327      0.0455915     0.00230898     0.00937325     -0.0193256        9.10399       0.305582       0.273227
       0.125957   -0.000368217       0.121719   -0.000930347      0.0641443    -0.00639519      0.0434224      0.0158135     0.00923866    -0.00809063        10.1729       0.084219      0.0808153
       0.127144     -0.0024029       0.123446    -0.00153358      0.0437175     -0.0136694      0.0414002      -0.012343   -0.000583824     0.00548815         12.708      0.0753774     -0.0375907
       0.129161    -0.00387685       0.125356    -0.00246815      0.0456283     -0.0215535       0.042638    -0.00949273    -0.00473934     0.00918804        13.7041      -0.158427      -0.146621
       0.132032    -0.00494593       0.127349    -0.00326466      0.0476039     -0.0193599      0.0643432     -0.0195264    -0.00382751      0.0117447        11.5341      -0.196811      0.0281799
       0.132324    -0.00540402       0.129073    -0.00385183      0.0420031      -0.014619      0.0290279      -0.021132     0.00159592     0.00654351        8.74426      -0.115076      -0.198364
       0.138543    -0.00391441       0.132822     -0.0041222      0.0851838    -0.00730182      0.0699076      0.0125508     0.00179559    -0.00227989        13.5397      -0.277356      -0.128584
       0.139502    -0.00291927        0.13499    -0.00378935      0.0553523     0.00645941      0.0542466     0.00412773     0.00844759    -0.00715388        18.6191     -0.0200534     -0.0520297
       0.138651    -0.00275177       0.136843    -0.00336998      0.0455614     0.00970431     0.00285761    -0.00525526      0.0143536     -0.0180637        23.2615       0.402105       -0.35935
       0.144765     0.00231775       0.139897    -0.00200813      0.0705185      0.0303863      0.0792949      0.0772329      0.0171112     -0.0227169        17.8002       -0.11323        0.21657
       0.143338     0.00165477       0.141522    -0.00107742      0.0421557       0.023142     0.00490491      0.0227514      0.0314488    -0.00610472        8.87649       0.162967    -0.00647054
       0.143091     0.00181346       0.142448   -0.000629463      0.0242002      0.0119901     0.00858919      0.0402268      0.0246843     -0.0075121        6.39873      -0.055977       0.131778
       0.142944    0.000719878       0.142787   -0.000220757     0.00975436      0.0100271      0.0046853     0.00178312      0.0231108    -0.00424768         5.1838       0.174866       0.280386
       0.144399     0.00656273       0.144058     0.00256786      0.0284302      0.0612369    -0.00809104       0.050983      0.0195709    -0.00241293        7.49547      0.0933482      0.0407656
       0.145735     0.00728487       0.144958     0.00402502       0.022284      0.0375983     0.00651354      0.0393456     0.00836247     0.00316452        10.8166      0.0467736      -0.010399
       0.146033     0.00855689       0.145559     0.00544598      0.0151992      0.0344525   -0.000324907      0.0431326     0.00329525     0.00845801        8.45404      -0.135775      -0.128251
       0.147003     0.00918422       0.146174     0.00675859      0.0148001      0.0317978      0.0122261      0.0264186     0.00385434      0.0107139        8.53273     -0.0942712      -0.033463
       0.149104      0.0130383       0.147118     0.00944143      0.0218824      0.0611291      0.0332511      0.0356361      0.0090819     0.00642477        11.8537      0.0745331       0.220282
       0.148288      0.0145372       0.147424      0.0110222     0.00880224       0.040258     0.00736358      0.0455644      0.0105289     0.00189863         10.713     -0.0108585       0.152437
       0.148219      0.0150176       0.147423      0.0124755    0.000845785      0.0354164      0.0143165      0.0236493     0.00244648     0.00391923         12.632       0.130085       0.214466
       0.148297       0.016682       0.147571      0.0139216      0.0032881      0.0347781     0.00436016      0.0370263    -0.00430959     0.00426279          19.62    -0.00257795      0.0118986
       0.149086      0.0210767       0.148021      0.0162641      0.0100543      0.0540756     0.00783722      0.0703044     -0.0144818     0.00899349        24.1003      -0.326862      -0.207126
       0.150293      0.0178596         0.1485        0.01707      0.0113379      0.0228153      0.0259852     -0.0177313     -0.0152147     0.00945996        22.4984       0.310603      -0.156132
       0.151224      0.0193407       0.149169      0.0173176      0.0155945     0.00762952      0.0281374      0.0484637    -0.00694316    -0.00292422        18.1158      -0.249673     -0.0882692
       0.151065      0.0202617       0.149648      0.0179111      0.0118904       0.013582      0.0179129      0.0332196   -2.67593e-05     0.00663971         15.543      -0.331424     -0.0519753
       0.153916      0.0188451       0.151152      0.0181029      0.0336758     0.00550112      0.0395097    -0.00233653      0.0033142    0.000407445        21.4415      0.0139779       0.113057
       0.152709      0.0202554       0.151866      0.0183977      0.0187975     0.00691781     -0.0031767      0.0300407     0.00550241     -0.0154498        25.7922     -0.0268409      -0.174632
       0.153285      0.0229786       0.152516       0.019194      0.0159253      0.0178923      0.0102884      0.0589653     0.00241059      -0.019025        30.1312      -0.207288      -0.106798
       0.152742      0.0215964       0.152942      0.0197883      0.0107889      0.0146259    -0.00971111     0.00240829     0.00784618     -0.0186874        29.7304       0.381342      -0.186812
       0.153546      0.0210955       0.153203      0.0199838      0.0067273     0.00568546        0.01547      0.0113627      0.0127837     -0.0258155        27.6559       0.475012       0.153895
       0.153307      0.0230691       0.153136       0.020687   -0.000783388      0.0157565     0.00948402      0.0416439      0.0200039     -0.0125926        14.9911       0.158945       0.379964
       0.151623       0.021564       0.152866      0.0206807    -0.00592019      0.0014405     -0.0250312      0.0143342      0.0146025     0.00907956        15.5761     -0.0212253       0.147033
       0.150818      0.0195241       0.152327      0.0199037     -0.0122191     -0.0166399     -0.0234316     0.00697022    -0.00153845      0.0152399        20.0868      -0.367299     -0.0263253
       0.151676      0.0174719       0.151792      0.0193728     -0.0127775     -0.0131308     0.00836055     -0.0345189     -0.0105446      0.0157186        13.6391      -0.105988       0.139941
       0.152773      0.0164812       0.152027      0.0189326     0.00379291     -0.0108209     0.00665766     -0.0430055     -0.0110559    0.000217307        16.5799       0.230176    -0.00146808
       0.151578      0.0191467       0.151635      0.0191375    -0.00808544     0.00334432    -0.00549336     0.00987054     -0.0147921    -0.00512911        17.9776      -0.012039      -0.198954
       0.153092      0.0186125        0.15198      0.0188973     0.00663523    -0.00485415      0.0181632    -0.00396975     -0.0154075     0.00393974        17.1991     -0.0224744      -0.125396
       0.154754      0.0152518       0.152795      0.0170542      0.0182631      -0.040297      0.0272734     -0.0115553    -0.00809198     0.00513636        14.0145      -0.257373     -0.0432879
       0.153533      0.0145947       0.153027      0.0162879     0.00683678     -0.0205817    7.00699e-05     -0.0243196    -0.00235814     0.00355934        14.9398       -0.11571      -0.160234
       0.154497      0.0130409        0.15377      0.0152155      0.0167464     -0.0252213     0.00858384     -0.0333444   -0.000892576    -0.00664271        14.7794        0.11956      -0.109822
       0.154028      0.0150018        0.15424      0.0149878      0.0118324    -0.00744126    -0.00979055     0.00925164     0.00586063     -0.0144435          12.81     -0.0251203      -0.181661
       0.154931      0.0148492       0.154679      0.0147346      0.0106541    -0.00621243       0.011224   -0.000404063      0.0108851     -0.0104959         12.767      0.0589457       0.106401
       0.155085      0.0140817       0.155431      0.0140833      0.0173009     -0.0146902     -0.0131588     0.00598267      0.0178372    -0.00990893        8.96418     -0.0261095      0.0180762
       0.154826      0.0139253       0.155643      0.0140268     0.00630895    -0.00268851     -0.0110537    -0.00637712      0.0146981    -0.00857748        8.87398        0.13026      0.0851683
       0.154365      0.0143421       0.155859      0.0140417     0.00531017    5.12644e-05     -0.0285343     0.00611272       0.013517    -0.00851406        6.07974      0.0920736     -0.0639787
       0.154642      0.0151947       0.155982      0.0142024     0.00318512     0.00347817     -0.0184891      0.0194773     0.00969535    -0.00424351        5.98101     -0.0801909     -0.0272127
       0.154468      0.0159335       0.155762      0.0147693    -0.00443157      0.0125917     -0.0137347      0.0133326       0.010776   -0.000310433        6.07546     -0.0568629       0.103876
       0.153707      0.0149522       0.155528      0.0148666    -0.00550674      0.0033603     -0.0279365    -0.00586056      0.0121054    -0.00247647        5.29514       0.117446      0.0468691
       0.153356      0.0152874       0.155245      0.0151175    -0.00665195     0.00575574     -0.0265421     0.00072082     0.00933737     -0.0052662         4.5404       0.140983      0.0228585
       0.151412      0.0171281       0.154159      0.0158549      -0.024133       0.016505     -0.0359319      0.0207835     0.00712175    -0.00168909        5.14925     -0.0190997      0.0113454
       0.150087       0.015765       0.153188      0.0160131     -0.0233751      0.0050663     -0.0426443     -0.0118884     0.00610918     0.00441431        5.52532       0.134336     -0.0538407
       0.150769      0.0148546       0.152643      0.0158004     -0.0141213    -0.00408783     -0.0173693     -0.0111902     0.00568146     0.00449406        8.40945      0.0654284       0.115266
       0.149455      0.0137521       0.151614      0.0155211     -0.0236337     -0.0064407     -0.0254504     -0.0272233     0.00623864     0.00855814        10.4103       0.107802       0.158839
       0.148758      0.0137941        0.15072      0.0151585     -0.0216627    -0.00847678     -0.0231503    -0.00934129     0.00309426      0.0117487        11.1468      -0.158566       0.160292
       0.144823      0.0126414       0.148719      0.0145267     -0.0453976     -0.0144948     -0.0571018     -0.0232531    -0.00365024      0.0156124        11.3061       -0.23244       -0.11842
       0.146438      0.0109023       0.147984      0.0135891     -0.0204228      -0.021702    -0.00909618     -0.0381107    -0.00990039      0.0106524        5.73968      -0.118536      0.0702893
       0.146251      0.0105225       0.147373      0.0128844     -0.0152397     -0.0173915     -0.0159824     -0.0332966    -0.00630217    0.000166166        6.31722     0.00601272     -0.0226868
       0.144641      0.0110843        0.14634      0.0125732     -0.0238225    -0.00846154     -0.0223228      -0.021491    -0.00568694    -0.00620915        6.91897       0.100057     -0.0972373
        0.14553      0.0117005       0.146225      0.0123477    -0.00488378    -0.00571708    -0.00847493    -0.00531596    -0.00621718    -0.00692488        7.93038      0.0336976      -0.106141
       0.145828      0.0104549       0.146306      0.0116437     0.00127255     -0.0157769     -0.0091551     -0.0141846    -0.00263923    -0.00314726         5.0164     0.00985742      -0.157367
       0.145622     0.00925875       0.146145      0.0108827    -0.00335822     -0.0180152    -0.00348335      -0.019947     0.00205976    -0.00125743        4.63497    -0.00283263      -0.036114
       0.146144     0.00904518       0.146419      0.0103679     0.00558263     -0.0129223    -0.00324637      -0.014659     0.00843936    -0.00106312         4.7993     -0.0508406      0.0357075
       0.145981     0.00892664       0.146374     0.00992052   -0.000403148      -0.010955    -0.00186817     -0.0103599      0.0099954   -0.000999582        5.93559      -0.093363       0.158027
       0.145466     0.00935453       0.146373      0.0100427   -7.18575e-05      0.0015441     -0.0171219     -0.0149202     0.00992209    -0.00160707        2.21723      0.0669581      0.0469662
       0.144201      0.0103971       0.146064      0.0102641    -0.00666883     0.00493553     -0.0335491     0.00336186     0.00326807    -0.00587155        2.76162       0.026152      -0.185406
       0.144963      0.0111144       0.145845      0.0105509    -0.00541536     0.00668984    -0.00438453     0.00841496     0.00103349    -0.00456859        3.21836     -0.0187335     0.00283713
       0.143374      0.0132517       0.145292      0.0115355     -0.0124663      0.0219366     -0.0305233        0.02376     0.00732774    -0.00328006         4.1758     -0.0916439     -0.0990661
       0.144028      0.0129756       0.145275      0.0119029    -0.00163223      0.0101285     -0.0133375      0.0109791     0.00835067     -0.0034541        4.64472     -0.0327458      0.0159386
       0.144059      0.0135171       0.145382      0.0124329     0.00215227      0.0124607     -0.0218847      0.0117776      0.0114953    -0.00670398        5.54561      0.0225307     -0.0322442
       0.143892      0.0168089       0.145029      0.0140856    -0.00740235      0.0369452    -0.00796815      0.0333278      0.0128538    -0.00942029        9.07177      0.0283657       0.170505
       0.142629      0.0160311         0.1449      0.0149834    -0.00352308      0.0230859     -0.0436385    -0.00266182      0.0130803    -0.00925053        6.94426       0.374894      -0.133276
       0.143536      0.0159866       0.144735      0.0156976    -0.00391503      0.0177363     -0.0077418    -0.00123599     0.00765699    -0.00781037        7.73541       0.397774      0.0784469
       0.143367      0.0180772       0.144427      0.0165346    -0.00705154      0.0198512     -0.0120547      0.0359684       0.011214     0.00745367        12.0485      -0.138204       0.143892
       0.142571      0.0169108       0.144098      0.0171754    -0.00781612      0.0158275     -0.0238463     -0.0124713     0.00973636       0.024493        14.8073     -0.0972294      0.0466077
       0.143076      0.0125926       0.143917      0.0160571     -0.0046839     -0.0225717    -0.00862715     -0.0506163     0.00350005      0.0198666        23.0089     -0.0261217       0.086717
       0.143998      0.0138233        0.14403       0.016125     0.00196716   -0.000792559   -4.01534e-05     -0.0287304    6.86082e-05      0.0131825        19.0871      -0.120526       0.079773
       0.145211      0.0147522       0.143976      0.0164203    -0.00096586     0.00629914      0.0280144     -0.0266582    -0.00340646      0.0113418         13.521     -0.0542596       0.333948
       0.145157      0.0155316       0.144323      0.0163935     0.00740223    5.14826e-05   -0.000688188     -0.0056026    -0.00691932      0.0070139          11.16       -0.24322     -0.0357829
       0.146869      0.0139577       0.145162      0.0153004      0.0188596      -0.023605      0.0169468     -0.0100021     -0.0204763     0.00394987        16.3607      -0.387803      -0.234991
       0.148572      0.0139956       0.146074      0.0149268      0.0215732     -0.0104305      0.0323651     -0.0162882     -0.0199907    -0.00543381        20.7038      -0.181585      -0.233045
       0.149707      0.0142595       0.147127      0.0145932      0.0249038     -0.0082487      0.0329282    -0.00811838    -0.00985282     -0.0218862        27.2511       0.042217      -0.180983
       0.153336      0.0160867       0.149585       0.014972      0.0555891     0.00735638      0.0439056       0.011617    0.000501695     -0.0318918        37.9128       0.204621      -0.149219
       0.154048      0.0151995       0.150675      0.0151066      0.0291072     0.00364302      0.0545274     -0.0129663     0.00988955     -0.0313112        29.2847       0.562134       0.230676
       0.152988      0.0181428       0.151739      0.0153095      0.0258832     0.00474867     0.00170962      0.0679609      0.0154255     -0.0220888        13.8114      -0.232224     -0.0165127
       0.154329      0.0164158       0.152904      0.0152684      0.0277704   -0.000413783      0.0174771       0.011902     0.00755126     0.00070821        11.6816       -0.20369      0.0304759
        0.15666      0.0153968       0.154642      0.0153092      0.0403184    0.000840271      0.0180194    -0.00329649     0.00639564    -0.00610687        12.8118     -0.0661671     -0.0698464
       0.157162      0.0187743       0.155474       0.016434      0.0219977      0.0243789        0.02339      0.0351049     0.00613839     -0.0179101        13.0084      -0.162504      0.0452479
        0.15578      0.0205194        0.15613      0.0177172      0.0163631      0.0301552     -0.0226896      0.0282188     0.00731618      -0.021596        14.1171      0.0768825      -0.310967
         0.1578      0.0217731       0.156548      0.0190215      0.0106704       0.031188      0.0366308      0.0274819     0.00762958     -0.0277401        15.4935        0.24742       0.239328
       0.155811      0.0232858       0.156649       0.020276     0.00324703      0.0302164     -0.0249494      0.0379593      0.0182362       -0.02638        14.6558       0.230058     -0.0168504
       0.156603      0.0278347        0.15709      0.0229809      0.0098474       0.061448    -0.00605016      0.0631354      0.0106242     -0.0154415        15.0201      0.0844389      0.0360477
       0.156093       0.026879       0.156953       0.024279    -0.00197996      0.0341826     -0.0123269      0.0247499     0.00931353     -0.0051638        10.9812       0.158008      0.0439675
       0.154802      0.0257816       0.156627      0.0249628    -0.00723622      0.0181897     -0.0309224     0.00750973     0.00932032   -0.000680697         11.091      0.0927881      -0.109546
       0.154649      0.0289486       0.156297       0.026829    -0.00784521      0.0421286     -0.0200042      0.0299173     0.00834888     0.00432645        12.8423      -0.126128     -0.0497831
       0.155204      0.0281075       0.156302      0.0275612   -0.000679915       0.020027     -0.0131352    0.000842092         0.0105     0.00988756        8.89549     -0.0971533      0.0303183
       0.154412      0.0274771       0.156035      0.0280304    -0.00583742      0.0121376     -0.0237987     -0.0142362      0.0128163     0.00568031        9.36818    -0.00794487      0.0122452
       0.153381      0.0290231        0.15572      0.0289939    -0.00738314      0.0220269     -0.0373625    -0.00422386      0.0126408     0.00108873        8.14825      0.0150417      -0.113472
       0.152804      0.0313233       0.155145      0.0303193     -0.0131713      0.0308313     -0.0280564      0.0101821       0.012252    0.000638592        9.85491     -0.0148842     -0.0181472
       0.152667      0.0301251       0.154884      0.0305203    -0.00693432     0.00742344      -0.030725     -0.0109686      0.0157395    0.000831115        8.66687      0.0482415    -0.00232242
       0.152769      0.0295078        0.15477      0.0305341    -0.00315634     0.00104063     -0.0271946     -0.0150419      0.0177744    0.000877964        9.22562      0.0261432      0.0319831
       0.153057      0.0298315       0.154864       0.030535     0.00170503    0.000123415     -0.0273711    -0.00459284      0.0178459     0.00202929        8.17993      -0.143766     0.00593661
       0.150924      0.0281823       0.153992      0.0302399      -0.018665    -0.00636026      -0.043491     -0.0369505      0.0176261     0.00316035        8.36341      0.0630147     -0.0380791
       0.150724      0.0281607       0.153636      0.0298218     -0.0095491    -0.00966764     -0.0412241     -0.0166175      0.0175359    -0.00127174        8.72959     -0.0754825     -0.0682474
       0.150705      0.0277168       0.153269      0.0295675    -0.00889725     -0.0064606     -0.0326217     -0.0295851      0.0177506   -0.000486267        8.95419      0.0337323      0.0106562
       0.150325      0.0276906       0.152802      0.0292626     -0.0109602    -0.00723045     -0.0309548     -0.0190464      0.0201607    -0.00186087        8.21682     -0.0161074      0.0979466
       0.148298      0.0263491       0.151853      0.0285727     -0.0216024     -0.0156258     -0.0510511     -0.0316169      0.0209531    -0.00281991        8.69151      0.0334253      0.0166964
       0.147745      0.0258418       0.151078      0.0280898     -0.0188985     -0.0119937      -0.043232     -0.0308856      0.0181648     -0.0026256        7.57784        0.05565      0.0365591
       0.147955       0.026411       0.150587      0.0279862     -0.0124869    -0.00343605     -0.0338998     -0.0199418      0.0171199    -0.00171543        7.80238     0.00380063      0.0659736
       0.147205      0.0260622       0.149832      0.0274802      -0.017575     -0.0112736      -0.034071     -0.0130949      0.0156726    0.000583518        7.83508       -0.15564      0.0738586
       0.144121      0.0235226        0.14805      0.0261909     -0.0402403     -0.0289757     -0.0507819     -0.0342894       0.012806    0.000978219        7.42766      -0.145296      0.0415254
       0.143038      0.0231181       0.147154      0.0254919     -0.0233694     -0.0179965     -0.0638667     -0.0325857     0.00951976    -0.00449098        6.89511     -0.0568755      -0.232085
       0.142858      0.0233975       0.146164      0.0250325     -0.0237371     -0.0117232     -0.0378992     -0.0222088     0.00746757     -0.0111445        7.38011      0.0121507      -0.104586
        0.14055      0.0237412       0.144799        0.02477      -0.031844    -0.00684293     -0.0584139     -0.0146508      0.0155824     -0.0148505        9.02685      0.0731112      -0.140642
       0.139808      0.0225885       0.143656      0.0243055     -0.0278814     -0.0107158     -0.0426195     -0.0294936      0.0204554     -0.0147894        10.2995       0.253914       0.077204
       0.134424       0.021129       0.140679      0.0228582     -0.0670878     -0.0323332     -0.0765496    -0.00632877      0.0256931     -0.0117827        17.2457       -0.11584       0.172009
       0.132936      0.0198986       0.139147       0.021988     -0.0398013     -0.0220315     -0.0880278     -0.0274773      0.0236817    -0.00142921        11.5186       -0.11167     -0.0138495
       0.132965      0.0172069       0.137787      0.0206903     -0.0333506     -0.0302335     -0.0575791     -0.0516217      0.0166069    -0.00426794        5.19791      0.0820504       0.085323
       0.128347      0.0156401       0.134713      0.0191261      -0.069749     -0.0368096     -0.0786933     -0.0403141      0.0142819     -0.0103731        7.36536      0.0159352       0.109601
       0.128078      0.0164716       0.133117      0.0187749     -0.0414302     -0.0112657      -0.063219     -0.0321949      0.0119912    -0.00933851        6.22552      0.0743318      0.0974559
       0.128153      0.0162737       0.131577      0.0181885      -0.037421     -0.0137939      -0.034242     -0.0223238     0.00758523    -0.00773681        4.72271     0.00706268         0.2643
       0.126597      0.0162844           0.13      0.0178015     -0.0378003    -0.00973738     -0.0462006      -0.017597     0.00304121     -0.0050862        6.93737     -0.0700819      0.0977383
       0.126055      0.0158422       0.128713      0.0176466     -0.0315702    -0.00432073       -0.03359     -0.0303807    -0.00738316     -0.0043049        8.15186      0.0753845     -0.0172983
       0.123594      0.0167238       0.126547      0.0175935      -0.049961    -0.00157779     -0.0323194    -0.00613372     -0.0116132    -0.00635017        3.34385     -0.0812603     -0.0197706
       0.124113      0.0181603       0.125778      0.0182778     -0.0216034      0.0146219     -0.0214769    -0.00672746     -0.0120923      -0.006068        3.64558    -0.00811739      -0.120714
       0.125374      0.0191644       0.125215      0.0189444     -0.0143075      0.0158603      0.0156428   -0.000366821      -0.011378    -0.00721527        4.81964      0.0222532       0.149048
        0.12488      0.0203269       0.124815      0.0195881     -0.0100675      0.0154914   -0.000696217      0.0105942    -0.00647968    -0.00822796        5.18425     -0.0619513      0.0416938
       0.126175      0.0216522       0.125152      0.0207483     0.00625983      0.0266078      0.0131309     0.00303633     -0.0109096    -0.00807847        8.65013      0.0799322     -0.0264983
       0.127954      0.0225085       0.125877      0.0213589      0.0162841      0.0158518      0.0270603      0.0190459     -0.0129804    -0.00928105        11.1059     -0.0857064     -0.0575837
       0.129307      0.0223739       0.127006      0.0218825      0.0260287      0.0128934      0.0225593     0.00064642     -0.0127724    -0.00766124        10.9199   -0.000208542      -0.233565
       0.131479       0.022792       0.128298      0.0220498      0.0305066     0.00490248      0.0454347      0.0167247     -0.0106246    -0.00944067        9.16567      -0.195156     -0.0750003
       0.134938      0.0218964       0.130895      0.0220724      0.0591369    0.000980529      0.0428134     -0.0096561   -0.000168141     -0.0111648        11.5475    -0.00601247      -0.176848
       0.136647      0.0218329       0.132892       0.021847      0.0490597    -0.00477165      0.0468419     0.00359544     0.00320143     -0.0185545        12.9177     -0.0630742     -0.0741177
       0.136091      0.0207762       0.134328      0.0219696      0.0359193      0.0021715      0.0102338     -0.0343666      0.0100141     -0.0199515        12.6784       0.415029      -0.217405
       0.140651      0.0235961       0.137136      0.0223957       0.064231     0.00942136      0.0465819      0.0338933      0.0132353     -0.0208677        13.1365      -0.055639   -0.000921173
       0.140714      0.0228961       0.138592      0.0225489      0.0378822     0.00425079      0.0234982    0.000872151      0.0217219    -0.00594128        9.33548     -0.0339933      0.0932317
       0.142518       0.022618       0.139745      0.0223557       0.028698    -0.00374794      0.0378435      0.0100415      0.0226762    -0.00536026        7.65662     -0.0451281       0.143226
       0.142776       0.020706       0.141174      0.0224375      0.0337276     0.00139225     0.00899951     -0.0438553      0.0188771    -0.00883116        6.97855       0.216721      0.0626923
       0.143554      0.0223085        0.14204      0.0229412      0.0220718      0.0110185      0.0253837    -0.00162039      0.0125503     -0.0108273        6.84099      0.0793298       0.229024
       0.144978      0.0244888       0.143635      0.0242108      0.0366677      0.0285242     0.00312901    -0.00416276     0.00964946    -0.00319637         8.4243       0.127165     -0.0174809
       0.144851      0.0235629       0.144083      0.0242226      0.0133549     0.00310826     0.00870115    -0.00581905    0.000665489      0.0010805        12.6611     -0.0463101     -0.0212854
       0.146664      0.0221126       0.145145      0.0237914      0.0242642    -0.00900258      0.0177984     -0.0198177    0.000343386     0.00537347         11.548      -0.178718     -0.0168713
       0.147099      0.0201049       0.145918      0.0231146      0.0191309     -0.0155196      0.0111912     -0.0456306     0.00121588     0.00417291        8.59815     -0.0602686     -0.0612256
        0.14693      0.0203682       0.146126      0.0227852     0.00640633    -0.00866659      0.0140182     -0.0316681     0.00253672    -0.00299586        7.51929     -0.0657219      0.0658787
       0.146437       0.021105       0.146576      0.0226816      0.0103626    -0.00310539     -0.0123184     -0.0210833      0.0049519    -0.00639321        5.80904      -0.074238      -0.144832
        0.14691      0.0213593       0.146751      0.0224625     0.00480948    -0.00504344     0.00742732     -0.0130794     0.00387305    -0.00832201         6.6863      -0.105447      0.0261393
       0.148554      0.0200694       0.147662      0.0219009      0.0201662     -0.0126349     0.00973522     -0.0296549     0.00823647     -0.0115206        5.80179      0.0570712      0.0544152
       0.147663      0.0205089       0.147864       0.021554     0.00636083    -0.00875671    -0.00832346    -0.00938694     0.00834734     -0.0159079        6.46374     -0.0293852      -0.038158
       0.148638      0.0221911       0.148132      0.0220193     0.00642933     0.00917682      0.0136344     0.00155283     0.00655073     -0.0163007        8.07421     -0.0275194       0.166567
       0.148022      0.0222041       0.148611      0.0220853      0.0109832     0.00234314     -0.0237421     0.00128446     0.00585705     -0.0157688        10.1593     -0.0273119       -0.19468
       0.148624      0.0228757       0.148859       0.022242     0.00647475     0.00361836   -0.000878311      0.0122418    0.000610891     -0.0163845        9.90427       -0.12376      -0.102082
       0.151638      0.0234439       0.149816      0.0231152      0.0213109      0.0192222      0.0349079     -0.0112609     0.00691361     -0.0176157        12.3456       0.233057       0.247274
       0.150667      0.0248907       0.150057       0.023871     0.00734627      0.0182481     0.00361296        0.01387      0.0114356     -0.0224917        13.7416       0.175249       0.181423
        0.14975      0.0258325       0.150141      0.0246895     0.00253804      0.0195044     -0.0131717       0.013761     0.00262028     -0.0147829        14.0753      0.0979761     -0.0395007
        0.15129      0.0265543       0.150329      0.0254865     0.00432508      0.0191662      0.0210931       0.015702    -0.00666719     -0.0053295        13.2392      -0.051208       0.146948
       0.151552      0.0255864       0.150649      0.0258273      0.0073275     0.00927719     0.00647952    -0.00868237    -0.00736957   -0.000210178        11.9551     -0.0148893      -0.014946
       0.151252      0.0243333       0.150628      0.0257044    0.000285358    -0.00172714     0.00739019     -0.0217077     -0.0112893    -0.00149668        13.4031      0.0176429     -0.0776197
       0.152717      0.0250299       0.150833      0.0259189     0.00445901     0.00446134      0.0354954     -0.0107318     -0.0117496    -0.00258483         12.415     -0.0542452       0.169327
       0.150979      0.0265387       0.150661      0.0264553    -0.00327325      0.0120316    -0.00583781     0.00354554    -0.00945896    -0.00256218        12.0671      -0.189152      -0.132322
       0.151831      0.0268854       0.151005      0.0267148     0.00711548     0.00680945      0.0105656     0.00227218     -0.0140659    -0.00404931         17.314      -0.213653      -0.165195
       0.151945      0.0266436       0.151192       0.026601     0.00474323    -0.00177903     0.00941186    0.000761868     -0.0108001      -0.011848        17.7907      -0.181686      -0.159753
       0.151606      0.0274321       0.151284       0.026838     0.00244929     0.00494269     0.00495313     0.00489771    -0.00204116     -0.0229479         23.666     -0.0513141     -0.0983058
       0.148421      0.0290692        0.15129      0.0271987    0.000385906     0.00828457     -0.0658637      0.0292176     0.00470645     -0.0302763        28.5548     -0.0689504      -0.696227
       0.150837      0.0290521       0.151676      0.0277476     0.00836975       0.012685      0.0100741     0.00371969     0.00945491     -0.0320904        28.3776       0.243792      -0.101667
        0.15068      0.0295862       0.151462      0.0280409    -0.00377889     0.00760442      0.0043124        0.02317      0.0367277     -0.0341928         27.855       0.183776       0.375492
       0.147438      0.0293353        0.15061      0.0287404     -0.0187789      0.0158701     -0.0433748    -0.00673079      0.0420641     -0.0257928        20.6529       0.478567       0.434654
        0.14648       0.031354       0.149796       0.029381      -0.019472       0.015424     -0.0424068      0.0437245      0.0270037     -0.0142021        20.1525     -0.0363401       0.435679
       0.142078      0.0301085       0.147426      0.0298883     -0.0531408      0.0124992     -0.0773579    -0.00596236     0.00755781     0.00422608        26.5572      0.0182957       0.100853
        0.14128      0.0262364       0.146467      0.0294093     -0.0260158    -0.00909756     -0.0892167     -0.0575192    -0.00967866     0.00507497        20.3116       0.282091      -0.588441
       0.143228      0.0286364       0.145866      0.0295551     -0.0155808      0.0022399     -0.0255093     0.00881325     -0.0124227     0.00368606        19.0738       -0.29213      -0.391608
       0.138711      0.0282502       0.143622       0.029952     -0.0500306     0.00879703     -0.0631385     -0.0360163      0.0109071      0.0136672        24.8045     -0.0755261      -0.308997
       0.139036      0.0273179       0.142035      0.0296526     -0.0392904    -0.00558725    -0.00522795     -0.0318379      0.0284272     0.00483965        36.5881     -0.0483952       0.480757
       0.132607        0.02558       0.139765        0.02966     -0.0529523   -0.000398074      -0.115036     -0.0802522      0.0398175   -0.000870836         42.141       0.496371      0.0373641
       0.133157      0.0274504       0.137812      0.0295967     -0.0474753    -0.00140717     -0.0326608     -0.0119608      0.0235952    -0.00244154        28.6291       0.088392       0.597407
       0.131097      0.0270462       0.135649      0.0294081     -0.0514769    -0.00421404     -0.0596096     -0.0299328      0.0198589      0.0166533        27.0245      -0.104836       0.467488
       0.124601      0.0233224       0.132183      0.0274949     -0.0800112     -0.0417478      -0.116228     -0.0415669    -0.00291401      0.0220163        36.1326      -0.533833      -0.239177
       0.126115      0.0193915       0.130192       0.026163     -0.0509994      -0.032943     -0.0385387      -0.114153     -0.0221246        0.01678        16.0476      0.0998415      -0.109772
       0.128101      0.0228313       0.129105      0.0258175     -0.0285942     -0.0107571    2.00085e-05     -0.0226633     -0.0131113    -0.00529493        8.06167      -0.266438      0.0906969
       0.123863      0.0228752        0.12744      0.0256803     -0.0388275    -0.00403992     -0.0654926      -0.052394    -0.00471395    -0.00892724         9.0243       0.106635       -0.50354
       0.121727      0.0237005       0.124801      0.0250949     -0.0608812     -0.0130491     -0.0133099    -0.00498436    -0.00686806     -0.0156583         12.528      -0.185148      0.0357049
       0.122649      0.0237775       0.124347      0.0247191     -0.0158918    -0.00942187      -0.022128     -0.0118972      0.0110181     -0.0141326         10.678      -0.176645      0.0317738
       0.120661      0.0206162       0.123121      0.0238762      -0.028079     -0.0191487     -0.0299164     -0.0629489      0.0119604     -0.0191721        10.2781        0.38043      0.0489496
       0.116368      0.0204683       0.120351      0.0226677     -0.0626268     -0.0280176      -0.040868     -0.0139859     0.00950116     -0.0265702        12.3476      0.0615312       0.207406
       0.118794      0.0215872       0.120211      0.0228884    -0.00929079     0.00196535     -0.0170097     -0.0227132     0.00698513     -0.0133615        8.07051        0.14156        0.16426
       0.118916      0.0204902       0.119784       0.022429     -0.0101502    -0.00972661     -0.0146384     -0.0246931     -0.0036059    -0.00812341        14.4157      0.0559667     -0.0183485
       0.119963      0.0204998        0.11976      0.0224219    -0.00154239    -0.00112675     0.00251115     -0.0273262     -0.0101611    -0.00294269        16.0883       0.019413      -0.100521
       0.120158      0.0205499       0.119595      0.0224141    -0.00370232   -0.000279522     0.00916819        -0.0248      -0.010335    -0.00096072        10.6891     -0.0579056      -0.102466
       0.119334      0.0220034       0.119387      0.0230958    -0.00487892      0.0146965    -0.00417331     -0.0181375    -0.00577563    -0.00013448        7.90094     -0.0689502      -0.207629
       0.118592      0.0230257       0.118993      0.0237552      -0.008984      0.0157112    -0.00193766     -0.0135841    -0.00126236    -0.00150276        7.25206      -0.058383      -0.119108
       0.117848      0.0243529       0.118639      0.0244098    -0.00855477      0.0157101    -0.00838824   -0.000330955      0.0070774    -0.00465263        8.87921      -0.143706     -0.0392124
       0.116145      0.0247313       0.118152      0.0250042      -0.011362      0.0144114     -0.0317797     -0.0109214      0.0134862    -0.00720717        10.7639     -0.0252591      -0.133499
       0.114122      0.0263659       0.116866      0.0260843     -0.0289222      0.0247716     -0.0281035    -0.00393351      0.0159796     -0.0137174        16.4024      0.0969275      0.0670715
       0.113241      0.0273209       0.116266      0.0269199     -0.0158526      0.0205263     -0.0445402    0.000780213      0.0206533     -0.0151308        12.4048       0.119515     -0.0223878
        0.11268      0.0287462        0.11524      0.0273924     -0.0237386      0.0122576     -0.0235476      0.0308427      0.0194517     -0.0116906        13.4681      -0.272541       0.212029
       0.109309        0.02704       0.113243      0.0278688     -0.0455123      0.0115159     -0.0492152     -0.0315434      0.0194363    -0.00681235          13.04       0.166995       0.207257
        0.10923      0.0258404        0.11234      0.0275369     -0.0240538    -0.00601739     -0.0425183     -0.0233076      0.0110471     -0.0159243        9.29183       0.163067      0.0761047
       0.108906      0.0271048       0.111511       0.028039     -0.0203292      0.0102434     -0.0384152     -0.0148885    0.000152412    -0.00947119        8.60415        0.12705       -0.12004
       0.109901      0.0274986       0.110863       0.028082     -0.0160299     0.00195296    -0.00268072    0.000619953    -0.00277072    -0.00221683        10.5154      -0.165855      0.0652355
       0.108942      0.0246436       0.110167      0.0274451     -0.0166347     -0.0135618     -0.0181378     -0.0466174     0.00107962      0.0030111        6.73602      0.0112316     -0.0340155
       0.108624      0.0217724       0.109462      0.0260633     -0.0168856     -0.0312018     -0.0046529     -0.0580273    6.19324e-05     -0.0027156        7.26426      0.0541334        0.06864
       0.108938      0.0219929       0.109116      0.0254829    -0.00915132      -0.015657     0.00125619     -0.0458233    0.000332776    -0.00369741        6.11744      0.0260599       0.109872
       0.108645      0.0219352       0.108908      0.0249435    -0.00542543     -0.0132171    -0.00726031     -0.0385635    -0.00146335    -0.00149251        7.43144     -0.0486486     -0.0429505
       0.110384      0.0217342       0.109383      0.0243944     0.00972576     -0.0131816      0.0140622      -0.032578    -0.00543505   -2.80261e-05        8.81048      -0.144283     -0.0486771
       0.111426      0.0196841       0.110318      0.0233517        0.02116     -0.0238403     0.00347014     -0.0532604    -0.00620514   -0.000901592        6.84902     -0.0241891       -0.30221
       0.113523      0.0213743       0.111236      0.0230816       0.021954      -0.008219      0.0387539     -0.0132105    -0.00374394    -0.00660182        4.65487      -0.237774      -0.021639
       0.113054      0.0225515        0.11194      0.0231672      0.0174035     0.00102669      0.0072742    -0.00845274     0.00852114    -0.00855507        5.59653      -0.218909      -0.103508
       0.115309      0.0255184       0.113558      0.0243139      0.0366885      0.0248718      0.0195672      0.0113339      0.0103037     -0.0175462        12.6869     -0.0990596     -0.0603704
       0.115904      0.0265339       0.114539      0.0254492      0.0248516      0.0270095       0.017032    -0.00260564      0.0134673     -0.0272409         16.083       0.314741      0.0424121
       0.116541      0.0307587       0.115454      0.0271671      0.0222465       0.039807      0.0130618      0.0550444      0.0160119      -0.031039        16.2016      0.0556606       0.116879
       0.116192      0.0321936       0.116071      0.0289235      0.0155639      0.0419198     -0.0060508       0.033562      0.0157564     -0.0200355        9.80322       0.160806     0.00525718
       0.118175      0.0339469       0.117004      0.0305444      0.0216976      0.0392031      0.0187603      0.0476539      0.0112396      -0.015949        10.2611     -0.0410175       0.150134
       0.120637      0.0359631       0.118583      0.0328468      0.0362841      0.0536517      0.0205905        0.02778      0.0103278     -0.0108478        10.4201         0.1169      0.0704822
       0.120614      0.0368238       0.119314      0.0342282      0.0194215      0.0352042      0.0112682      0.0351001     0.00449688     -0.0107763        9.27018     -0.0507817     -0.0357146
       0.121815      0.0378154       0.119989      0.0354631      0.0165107      0.0301946      0.0273179      0.0262599     0.00116307    -0.00765706        9.61092     -0.0842906      0.0763795
       0.122505       0.038677       0.120283      0.0370357     0.00801386      0.0369874      0.0281067     0.00817844     0.00078136    -0.00669171        11.8902       0.054203      0.0858571
       0.123976      0.0426027       0.121225      0.0396852      0.0211371      0.0609271      0.0396279      0.0321114   -0.000461039       -0.01085        16.4677      0.0851293       0.171641
       0.123877      0.0439832       0.121818      0.0411202      0.0149405      0.0370898      0.0209284      0.0378108     -0.0041036     -0.0100072        17.1128     -0.0489803      0.0193695
       0.124615      0.0423343       0.122289      0.0421374      0.0116643      0.0256807      0.0330968     -0.0182614     -0.0111328    -0.00633193        16.0336       0.319748      0.0348453
       0.126133      0.0459114       0.123566      0.0444081      0.0287532      0.0516148      0.0223113      0.0153256     -0.0121742    -0.00678386        21.8364       0.216516      -0.257146
       0.127669      0.0457246       0.124266      0.0450491      0.0179935      0.0190059      0.0559508      0.0150377     -0.0128149     0.00433861        15.6855      -0.100863      0.0357836
       0.127624      0.0454316       0.125012      0.0459266      0.0179031      0.0208545      0.0299537     -0.0131528      -0.003681      0.0146243        11.5393      -0.130652      -0.040249
        0.12774      0.0439291       0.125774      0.0461465      0.0182469     0.00683561      0.0219185     -0.0390392    -0.00107842       0.013209        9.47129     -0.0171481      -0.112318
       0.128803      0.0455706       0.126678       0.046538      0.0213461     0.00914049      0.0277658    -0.00486708   -0.000670966     0.00653731         9.8133      -0.294465     -0.0689743
       0.131227      0.0472679       0.128491      0.0477887      0.0413014      0.0279292      0.0288329     -0.0213256      0.0033806     0.00585209        10.0294     -0.0421272      -0.140392
       0.131368      0.0480113       0.129253      0.0484918      0.0205874        0.01798      0.0306987      -0.012469     0.00716061    -0.00222481        13.4741      0.0501104      0.0210091
       0.130858      0.0497976       0.130027      0.0491154       0.018788      0.0152688     0.00200533       0.014758      0.0128742    -0.00584496        15.0903      -0.160642        -0.1066
       0.131522      0.0496922       0.130699      0.0495884       0.016384      0.0117429      0.0129904     -0.0057981      0.0145684    -0.00439061        13.3919     -0.0337316       0.030892
       0.132816      0.0510025       0.131807       0.050389      0.0255813      0.0184679     0.00854389     0.00521224      0.0174777    -0.00883533        15.1305    -0.00438057      0.0185573
       0.131413       0.052062       0.132019       0.051186     0.00712057        0.01906     -0.0163554     0.00744091      0.0172696     -0.0113347         17.931      0.0451555      -0.115622
       0.131645       0.051761       0.132315      0.0515684     0.00710848      0.0101672    -0.00952347    -0.00266891      0.0166274     -0.0111892        19.1415       0.124356      -0.059324
       0.131879      0.0520038       0.132443      0.0517255     0.00348211      0.0044099    -0.00431838     0.00845962      0.0197464    -0.00996209        15.2969     -0.0394125      0.0890234
       0.130474       0.051317       0.132192      0.0519552    -0.00506717     0.00540254     -0.0277354     -0.0165461      0.0224018    -0.00488986         13.468      0.0993015      0.0210847
       0.131625      0.0509995       0.132072      0.0518869    -0.00309805    -0.00093429     0.00672713     -0.0100124      0.0215461    -0.00353993        12.3469      0.0231154       0.347043
       0.129665      0.0509703       0.131874       0.051938    -0.00458868     0.00100952     -0.0488072     -0.0138868      0.0192435     -0.0014006        11.1584     -0.0257041      -0.150395
       0.130813      0.0504221       0.131793      0.0517693    -0.00220885    -0.00354312    -0.00729816     -0.0184899     0.00555009    4.96983e-05        11.4614     -0.0468055     -0.0302193
       0.130692      0.0496251       0.131552      0.0517331    -0.00543349    -0.00113628     -0.0120278     -0.0380541     0.00974816   -0.000232708        8.91049       0.162968     -0.0334613
       0.130359      0.0500049       0.131451      0.0516139    -0.00272431    -0.00268807     -0.0174319     -0.0178119      0.0120458    -0.00127174        9.18698      0.0254893     -0.0866072
       0.128817       0.049485       0.130498      0.0513265     -0.0208637     -0.0064775     -0.0155863     -0.0243432      0.0120458    -0.00127174        9.33473     -0.0288798      0.0716539
       0.128377      0.0492019       0.130172      0.0512032    -0.00911398    -0.00330998     -0.0270953     -0.0286412      0.0120458    -0.00127174        9.52613     -0.0367967    -0.00136807
       0.126699      0.0468151       0.128921       0.050292      -0.027931     -0.0200137     -0.0214224     -0.0517014      0.0120458    -0.00127174        9.87414      0.0876507        0.15581
       0.126333      0.0472282       0.128371      0.0499914     -0.0146757    -0.00849347     -0.0300859     -0.0355061      0.0120458    -0.00127174        9.15282      0.0174158      0.0396702
       0.125182       0.047978       0.127558       0.049906     -0.0190308    -0.00269339     -0.0348635     -0.0229574      0.0120458    -0.00127174        8.94151      -0.112917       -0.10308
       0.124866      0.0473449       0.126661      0.0495967     -0.0212729    -0.00695053     -0.0170861     -0.0325051      0.0120458    -0.00127174        7.68479     -0.0837011      0.0142463
       0.124423      0.0472471       0.126015      0.0494444     -0.0160879    -0.00398484     -0.0200254     -0.0329181      0.0120458    -0.00127174        8.34528     -0.0146146      0.0125133
       0.124495      0.0470663       0.125764      0.0491753    -0.00702964    -0.00621201     -0.0182103     -0.0302861      0.0120458    -0.00127174         8.1306      0.0237441     -0.0371645
       0.125064      0.0475986       0.125759      0.0490213   -0.000819157    -0.00394679    -0.00907646     -0.0160625      0.0120458    -0.00127174        6.37674     -0.0703203     -0.0295592
       0.124484      0.0477023       0.125407      0.0488994    -0.00767986    -0.00302721     -0.0114678      -0.016004      0.0120458    -0.00127174        6.58194     -0.0894982     -0.0061567
       0.124033      0.0472115       0.125204      0.0487059    -0.00514342    -0.00448319     -0.0181078      -0.024051      0.0120458    -0.00127174        7.47419     0.00969489     -0.0589283
       0.124276      0.0463817       0.125119      0.0481508    -0.00236732     -0.0124388    -0.00950308     -0.0235959      0.0120458    -0.00127174        7.67667      0.0271344     0.00207501
       0.124226      0.0461582       0.125042      0.0478349    -0.00189144    -0.00806605     -0.0110211     -0.0242173      0.0120458    -0.00127174        8.23562      0.0743707      0.0235971
       0.124503      0.0459275       0.125039      0.0474907   -0.000241608    -0.00824129    -0.00538617     -0.0199568      0.0120458    -0.00127174        7.23533      0.0416257      0.0871958
       0.124619      0.0449015       0.125008      0.0469814   -0.000695893     -0.0118271     -0.0044711     -0.0296626      0.0120458    -0.00127174        6.42237      0.0724254       0.110719
       0.125024      0.0452006       0.125092      0.0468624     0.00173511    -0.00375143     -0.0011652     -0.0211991      0.0120458    -0.00127174        6.91253     0.00970531      0.0931954
       0.124445      0.0447418       0.124911      0.0468031    -0.00373635    -0.00165641     -0.0102412     -0.0337133      0.0120458    -0.00127174        6.98113       0.104635     -0.0440997
       0.124493      0.0457302       0.124708      0.0471328    -0.00475068     0.00695514    -0.00148223     -0.0188918      0.0120458    -0.00127174        7.75266      0.0298818     -0.0432375
       0.124527      0.0452831       0.124599       0.047191      -0.002825     0.00195409   -0.000883162     -0.0301818      0.0120458    -0.00127174        8.04819      0.0575943     -0.0551165
       0.124796      0.0458795       0.124391      0.0474315    -0.00479135     0.00539015      0.0130153        -0.0197      0.0120458    -0.00127174        7.49854     -0.0486756       0.123809
       0.124455       0.045356       0.124316      0.0474566    -0.00209812     0.00107999   -0.000141633      -0.032841      0.0120458    -0.00127174        7.54759     -0.0185967      0.0549173
       0.124273      0.0452106       0.124288      0.0474137   -0.000804779   -0.000817765    -0.00314019     -0.0309326      0.0120458    -0.00127174        5.64149     -0.0521038      -0.054121
       0.123796      0.0452019       0.124051      0.0474674    -0.00521294     0.00107678    -0.00485405     -0.0351683      0.0120458    -0.00127174        5.75441     0.00373851      -0.123319
       0.124145      0.0457497       0.124118      0.0474484    0.000932893   -0.000301815    0.000217834     -0.0198819      0.0120458    -0.00127174         6.8758      -0.118118      -0.123066
        0.12354      0.0459405       0.123953      0.0474076    -0.00346863   -0.000910643    -0.00567494     -0.0197848      0.0120458    -0.00127174        7.50667      -0.152314      -0.103351
       0.123589      0.0458378       0.124003      0.0474284     0.00073573    0.000357616     -0.0042451     -0.0269527      0.0120458    -0.00127174        12.3147     -0.0254027     -0.0258042
       0.123046      0.0463469       0.123998      0.0474853   -3.34471e-05     0.00126344      -0.015534     -0.0168059      0.0120458    -0.00127174        13.9133     0.00601718     -0.0449076
       0.123434      0.0467422       0.124076       0.047446     0.00167502   -0.000721047    -0.00519368    -0.00813461      0.0120458    -0.00127174        9.97237     -0.0355569      0.0854168
       0.123233      0.0463798       0.124126      0.0474928     0.00125347    0.000938471     -0.0143994     -0.0220476      0.0120458    -0.00127174        9.12996       0.123109      0.0661485
       0.123624      0.0459833       0.124217      0.0473713     0.00209226    -0.00253137    -0.00702347     -0.0210874      0.0120458    -0.00127174        7.65088       0.159803       0.108336
       0.123192      0.0460423       0.124143      0.0473937     -0.0013869    0.000231351     -0.0174217     -0.0190408      0.0120458    -0.00127174         10.058       0.115282    -0.00897992
       0.123813      0.0461607       0.124134      0.0474952   -0.000349512     0.00221536    -0.00119402     -0.0172165      0.0120458    -0.00127174        11.1031      0.0157112      0.0624037
       0.123639      0.0449473       0.124132      0.0473061   -7.95295e-05    -0.00386333     -0.0108209     -0.0364962      0.0120458    -0.00127174        12.1689      0.0495901     -0.0455015
       0.123966      0.0451331        0.12417      0.0474483     0.00082262     0.00268466    -0.00191496     -0.0336217      0.0120458    -0.00127174        11.9656      0.0285669     -0.0240571
       0.124192      0.0450861       0.124093      0.0474964    -0.00157229     0.00130785     0.00528991     -0.0348363      0.0120458    -0.00127174        11.6441     0.00763382      0.0805101
       0.123913      0.0445371        0.12412      0.0474668    0.000418749   -0.000509002    -0.00626607     -0.0452692      0.0120458    -0.00127174        10.8321      0.0605305     -0.0052339
       0.124365      0.0444772       0.124165      0.0474299     0.00101165   -0.000846068     0.00555275      -0.041632      0.0120458    -0.00127174        12.3182      0.0268043      0.0595971
       0.124806      0.0442984       0.124248      0.0474843     0.00188752     0.00109004     0.00939651     -0.0486417      0.0120458    -0.00127174        13.3595      0.0725307      0.0997106
       0.124131       0.044314       0.124093      0.0474689    -0.00314336   -0.000224368    -0.00263653     -0.0436686      0.0120458    -0.00127174         13.999    -0.00605212      -0.011702
       0.124192      0.0447515       0.124119      0.0474231    0.000234444    -0.00101241    -0.00162637     -0.0321767      0.0120458    -0.00127174        12.1192      -0.200328       -0.10667
       0.124542      0.0442836       0.124253      0.0475017     0.00291975      0.0015974     0.00294847     -0.0530924      0.0120458    -0.00127174        9.59365     -0.0422865      -0.131083
       0.124111      0.0448764       0.124112      0.0474986    -0.00275094    9.25508e-05     0.00148617     -0.0343792      0.0120458    -0.00127174        9.80756      -0.109573     -0.0794831
       0.124488      0.0456885       0.124208      0.0473999     0.00180126    -0.00212278     0.00794903     -0.0183624      0.0120458    -0.00127174        12.2483      -0.253071      0.0573468
       0.122841       0.045465       0.124066      0.0474162    -0.00288097    0.000139199     -0.0264376     -0.0347393      0.0120458    -0.00127174        9.99058     -0.0567634      -0.164506
        0.12303      0.0458398       0.124114      0.0474508    0.000740262    0.000762095     -0.0143327     -0.0260011      0.0120458    -0.00127174        13.0828      0.0599457      -0.123608
