       -0.05848     -0.0194984       -0.09016     -0.0118328        0.38016      -0.091987        0.38016      -0.091987    -7.1789e-05    6.54456e-06   -1.17563e-06      0.0102167        62.6405
     -0.0845014     -0.0176528       -0.09016     -0.0118328              0              0       0.110404     -0.0605103   -0.000271465     0.00154268      0.0204334      0.0272288         75.168
     -0.0874048     -0.0144119       -0.09016     -0.0118328              0              0      0.0109622      -0.023484    -0.00378397      0.0124522      0.0340242      0.0348501        65.5143
     -0.0880645     -0.0153922       -0.09016     -0.0130547              0     -0.0293248      0.0355326     -0.0199143     -0.0223572      0.0193615      0.0356755       0.026556        67.3492
     -0.0838205      -0.021392     -0.0889333     -0.0154984      0.0294399     -0.0586496      0.0744507     -0.0871118     -0.0283979      0.0198071       0.017436      0.0193543        57.2124
     -0.0827785     -0.0222897     -0.0877067     -0.0167203      0.0294399     -0.0293248      0.0514239     -0.0808598     -0.0353946      0.0113888      0.0212727      0.0327272          58.79
     -0.0758134     -0.0245104     -0.0852533     -0.0179421        0.05888     -0.0293248       0.145291      -0.103333     -0.0453874      0.0115543      0.0441823      0.0705433        65.1244
     -0.0752969     -0.0247494        -0.0828      -0.019164      0.0588799     -0.0293248      0.0670282     -0.0582539     -0.0425617      0.0292933      0.0969043       0.108322        71.5532
     -0.0665482     -0.0272964     -0.0778933     -0.0216077        0.11776     -0.0586496       0.147653     -0.0479772      -0.048171      0.0549129       0.119737       0.100986        65.7403
     -0.0631298     -0.0348064     -0.0742133     -0.0252733        0.08832      -0.087974       0.145964      -0.126494     -0.0289653      0.0634849      0.0822363      0.0627913        69.9025
     -0.0588183     -0.0405782     -0.0705333     -0.0289389        0.08832     -0.0879744        0.16814      -0.162395     -0.0125499      0.0459055      0.0433464      0.0361433        64.2293
     -0.0611325     -0.0401751       -0.06808     -0.0313826      0.0588799     -0.0586495      0.0659401      -0.109207    -0.00324407      0.0240388      0.0289407      0.0213299        61.0536
     -0.0504122     -0.0466396     -0.0619467     -0.0362701         0.1472      -0.117299       0.147025      -0.127492      -0.011877       0.017807      0.0137191      0.0067482        47.2032
     -0.0494784     -0.0458137     -0.0582667     -0.0387138        0.08832     -0.0586491       0.101284     -0.0890549    -0.00556352      0.0116732   -0.000223113    -0.00396152        42.9087
     -0.0471871     -0.0492535     -0.0545867     -0.0423794        0.08832     -0.0879744      0.0850905     -0.0775968    0.000582312      0.0035901    -0.00770004     -0.0148407         44.167
     -0.0430543      -0.052262     -0.0509067      -0.046045        0.08832     -0.0879744       0.106347     -0.0683162     0.00983593    0.000270474     -0.0219814     -0.0316624        46.6317
     -0.0309319     -0.0624007     -0.0435467     -0.0521543        0.17664      -0.146624       0.154006      -0.131273      0.0197625    -0.00639511     -0.0413435     -0.0384302        43.8935
     -0.0319826     -0.0601914     -0.0410933     -0.0558199      0.0588803     -0.0879742       0.159777     -0.0169404      0.0169587     -0.0159797     -0.0355174     -0.0354328        42.2179
     -0.0294148     -0.0638095     -0.0374133     -0.0582637        0.08832     -0.0586495      0.0458945     -0.0813245     0.00702712     -0.0145028     -0.0353483     -0.0289989        42.6383
     -0.0250805     -0.0632126     -0.0337333     -0.0607074        0.08832     -0.0586496       0.122582     0.00388799     -0.0133133     -0.0121302     -0.0226487     -0.0386836        30.5827
      -0.011113     -0.0776182     -0.0251467     -0.0680386        0.20608      -0.175949       0.151104      -0.123492     -0.0032964    -0.00542165      -0.054719     -0.0594834        42.7033
     -0.0137196     -0.0753582     -0.0226933     -0.0704823      0.0588803     -0.0586494       0.122995     -0.0531755    -0.00304117      -0.019479     -0.0642488     -0.0658008        31.3593
     -0.0109459     -0.0774311     -0.0190133     -0.0741479        0.08832     -0.0879743      0.0968512     -0.0195131      0.0106283     -0.0259932     -0.0673522     -0.0774299        32.6562
     -0.0114382     -0.0796434       -0.01656     -0.0765916      0.0588799     -0.0586494      0.0561058     -0.0482723      0.0130759     -0.0265474     -0.0875077     -0.0775485        30.5285
    -0.00134395     -0.0822542     -0.0104267     -0.0802572         0.1472     -0.0879745       0.101642     0.00585002      0.0131253     -0.0355917     -0.0675883     -0.0743491        20.4879
    -0.00278689     -0.0847706    -0.00797335      -0.082701      0.0588799     -0.0586494      0.0609427     -0.0312672      0.0171954     -0.0276317     -0.0811106     -0.0727565         31.152
     0.00146796      -0.086156    -0.00429335     -0.0851447        0.08832     -0.0586495      0.0692324     0.00523796      0.0255337     -0.0339803     -0.0644011     -0.0628109        28.4667
     0.00543138     -0.0925391   -0.000613346     -0.0888103        0.08832     -0.0879745      0.0748518     -0.0469325      0.0301987     -0.0275704     -0.0612207     -0.0503949        34.0204
     0.00482656     -0.0936828        0.00184     -0.0900321      0.0588803     -0.0293244      0.0127972     -0.0582914      0.0295253     -0.0249522     -0.0395682     -0.0300619        38.7305
      0.0106902     -0.0942467     0.00429333     -0.0924759      0.0588799     -0.0586497        0.12324     0.00122184      0.0213408     -0.0148238     -0.0205555      -0.020491        37.4775
      0.0112322     -0.0952515     0.00674665     -0.0936977      0.0588799     -0.0293248      0.0265915     -0.0251534       0.018462     -0.0049143     -0.0204254     -0.0140875        29.6887
      0.0141029     -0.0978427         0.0092     -0.0961415      0.0588803     -0.0586495      0.0602371     0.00244713     -0.0070652    -0.00434376    -0.00774956      -0.019133        31.3224
      0.0258618      -0.102282      0.0153333     -0.0985852         0.1472     -0.0586494       0.119543     -0.0535663     -0.0186892   -0.000103843     -0.0305181     -0.0306668         34.573
        0.02621      -0.100931      0.0177867     -0.0998071      0.0588799     -0.0293248       0.115222    0.000846477     -0.0185104    -0.00929142     -0.0308154     -0.0394174        25.8067
       0.027522      -0.101846        0.02024      -0.101029      0.0588803     -0.0293249      0.0922859     -0.0107365     -0.0093595     -0.0115268     -0.0480194     -0.0501201        24.1003
      0.0319155     -0.0998239        0.02392      -0.101029        0.08832              0      0.0957077      0.0176826    -0.00792244     -0.0183336     -0.0522206     -0.0506469         19.991
       0.041042      -0.105365      0.0300533      -0.103473         0.1472     -0.0586495       0.125982     -0.0238676    -0.00795164     -0.0212011     -0.0490733     -0.0404516        25.9912
      0.0400705      -0.100498      0.0325067      -0.103473      0.0588799              0       0.101033      0.0666169    -0.00615349     -0.0200926     -0.0318297     -0.0458791        16.2559
      0.0441004      -0.104042      0.0361867      -0.104695        0.08832     -0.0293246      0.0992262     0.00299514     0.00687716    -0.00925661     -0.0599281     -0.0629221        19.0586
      0.0531505      -0.102495        0.04232      -0.104695         0.1472              0       0.126944      0.0338126     0.00798652     -0.0212422      -0.065916     -0.0670922        20.1113
      0.0512048      -0.104339      0.0447733      -0.105916      0.0588799     -0.0293248       0.075076      0.0290863     0.00488303     -0.0262345     -0.0682679     -0.0696381        18.6588
      0.0558646      -0.100825      0.0484533      -0.104695        0.08832      0.0293248      0.0929504      0.0434649      0.0038943     -0.0263738     -0.0710086     -0.0616067         16.936
      0.0568922      -0.100106      0.0509067      -0.104695      0.0588799              0      0.0746429      0.0796907     0.00456593     -0.0271386     -0.0522051     -0.0570381         14.589
      0.0672348     -0.0981057        0.05704      -0.103473         0.1472      0.0293246       0.116892      0.0681467     0.00355825      -0.019297     -0.0618713     -0.0621829        21.9512
      0.0669598     -0.0968568      0.0594933      -0.102251      0.0588803      0.0293248       0.101369      0.0707986    -0.00025251     -0.0238782     -0.0624944     -0.0607244        16.9958
      0.0674004     -0.0946409      0.0619467      -0.101029      0.0588799      0.0293248      0.0558317      0.0942634    0.000591134     -0.0250872      -0.058954      -0.064292         17.861
      0.0699914     -0.0948332         0.0644     -0.0998071      0.0588799      0.0293249      0.0720792       0.052083    -0.00454106     -0.0242036     -0.0696302     -0.0607657        19.1841
      0.0725364     -0.0929235      0.0668533     -0.0985852      0.0588802      0.0293248      0.0707362       0.082495    -0.00194874     -0.0273166     -0.0519016     -0.0488238        16.3492
       0.080323     -0.0898066        0.07176     -0.0961415        0.11776      0.0586494      0.0990719      0.0722747   -0.000675346     -0.0207328      -0.045746      -0.033672        23.1777
      0.0804088     -0.0861018      0.0742133     -0.0936977      0.0588804      0.0586495      0.0770279       0.110203   -5.50862e-06     -0.0162883     -0.0215984     -0.0232159        12.5709
      0.0818202     -0.0864001      0.0766667     -0.0924759      0.0588799      0.0293248      0.0602838      0.0858915     0.00582013    -0.00189759     -0.0248329     -0.0345457        11.6504
      0.0841932     -0.0871231        0.07912      -0.091254      0.0588799      0.0293248      0.0649673      0.0430747     0.00812468    -0.00252963     -0.0442584     -0.0431798        12.0639
      0.0889683     -0.0795748         0.0828     -0.0875884        0.08832      0.0879743      0.0691114       0.104869      0.0109881     -0.0126888     -0.0421009     -0.0430943        10.5844
      0.0895198     -0.0780918      0.0852533     -0.0851447      0.0588804      0.0586495      0.0433983      0.0847923      0.0103013     -0.0133942     -0.0440874     -0.0394872        9.61324
       0.092402     -0.0784954      0.0877067     -0.0839228      0.0588799      0.0293248       0.063889      0.0734941      0.0106473     -0.0132142     -0.0348877     -0.0334237        10.8379
      0.0942401     -0.0749043        0.09016     -0.0814791      0.0588799      0.0586494      0.0440337      0.0850668      0.0176421    -0.00812949     -0.0319598     -0.0317249        8.05354
      0.0996339     -0.0720316        0.09384     -0.0790354        0.08832      0.0586495      0.0692832      0.0925953      0.0154296    -0.00705982     -0.0314901     -0.0347542        9.35522
      0.0978202     -0.0727434      0.0950666     -0.0778135      0.0294397      0.0293249      0.0296984      0.0639006      0.0145553    -0.00686575     -0.0380182        -0.0391        8.33249
         0.1013     -0.0717375        0.09752     -0.0765916      0.0588802      0.0293248      0.0436582      0.0658036      0.0115317    -0.00894965     -0.0401817     -0.0427317        10.4827
       0.104487     -0.0678327      0.0999733     -0.0741479      0.0588804      0.0586494      0.0563585      0.0784502     0.00989745     -0.0105307     -0.0452816     -0.0445903         11.307
        0.10985     -0.0645714       0.103653     -0.0717042        0.08832      0.0586495       0.070643      0.0939509       0.008566     -0.0128358      -0.043899     -0.0447252        16.6249
       0.108569     -0.0658377        0.10488     -0.0704823      0.0294397      0.0293248      0.0467301      0.0503651     0.00374231     -0.0130669     -0.0455515     -0.0361691        12.9306
       0.110281     -0.0604622       0.107333     -0.0680386      0.0588802      0.0586494      0.0139834       0.115134     0.00355658     -0.0131427      -0.026786     -0.0345183        13.7996
       0.117584     -0.0592386       0.111013     -0.0655949      0.0883201      0.0586497      0.0951771      0.0669709     0.00197492    -0.00547279     -0.0422502     -0.0377404         16.514
       0.115689     -0.0585147        0.11224      -0.064373      0.0294396      0.0293248      0.0421446        0.08929      0.0176199     -0.0106822     -0.0332303     -0.0410723        12.1707
        0.11443     -0.0567958       0.113467     -0.0619293      0.0294397      0.0586495    -0.00264318      0.0437016      0.0194931    -0.00917674     -0.0489142     -0.0347047        11.8012
       0.115815     -0.0553264       0.114693     -0.0607074      0.0294406      0.0293246      0.0150486      0.0860289      0.0157058      -0.014192     -0.0204958     -0.0224196        7.88056
       0.120305     -0.0522658       0.117147     -0.0582637      0.0588793      0.0586496       0.039508      0.0707154      0.0197197      -0.002589     -0.0243429     -0.0222497        8.58546
       0.122389     -0.0468898         0.1196     -0.0545981      0.0588804      0.0879744      0.0220008      0.0955021      0.0224333     0.00148331     -0.0201563     -0.0178871        8.54616
       0.122277     -0.0486289       0.120827     -0.0533762      0.0294397      0.0293245      0.0149824       0.060318      0.0183052     0.00163661      -0.015618     -0.0143153        7.01685
       0.123453     -0.0476847       0.122053     -0.0521543      0.0294406      0.0293249      0.0163875      0.0648338      0.0183989     0.00349389     -0.0130127      -0.020002        6.46578
       0.124584     -0.0444129        0.12328     -0.0497106      0.0294396      0.0586495      0.0130459      0.0608737      0.0191725     0.00493776     -0.0269913     -0.0281633        6.60063
       0.128411     -0.0417118       0.125733     -0.0472669      0.0588802      0.0586496      0.0242519      0.0658911      0.0178008    -0.00057019     -0.0293352     -0.0258505        10.1537
       0.128883     -0.0388239        0.12696     -0.0448232      0.0294399      0.0586494      0.0233393      0.0757907      0.0142928    -0.00214304     -0.0223659     -0.0194342        8.91879
       0.126767     -0.0391053        0.12696     -0.0436013              0      0.0293248    -0.00612362      0.0595271      0.0149594     0.00109063     -0.0165026     -0.0163414        6.34066
       0.131738     -0.0322493       0.129413     -0.0399357      0.0588802      0.0879744      0.0206407       0.099964      0.0148877      0.0043795     -0.0161802     -0.0206852        12.4802
       0.129397     -0.0344299       0.129413     -0.0387138              0      0.0293249    -2.7947e-06      0.0470539      0.0149594     0.00459837     -0.0251898     -0.0227327        6.65064
       0.128678     -0.0335014       0.129413      -0.037492              0      0.0293248    -0.00990281      0.0547821      0.0184806     0.00112747     -0.0202755     -0.0213709        5.83852
       0.131056     -0.0323778        0.13064     -0.0362701      0.0294396      0.0293243    -0.00051505      0.0505169      0.0195665      0.0020151     -0.0224661     -0.0239774        7.46474
       0.126886     -0.0316935       0.129413     -0.0350482     -0.0294396      0.0293249     -0.0324591       0.038109      0.0191574     0.00173901     -0.0254886     -0.0218567         4.5819
       0.127769     -0.0270782       0.129413     -0.0326045              0      0.0586495      -0.023348      0.0736106      0.0189117    0.000573266     -0.0182248     -0.0186805        5.48307
       0.124688     -0.0278951       0.128187     -0.0313826     -0.0294406      0.0293249     -0.0500906      0.0361602      0.0176847     0.00257539     -0.0191362     -0.0119368        4.59971
       0.126954     -0.0265767       0.128187     -0.0301608              0      0.0293248    -0.00798942      0.0514373      0.0168905     0.00297641    -0.00473798     -0.0044615        5.06531
       0.123987     -0.0292253        0.12696     -0.0301608     -0.0294396              0     -0.0416187     0.00622429       0.018883     0.00935374    -0.00418516     0.00114298        5.90829
         0.1225     -0.0270663       0.125733     -0.0289389     -0.0294399      0.0293248     -0.0406033      0.0225915      0.0148843      0.0106342     0.00647116      0.0108671        5.58733
       0.121346     -0.0284123       0.124507     -0.0289389     -0.0294405              0     -0.0406225     0.00925159      0.0117635      0.0148004      0.0152636      0.0149751        8.86482
       0.119975     -0.0321812        0.12328     -0.0301608     -0.0294397     -0.0293248       -0.04505     -0.0258909     0.00911662      0.0204537      0.0146866      0.0138645        14.8886
       0.119096     -0.0317333       0.122053     -0.0301608     -0.0294396              0     -0.0347028     -0.0262625     0.00810597      0.0208053       0.013042      0.0172253         12.165
       0.114737     -0.0307991         0.1196     -0.0301608     -0.0588804              0     -0.0611565    -0.00272399      0.0105297      0.0200487      0.0214081      0.0182729        13.8295
       0.114639     -0.0313214       0.118373     -0.0301608     -0.0294397              0       -0.04651     -0.0217883      0.0120483       0.022499      0.0151377      0.0171175        12.6628
       0.113018     -0.0308607       0.117147     -0.0301608     -0.0294406              0     -0.0593118     -0.0055044      0.0140376      0.0211674      0.0190978      0.0158105        12.3036
       0.112545     -0.0332235        0.11592     -0.0313826     -0.0294396     -0.0293248     -0.0349775      -0.017176       0.015336      0.0216848      0.0125241     0.00335932        15.0996
       0.111137     -0.0327789       0.114693     -0.0313826     -0.0294397              0     -0.0449333     -0.0276753      0.0242519      0.0185084    -0.00580615    -0.00456338        10.3498
       0.109166     -0.0347218       0.113467     -0.0326045     -0.0294406     -0.0293249     -0.0615606      -0.023291       0.023456     0.00975453    -0.00332128    -0.00350801        10.5331
       0.107379     -0.0328705        0.11224     -0.0326045     -0.0294397              0       -0.07065   -0.000677575      0.0196446     0.00935172    -0.00369474    -0.00561894        9.50627
       0.110599     -0.0323506        0.11224     -0.0326045              0              0    -0.00806341     0.00460917       0.020262      0.0100185     -0.0075431     -0.0100406        9.48818
       0.107262     -0.0348747       0.111013     -0.0338264     -0.0294396     -0.0293248     -0.0553199    -0.00856594      0.0291352     0.00937008     -0.0125381     -0.0169071        11.2509
       0.108152     -0.0343358       0.111013     -0.0338264              0              0     -0.0433263     -0.0147245      0.0237477     0.00570284     -0.0212761     -0.0152402        7.77484
       0.106356     -0.0336768       0.109787     -0.0338264     -0.0294406              0     -0.0392825     0.00347889       0.022682      0.0011624    -0.00920421    -0.00354553        6.73604
       0.108314     -0.0367212       0.109787     -0.0350482              0     -0.0293248     -0.0147138       -0.02137      0.0234014     0.00591348     0.00211334      0.0087018        10.5121
       0.105742     -0.0375729        0.10856     -0.0362701     -0.0294397     -0.0293249      -0.036931    -0.00185974      0.0215417      0.0122501      0.0152903     0.00749969         15.083
       0.107028     -0.0379084        0.10856     -0.0362701              0              0     -0.0257246      -0.036606      0.0119068      0.0184982    -0.00029052     0.00719309        16.1877
       0.106016     -0.0374447        0.10856      -0.037492              0     -0.0293243     -0.0558898      0.0346566     0.00355825      0.0125055      0.0146775     -0.0112429        16.7738
       0.109165     -0.0381581        0.10856      -0.037492              0              0       0.036703     -0.0314769     0.00282035      0.0172219     -0.0371654     -0.0392445        11.1408
       0.106196     -0.0423772       0.107333     -0.0399357     -0.0294397     -0.0586496    -0.00784457     -0.0189375      0.0257703    -0.00380577     -0.0413242     -0.0476523        16.3584
       0.105355     -0.0399493       0.107333     -0.0399357              0              0     -0.0408969    -0.00848897      0.0221078    -0.00921966     -0.0539801     -0.0453452        9.55702
       0.103648     -0.0380767       0.106107     -0.0399357     -0.0294405              0     -0.0260213      0.0339253     0.00720594     -0.0121485     -0.0367079     -0.0337323        7.60335
       0.105837     -0.0378127       0.106107     -0.0399357              0              0    0.000939422      0.0312881     0.00647304    -0.00537468     -0.0307562       -0.02907        7.93852
       0.108827     -0.0438057       0.107333     -0.0423794      0.0294405     -0.0586495      0.0122687     -0.0101759     0.00626013    -0.00150908     -0.0273836     -0.0281145        11.7086
       0.108136     -0.0411421       0.107333     -0.0423794              0              0      0.0121786      0.0244713       0.001438   -0.000148904     -0.0288454     -0.0344578        10.2557
       0.110317     -0.0432167        0.10856     -0.0436013      0.0294397     -0.0293249      0.0146936      0.0128999      0.0018029   -0.000412834     -0.0400703     -0.0475327        13.7594
        0.10852     -0.0408231        0.10856     -0.0436013              0              0    -0.00573573      0.0489814     0.00249491    -0.00599219      -0.054995     -0.0688174        15.9909
       0.113632     -0.0448722       0.111013     -0.0448232      0.0588804     -0.0293248      0.0287634     -0.0161337       0.010298      -0.013934     -0.0826395     -0.0738102         22.117
       0.114321     -0.0439067        0.11224     -0.0448232      0.0294396              0      0.0318477     0.00564783      0.0218861     -0.0269197     -0.0649804     -0.0447706         16.771
       0.111325     -0.0415114        0.11224     -0.0448232              0              0     -0.0170884       0.064603       0.032266     -0.0199412      -0.024562     -0.0226862        7.64759
       0.113991     -0.0418207       0.113467     -0.0448232      0.0294397              0      0.0102441      0.0464653       0.032157     0.00164889     -0.0208107     -0.0255864        7.07847
       0.115264     -0.0462287       0.114693      -0.046045      0.0294406     -0.0293248   -0.000335279    -0.00473209       0.028956     0.00436925     -0.0303623     -0.0290228        7.43084
       0.114286     -0.0480615       0.114693     -0.0472669              0     -0.0293246    -0.00515148    -0.00535414       0.018017   -0.000388277      -0.027683     -0.0264911        8.30926
       0.113966     -0.0433725       0.114693      -0.046045              0      0.0293246     -0.0159547      0.0370388      0.0103301   -0.000586402     -0.0252992     -0.0249897        7.73545
       0.117191     -0.0444972        0.11592      -0.046045      0.0294397              0      0.0115042      0.0191995     0.00276086    0.000826824     -0.0246802     -0.0215717         13.036
        0.11894     -0.0431475       0.117147     -0.0448232      0.0294396      0.0293248      0.0171843     0.00756082     0.00204847     0.00127457     -0.0184629    -0.00161859        13.6767
       0.118063     -0.0426855       0.117147     -0.0448232              0              0      0.0192056      0.0490497     0.00590536     0.00444697      0.0152273     0.00917578         9.5879
       0.120074     -0.0439967       0.118373     -0.0448232      0.0294406              0      0.0184502     0.00824431      0.0164662        0.02544     0.00312471    -0.00183539        9.86023
       0.118136     -0.0450478       0.118373     -0.0448232              0              0    -0.00739057    -0.00827472      0.0165378      0.0211733    -0.00679508    -0.00582585        8.79595
       0.120214     -0.0447857         0.1196     -0.0448232      0.0294397              0   -0.000349956     0.00159936      0.0153906      0.0141867    -0.00485628    -0.00425581        8.80763
       0.118888     -0.0443319         0.1196     -0.0448232              0              0     -0.0107788      0.0101239      0.0158301      0.0142748    -0.00365536    -0.00638667        7.74698
       0.121286     -0.0443659       0.120827     -0.0448232      0.0294397              0     0.00276878     0.00616219      0.0218506      0.0152809    -0.00911805     -0.0113009        8.58463
       0.118934     -0.0455265       0.120827     -0.0448232              0              0     -0.0345196     -0.0219273      0.0269842      0.0137695     -0.0134838    -0.00190217        11.1363
        0.11938     -0.0443666       0.120827     -0.0448232              0              0    -0.00987458      0.0170679      0.0303302      0.0109613     0.00967979     0.00992203        10.8623
       0.116184     -0.0453008         0.1196     -0.0448232     -0.0294397              0     -0.0430667     -0.0135943      0.0373145      0.0207215      0.0101643      0.0161552        15.3943
        0.11658     -0.0451419         0.1196     -0.0448232              0              0     -0.0493952    0.000974623      0.0330637      0.0227525      0.0221467       0.020822        14.6261
       0.114174     -0.0441729       0.118373     -0.0448232     -0.0294397              0      -0.058193      0.0213409      0.0231867       0.026929      0.0194974     0.00335884        16.9525
       0.112859      -0.045697       0.117147     -0.0448232     -0.0294406              0     -0.0576788     -0.0265066      0.0209113      0.0267837     -0.0127801     -0.0131132        14.6512
        0.11255     -0.0480999        0.11592      -0.046045     -0.0294396     -0.0293248     -0.0341658     -0.0245593      0.0221557      0.0112886     -0.0134464     -0.0123468        16.4135
        0.11092     -0.0467392       0.114693      -0.046045     -0.0294397              0     -0.0512592     -0.0131688      0.0270062     0.00924729     -0.0112475    -0.00435384        8.68816
       0.109716     -0.0449638       0.113467      -0.046045     -0.0294406              0     -0.0484572      0.0284542      0.0227725      0.0107629     0.00254059     -0.0047277        9.23655
       0.105574     -0.0477641       0.111013     -0.0472669     -0.0588793     -0.0293246     -0.0706041   -0.000712394      0.0188966      0.0179175     -0.0119968     -0.0223519        11.1691
       0.106098     -0.0503352       0.109787     -0.0484887     -0.0294406     -0.0293248     -0.0437289     -0.0299481      0.0164816      0.0121413      -0.032707     -0.0321272        9.63376
       0.105691     -0.0514281        0.10856     -0.0497106     -0.0294397     -0.0293249     -0.0320951     -0.0210022      0.0163078     0.00109886     -0.0315473     -0.0266945        9.17045
       0.104604     -0.0486731       0.107333     -0.0497106     -0.0294397              0     -0.0338931      0.0230888      0.0155765    0.000665295     -0.0218414     -0.0235937         5.7917
       0.100195     -0.0519083        0.10488     -0.0509325     -0.0588802     -0.0293248     -0.0618682     -0.0161134     0.00975249     0.00606285     -0.0253461      -0.019713        8.30051
       0.100123      -0.053088       0.103653     -0.0521543     -0.0294397     -0.0293248     -0.0474229    -0.00258646     0.00634012     0.00515853     -0.0140806     -0.0142833        10.4294
       0.103539     -0.0549814       0.103653     -0.0533762              0     -0.0293249      0.0122991     -0.0210431     0.00739322     0.00912057      -0.014486     -0.0114484        11.1305
       0.100523     -0.0563496       0.102427     -0.0545981     -0.0294406     -0.0293245     -0.0265808     -0.0184735       0.014811     0.00978326     -0.0084111    -0.00650176        11.6819
      0.0987111     -0.0582348         0.1012     -0.0558199     -0.0294396     -0.0293249     -0.0321751     -0.0336627      0.0101955      0.0119798    -0.00459238     0.00219297        12.4738
       0.101297     -0.0592652         0.1012     -0.0570418              0     -0.0293248     0.00961274     -0.0221616     0.00679872      0.0141314     0.00897789      0.0105076         17.186
       0.101647     -0.0610389         0.1012     -0.0582637              0     -0.0293248     0.00408802      -0.036333      0.0065057      0.0225356      0.0120373       0.014709        18.8373
       0.102083     -0.0621208         0.1012     -0.0594855              0     -0.0293249       0.013324     -0.0276473    0.000311469      0.0242168      0.0173807      0.0140405        22.8025
       0.104849     -0.0658915       0.102427     -0.0619293      0.0294396     -0.0586494      0.0252711     -0.0412607    -0.00274434      0.0261639      0.0107002    4.52995e-05        31.1538
       0.104289     -0.0662141       0.102427     -0.0631511              0     -0.0293248      0.0306301     -0.0410697    -0.00433293      0.0240062     -0.0106106     -0.0160089        24.3339
       0.106893     -0.0692281       0.103653     -0.0655949      0.0294406     -0.0586495      0.0428906     -0.0382394    0.000231599      0.0132971     -0.0214076     -0.0288418        20.4255
       0.105372     -0.0687685       0.103653     -0.0668167              0     -0.0293248      0.0237527     -0.0233663     0.00104079     0.00716721     -0.0362761     -0.0391105        16.8067
       0.109737     -0.0745569       0.106107     -0.0704823      0.0588795     -0.0879743      0.0326034     -0.0398888     0.00100181    -0.00140871     -0.0419453     -0.0467488        23.0109
       0.111506     -0.0759855       0.107333      -0.072926      0.0294405     -0.0586495      0.0671621     -0.0339109    0.000424002    -0.00416185     -0.0515523     -0.0531516        20.5412
       0.111208     -0.0742138        0.10856     -0.0741479      0.0294397     -0.0293248      0.0226984      0.0137336      0.0101259    -0.00838317     -0.0547508     -0.0614418         17.492
       0.109108     -0.0778314        0.10856     -0.0765916              0     -0.0586494     0.00658895      -0.010369      0.0082576     -0.0103179     -0.0681329     -0.0703427        18.0446
       0.114374     -0.0803863       0.111013     -0.0790354      0.0588804     -0.0586497      0.0396184    -0.00840856      0.0110922     -0.0164213     -0.0725525     -0.0726198           22.6
       0.114248     -0.0788656        0.11224     -0.0802572      0.0294396     -0.0293248      0.0206324      0.0356451      0.0157146     -0.0190046     -0.0726869     -0.0797116        18.0366
       0.112241     -0.0795071        0.11224     -0.0814791              0     -0.0293248      0.0012766      0.0342364       0.020059     -0.0190352     -0.0867366     -0.0926294        18.0079
       0.114729     -0.0814672       0.113467      -0.082701      0.0294397     -0.0293246      0.0171282      0.0129049      0.0235975     -0.0249828     -0.0985226     -0.0923271        20.0909
       0.116776     -0.0787925       0.114693      -0.082701      0.0294406              0      0.0301528      0.0633075      0.0236128     -0.0312579     -0.0861324     -0.0837277         18.326
       0.115021     -0.0787049       0.114693      -0.082701              0              0   -0.000252851       0.052801      0.0184909     -0.0264843     -0.0813228     -0.0728526        19.1024
        0.11738     -0.0780678        0.11592      -0.082701      0.0294397              0     0.00967735      0.0744671     0.00636563     -0.0227208      -0.064382     -0.0630045        24.1239
       0.117203     -0.0769112        0.11592     -0.0814791              0      0.0293246      0.0221311      0.0487709    -0.00106719     -0.0149957     -0.0616271     -0.0479942        23.3216
       0.120089     -0.0785702       0.117147     -0.0814791      0.0294396              0      0.0379392      0.0416606     0.00191209     -0.0127664      -0.034359     -0.0220904        28.2381
       0.120918     -0.0767761       0.118373     -0.0802572      0.0294406      0.0293248      0.0231565      0.0440542     0.00202796    0.000108945    -0.00982186     0.00192022        25.4117
       0.119573     -0.0782092       0.118373     -0.0802572              0              0      0.0184223      0.0369366     0.00176892      0.0129574      0.0136619      0.0125122        23.9434
       0.121106     -0.0752287         0.1196     -0.0790354      0.0294397      0.0293248       0.010367      0.0633706      0.0086343      0.0238467      0.0113621    -0.00736451        19.9975
       0.121825     -0.0780119       0.120827     -0.0790354      0.0294397              0     0.00596252     0.00327465      0.0149423      0.0232454     -0.0260916     -0.0334665        21.1236
       0.119778     -0.0758051       0.120827     -0.0790354              0              0     -0.0142032       0.066772      0.0259937     0.00424861     -0.0408403     -0.0670625         26.155
       0.119897     -0.0726657       0.122053     -0.0778135      0.0294406      0.0293249     -0.0491705      0.0615831      0.0417444     -0.0061294     -0.0932874      -0.107419        29.3108
       0.121244     -0.0754628       0.122053     -0.0778135              0              0      0.0230868     0.00446979      0.0485279     -0.0306873      -0.121549      -0.111446        27.8374
       0.117422     -0.0709503       0.122053     -0.0765916              0      0.0293248      -0.092924      0.0823018      0.0646671     -0.0453133      -0.101345     -0.0884059        24.9088
       0.118313     -0.0720585       0.122053     -0.0765916              0              0     -0.0370605      0.0589687      0.0519829     -0.0354078      -0.075467     -0.0590524        18.9668
       0.115833      -0.065761       0.120827     -0.0741479     -0.0294406      0.0586494     -0.0664207       0.125614      0.0542564     -0.0203606     -0.0426371     -0.0409552        15.7855
       0.117493     -0.0672588       0.120827      -0.072926              0      0.0293248     -0.0440173      0.0652659      0.0473059    -0.00463618     -0.0392731     -0.0307151        13.4099
       0.110049     -0.0668316       0.117147     -0.0717042     -0.0883201      0.0293248     -0.0870904      0.0674479      0.0324092     0.00144647     -0.0221571     -0.0182346        13.6923
         0.1099      -0.068217        0.11592     -0.0717042     -0.0294396              0     -0.0976387      0.0579355      0.0183358     0.00602196      -0.014312     -0.0220307        23.5009
       0.115142     -0.0680787        0.11592     -0.0704823              0      0.0293248       0.008734      0.0134612     0.00438163       0.011767     -0.0297506     -0.0209384        18.2168
       0.113265     -0.0663991       0.114693     -0.0692604     -0.0294397      0.0293248     -0.0166859      0.0377518     0.00706622     0.00784837     -0.0121269    -0.00468111         14.406
       0.107128     -0.0621051        0.11224     -0.0668167     -0.0588804      0.0586495     -0.0804718      0.0589973     0.00749585     0.00961767      0.0027647     0.00762177        11.2962
       0.108609     -0.0635983       0.111013     -0.0668167     -0.0294396              0     -0.0153583      0.0624804   -2.42245e-05      0.0193062      0.0124788    -0.00581021        16.7657
       0.108031     -0.0635885       0.109787     -0.0655949     -0.0294406      0.0293248     -0.0141424     0.00723343      0.0116987      0.0251005     -0.0240991     -0.0246353        11.8915
       0.105778     -0.0651878        0.10856     -0.0655949     -0.0294397              0     -0.0406053    0.000548702      0.0142283     0.00855612      -0.025172     -0.0184499        9.92902
       0.104949     -0.0614156       0.107333      -0.064373     -0.0294397      0.0293248     -0.0249893      0.0445453     0.00854573     0.00544714     -0.0117275     -0.0116177        6.40086
       0.106187     -0.0625695       0.107333      -0.064373              0              0     -0.0213567      0.0270454     0.00644228      0.0111189     -0.0115081     -0.0146409         9.9283
       0.104699     -0.0635494       0.106107      -0.064373     -0.0294405              0    -0.00685864     0.00769953     0.00599072      0.0140394     -0.0177736     -0.0168432        8.97506
       0.106075     -0.0636653       0.106107      -0.064373              0              0     0.00116857     0.00985232     0.00754866      0.0117469      -0.015913     -0.0141269        11.0782
       0.100121     -0.0667259       0.103653     -0.0655949     -0.0588795     -0.0293248     -0.0460486     -0.0132544     0.00589857      0.0110963     -0.0123407    -0.00913738        12.2479
       0.102805      -0.065335       0.103653     -0.0655949              0              0     -0.0114476     0.00735734    0.000514482      0.0127143    -0.00593383    -0.00577434        13.0848
       0.104024     -0.0643762       0.103653     -0.0655949              0              0     0.00883705      0.0254632    -0.00136902       0.015467    -0.00561482     -0.0145668        11.1582
       0.103469     -0.0647454       0.103653     -0.0655949              0              0    -0.00920025     0.00872788    0.000724171      0.0168704     -0.0235189     -0.0278982        9.81278
       0.100125     -0.0664879       0.102427     -0.0668167     -0.0294406     -0.0293248     -0.0314068      0.0180453      0.0023416      0.0113112     -0.0322774     -0.0448114        9.92278
       0.101783     -0.0682138       0.102427     -0.0680386              0     -0.0293249   -0.000778294    -0.00228682     0.00776491     0.00449191     -0.0573451     -0.0632013        12.5383
       0.101308     -0.0656596       0.102427     -0.0668167              0      0.0293249     -0.0183822     -0.0105287      0.0200813    -0.00809695     -0.0690568     -0.0458383        11.5082
      0.0974706     -0.0638556         0.1012     -0.0668167     -0.0294396              0     -0.0543183       0.061019      0.0211532     -0.0140181     -0.0226196     -0.0184108        11.0313
      0.0957267     -0.0631762      0.0999733     -0.0668167     -0.0294397              0     -0.0540597      0.0641208      0.0216919      0.0078014     -0.0142009     -0.0260066        17.8511
      0.0963337     -0.0643624      0.0999733     -0.0668167              0              0     -0.0579147      0.0320525      0.0256958      0.0199443     -0.0378114     -0.0469665        17.8882
      0.0961234     -0.0642091      0.0987466     -0.0668167     -0.0294406              0    -0.00831312      0.0392061      0.0298376      0.0106975     -0.0561219     -0.0668613        18.4728
      0.0923461      -0.067274        0.09752     -0.0680386     -0.0294397     -0.0293249     -0.0876873     0.00741969      0.0360173   -0.000670564     -0.0776004     -0.0766234        13.9697
      0.0889893     -0.0625823      0.0950666     -0.0668167     -0.0588802      0.0293249     -0.0698964      0.0569393      0.0218197     -0.0124657     -0.0756464      -0.071181        11.1278
      0.0904377     -0.0605119        0.09384     -0.0655949     -0.0294397      0.0293248     -0.0341258      0.0640404      0.0195204     -0.0127928     -0.0667156     -0.0571898        9.64152
      0.0895437      -0.059531      0.0926133      -0.064373     -0.0294397      0.0293248     -0.0427372      0.0599994      0.0164201    -0.00864507     -0.0476652       -0.03343         12.052
      0.0914971      -0.061314      0.0926133      -0.064373              0              0     -0.0199246      0.0456726     0.00456593    2.72987e-06      -0.019194    -0.00997955        16.6008
       0.088256     -0.0592177        0.09016     -0.0631511     -0.0588802      0.0293248     -0.0057481      0.0572339    -0.00590613      0.0130598   -0.000765029   -0.000350594        14.6085
      0.0903903     -0.0612555        0.09016     -0.0631511              0              0    -0.00254203      0.0286209    -0.00602379      0.0239531     6.4373e-05    -0.00484995        19.7103
      0.0884894     -0.0619076      0.0889333     -0.0631511     -0.0294397              0    -0.00174791      0.0201084     -0.0140326      0.0263072    -0.00976412     -0.0180702        18.0362
      0.0902366     -0.0625398      0.0889333     -0.0631511              0              0      0.0201881     0.00356361     -0.0151236      0.0211286     -0.0263762      -0.027854        17.1862
      0.0899442     -0.0616669      0.0889333     -0.0631511              0              0     0.00892222      0.0264998     -0.0124426      0.0133707     -0.0293315     -0.0345703        16.1396
      0.0900035     -0.0633923      0.0889333      -0.064373              0     -0.0293248      0.0180494      0.0264124    -0.00800588     0.00956629     -0.0398093     -0.0528642        12.8969
      0.0891275     -0.0623929      0.0889333      -0.064373              0              0   -0.000556294      0.0241239    0.000436043     0.00668048     -0.0659196     -0.0710414        12.9672
      0.0882907     -0.0677195      0.0889333     -0.0668167              0     -0.0586495     -0.0103317    -0.00851437     0.00918636    -0.00469757     -0.0761634     -0.0742783        15.2081
      0.0881211     -0.0670988      0.0889333     -0.0680386              0     -0.0293249    -0.00706714      0.0243798      0.0190501     -0.0135598     -0.0723933     -0.0732549        13.8549
      0.0869784     -0.0644848      0.0889333     -0.0680386              0              0     -0.0328721      0.0569502      0.0270589     -0.0117827      -0.074116     -0.0777689        14.1992
      0.0875366     -0.0657165      0.0889333     -0.0692604              0     -0.0293246     -0.0102734      0.0659154      0.0296532     -0.0111648     -0.0814214      -0.095525        16.7369
      0.0885195     -0.0680836      0.0889333     -0.0704823              0     -0.0293248     0.00483743      0.0295246      0.0310592     -0.0131019      -0.109628      -0.113545        16.5378
      0.0872153     -0.0703035      0.0889333     -0.0717042              0     -0.0293248     -0.0396137      0.0119096      0.0271781     -0.0241544      -0.117463      -0.103285        17.8357
       0.086183     -0.0683185      0.0877067     -0.0717042     -0.0294401              0     -0.0071633      0.0479058     0.00494263     -0.0324708     -0.0891053     -0.0708493         18.526
      0.0914761     -0.0641584      0.0889333     -0.0704823      0.0294401      0.0293248      0.0349667      0.0960589     0.00088427     -0.0189389     -0.0525938     -0.0445575        25.7373
      0.0901859     -0.0658172      0.0889333     -0.0704823              0              0     0.00547875       0.070216    -0.00895896    0.000544536     -0.0365207     -0.0355126        21.9875
      0.0911248     -0.0636465      0.0889333     -0.0692604              0      0.0293248       0.036215      0.0829824       -0.01999      0.0110839     -0.0345047     -0.0427687        21.6221
      0.0914873      -0.068624      0.0889333     -0.0692604              0              0      0.0383132      -0.022032     -0.0189739      0.0128388     -0.0510331     -0.0278949        21.9999
      0.0898042     -0.0638554      0.0889333     -0.0680386              0      0.0293246    -0.00170612      0.0782233     -0.0136354     0.00721012    -0.00475287    -0.00552912        18.8431
      0.0951603      -0.061378        0.09016     -0.0668167      0.0294397      0.0293249      0.0937854      0.0850246     -0.0127749      0.0186374    -0.00630494     -0.0238421        20.3932
      0.0943927     -0.0643248      0.0913866     -0.0668167      0.0294397              0      0.0189533      0.0276184     0.00359938      0.0278841     -0.0413778     -0.0512004        17.6765
      0.0930092     -0.0637047      0.0913866     -0.0668167              0              0      0.0271632      0.0514685    -0.00583973      0.0088998     -0.0610232     -0.0756024         18.622
       0.093119     -0.0636358      0.0913866     -0.0668167              0              0      0.0296891      0.0386156    -0.00197592    -0.00206114     -0.0901815     -0.0951099        22.6387
      0.0942838     -0.0622154      0.0926133     -0.0668167      0.0294405              0     0.00579307      0.0714265     0.00174663     -0.0134719      -0.100038      -0.105214         25.706
       0.100035     -0.0621688      0.0950666     -0.0668167      0.0588795              0      0.0740348      0.0592934   -0.000119473     -0.0219762      -0.110391      -0.107219        27.3022
       0.102078     -0.0594903        0.09752     -0.0655949      0.0588802      0.0293248      0.0457226      0.0776035     0.00421641     -0.0251179      -0.104046     -0.0916043        26.5334
       0.101627     -0.0563595      0.0987466      -0.064373      0.0294397      0.0293248       0.036443       0.122757     0.00742397     -0.0242648     -0.0791624     -0.0790589        20.2034
        0.10318      -0.059021      0.0999733      -0.064373      0.0294406              0      0.0499313      0.0682132       0.012488     -0.0119891     -0.0789557     -0.0739232        14.2788
       0.106013     -0.0563512       0.102427     -0.0631511      0.0588793      0.0293248       0.032792       0.100942      0.0162819      -0.010177     -0.0688907     -0.0709059        13.1603
       0.105862     -0.0553217       0.103653     -0.0619293      0.0294406      0.0293248      0.0235993      0.0873497      0.0126364    -0.00836684     -0.0729211     -0.0727714        20.6927
       0.106559     -0.0577542        0.10488     -0.0619293      0.0294397              0      0.0148149      0.0530059     0.00977466    -0.00720502      -0.072622     -0.0660254         19.184
       0.107845     -0.0492329       0.106107     -0.0582637      0.0294397      0.0879742      0.0210912       0.120084      0.0117805    -0.00820531     -0.0594295     -0.0556072         23.815
       0.109285     -0.0511735       0.107333     -0.0570418      0.0294405      0.0293248       0.027702      0.0688072      0.0192612    -0.00274421      -0.051785     -0.0406946        18.2797
       0.109466     -0.0500427        0.10856     -0.0558199      0.0294397      0.0293248    0.000213197      0.0858798      0.0228015     0.00195788     -0.0296032     -0.0286589        11.7499
       0.107261     -0.0527367        0.10856     -0.0558199              0              0     -0.0240167      0.0403533      0.0200315      0.0123745     -0.0277143     -0.0260603        8.92832
       0.107378     -0.0522015        0.10856     -0.0545981              0      0.0293249     -0.0113925      0.0174641      0.0198766      0.0169887     -0.0244065     -0.0100775        8.83249
       0.109403     -0.0499472       0.109787     -0.0533762      0.0294397      0.0293245     -0.0150549      0.0536691      0.0261301      0.0173367     0.00425148     0.00707483        9.90662
       0.109387     -0.0505118       0.109787     -0.0533762              0              0     0.00716887      0.0551038      0.0266977      0.0304836     0.00989676    -0.00678842        11.8127
        0.11031     -0.0498606       0.111013     -0.0521543      0.0294406      0.0293249      -0.030099      0.0162363      0.0293258      0.0344353     -0.0234741     -0.0269478        10.1029
        0.10996     -0.0546836       0.111013     -0.0533762              0     -0.0293249     -0.0094935     -0.0231809      0.0183803      0.0193653     -0.0304227     -0.0237951        12.0682
       0.109767     -0.0530383       0.111013     -0.0533762              0              0     -0.0200654     0.00785742      0.0197079      0.0138799     -0.0171684     -0.0116247         9.0534
       0.109834     -0.0522758       0.111013     -0.0533762              0              0     -0.0164083      0.0207311      0.0189683      0.0208279    -0.00608096    -0.00645346        9.33273
       0.109735     -0.0548214       0.111013     -0.0545981              0     -0.0293245     -0.0205345     0.00763866      0.0181619      0.0269208    -0.00682597     -0.0155247        14.2627
        0.10944     -0.0572963       0.111013     -0.0558199              0     -0.0293249     -0.0265907     -0.0214019      0.0163314      0.0269107     -0.0242237     -0.0264144        12.7629
       0.110447     -0.0607436       0.111013     -0.0582637              0     -0.0586495     0.00110401     -0.0193481      0.0164319      0.0161585     -0.0286049     -0.0366503          13.55
       0.109729     -0.0579651       0.111013     -0.0582637              0              0     -0.0241887     0.00215334      0.0211481      0.0134505     -0.0446956     -0.0455358        8.58004
        0.10978     -0.0625596       0.111013     -0.0607074              0     -0.0586496     -0.0172213     -0.0167672      0.0175892     0.00623463     -0.0463749     -0.0461497        9.73322
       0.107533     -0.0597548       0.109787     -0.0607074     -0.0294406              0     -0.0228201      0.0143226       0.016952     0.00474142     -0.0459242      -0.042719        7.30175
       0.108989     -0.0648679       0.109787     -0.0631511              0     -0.0586494    -0.00923604     -0.0162198      0.0167868     0.00496672     -0.0395136     -0.0351549        8.92147
        0.10898      -0.064947       0.109787      -0.064373              0     -0.0293248     -0.0171104     0.00144069      0.0109881     0.00836169      -0.030796     -0.0295154        10.2711
       0.109477     -0.0688392       0.109787     -0.0668167              0     -0.0586495    -0.00487147     -0.0158384     0.00280878      0.0134627     -0.0282349     -0.0307268        15.4966
       0.109371     -0.0684355       0.109787     -0.0680386              0     -0.0293249    -0.00994859     0.00698525     0.00334177      0.0143094     -0.0332184     -0.0416183        13.3857
       0.109081     -0.0723529       0.109787     -0.0704823              0     -0.0586494     -0.0122783     -0.0176963      0.0064697      0.0127592      -0.050018     -0.0560982        12.9096
       0.109558     -0.0713164       0.109787     -0.0717042              0     -0.0293248     0.00461165      0.0188776      0.0143405      0.0042895     -0.0621781     -0.0733517        12.2827
       0.105433     -0.0694113        0.10856     -0.0717042     -0.0294397              0     -0.0466531      0.0282093      0.0232277    -0.00236393     -0.0845252     -0.0857558        14.8468
       0.106553     -0.0710692        0.10856      -0.072926              0     -0.0293248     -0.0250234      0.0318051      0.0231954     -0.0127336     -0.0869847     -0.0862014        13.1928
       0.103926     -0.0723057       0.107333     -0.0741479     -0.0294397     -0.0293248      -0.043516      0.0304441      0.0255096     -0.0146235     -0.0854183     -0.0816799        13.0472
       0.102811     -0.0730586       0.106107     -0.0753698     -0.0294405     -0.0293248     -0.0361901      0.0433956      0.0256783     -0.0140731      -0.077941     -0.0783683        11.1629
       0.103839     -0.0717173       0.106107     -0.0753698              0              0     -0.0376607      0.0520341      0.0242127     -0.0100747     -0.0787955     -0.0760332        9.87198
       0.101591     -0.0717275        0.10488     -0.0753698     -0.0294397              0     -0.0439785      0.0500289      0.0153156    -0.00974728     -0.0732705     -0.0667994        9.09331
       0.103733     -0.0715369        0.10488     -0.0753698              0              0     -0.0114265      0.0579504      0.0135361    -0.00801708     -0.0603282     -0.0567353         9.2193
       0.101559     -0.0721305       0.103653     -0.0753698     -0.0294397              0     -0.0234164       0.044201      0.0138993    -0.00154794     -0.0531426     -0.0476653        8.50938
        0.10309     -0.0720984       0.103653     -0.0753698              0              0    -0.00595986      0.0516811       0.012599     0.00314199     -0.0421886      -0.042075         10.853
       0.103905      -0.073086       0.103653     -0.0753698              0              0     0.00560612      0.0274343     0.00770697     0.00826763     -0.0419614     -0.0366458        14.9768
        0.10121     -0.0700647       0.102427     -0.0741479     -0.0294406      0.0293248     -0.0154106      0.0585176     0.00210307     0.00892197     -0.0313298     -0.0301895        13.1249
       0.103026     -0.0714857       0.102427     -0.0741479              0              0      0.0111353       0.038111    -0.00353196      0.0129555     -0.0290492     -0.0296127        18.3829
       0.103431     -0.0715269       0.102427     -0.0741479              0              0      0.0120905      0.0432382    -0.00540009      0.0146018     -0.0301763     -0.0371606        18.1527
       0.104907     -0.0712983       0.102427     -0.0741479              0              0      0.0475715      0.0448946    -0.00657931      0.0143669     -0.0441452     -0.0554367        17.6578
        0.10132     -0.0684728         0.1012      -0.072926     -0.0294396      0.0293248    -0.00106174      0.0566348    -0.00663057     0.00499521     -0.0667282     -0.0721181        15.8643
       0.102574     -0.0702707         0.1012      -0.072926              0              0       0.019137      0.0260024     -0.0166798    -0.00677754     -0.0775069     -0.0685132        16.9359
       0.105453     -0.0671138       0.102427     -0.0717042      0.0294396      0.0293248      0.0322315       0.062166     -0.0185465     -0.0119033     -0.0595193     -0.0485858        17.3169
       0.103395     -0.0682872       0.102427     -0.0717042              0              0     0.00415963       0.050076     -0.0171675    -0.00382425     -0.0376529     -0.0294347        15.0545
       0.107171     -0.0663524       0.103653     -0.0704823      0.0294406      0.0293248       0.062757      0.0554146    -0.00497236     0.00813447     -0.0212164     -0.0159503        18.3661
       0.104006     -0.0677973       0.103653     -0.0704823              0              0    -0.00399623      0.0432547      0.0162599       0.016105     -0.0106843     -0.0136348        11.9047
       0.103794     -0.0715882       0.103653     -0.0717042              0     -0.0293248      0.0130003      0.0069778       0.018462      0.0219058     -0.0165851     -0.0226013        12.4457
       0.102663     -0.0699614       0.103653     -0.0717042              0              0     -0.0198712       0.033276      0.0223871      0.0200118     -0.0286173     -0.0416563        12.4133
       0.105559     -0.0681837        0.10488     -0.0704823      0.0294397      0.0293248     0.00517336      0.0124276       0.015336       0.013432     -0.0546954      -0.047945        10.3519
       0.105046      -0.063947        0.10488     -0.0692604              0      0.0293248     0.00462233      0.0892026      0.0112828    0.000706184     -0.0411934     -0.0514041        8.01316
       0.107496     -0.0657283       0.106107     -0.0692604      0.0294397              0      0.0109933       0.043453     0.00901768      0.0051056     -0.0616139     -0.0648669        9.95203
       0.106479     -0.0662186       0.106107     -0.0692604              0              0     0.00414236      0.0413841     0.00368807    -0.00132276     -0.0681192     -0.0671759        9.16924
       0.108761     -0.0639495       0.107333     -0.0680386      0.0294405      0.0293246      0.0110869       0.045892     0.00320933    -0.00644614     -0.0662321     -0.0540748        12.7452
        0.10788     -0.0637745       0.107333     -0.0680386              0              0      0.0114062      0.0735738     0.00436125    -0.00601889      -0.041917     -0.0439147        10.8799
       0.109719     -0.0628853        0.10856     -0.0668167      0.0294397      0.0293249     0.00739241      0.0392522       0.011639     0.00572728     -0.0459123     -0.0352211        10.1421
        0.10886     -0.0630132        0.10856     -0.0668167              0              0      0.0107927      0.0697913      0.0135702     0.00598525     -0.0245289     -0.0319316        7.54843
       0.107512     -0.0677601        0.10856     -0.0680386              0     -0.0293249     -0.0222852    -0.00240103      0.0180357      0.0134894     -0.0393367     -0.0366553        10.6165
        0.10695     -0.0627663        0.10856     -0.0668167              0      0.0293249     -0.0267457      0.0664831       0.015457     0.00898336      -0.033974     -0.0424114        7.24492
       0.107476     -0.0653033        0.10856     -0.0668167              0              0      -0.010124     0.00431952      0.0168463     0.00977503      -0.050849     -0.0416784        8.42437
       0.107485     -0.0644974        0.10856     -0.0668167              0              0     -0.0133743      0.0423815      0.0223939     0.00311755     -0.0325074     -0.0319139        8.06853
       0.107022     -0.0647498        0.10856     -0.0668167              0              0     -0.0247384      0.0279566      0.0230605       0.010039     -0.0313197      -0.029416        9.25463
       0.107011     -0.0622565        0.10856     -0.0655949              0      0.0293248     -0.0233838      0.0426396      0.0195374      0.0123317     -0.0275124     -0.0242984        6.27226
       0.106749      -0.063277        0.10856     -0.0655949              0              0     -0.0305863      0.0362391      0.0174546      0.0132335     -0.0210843     -0.0224377        7.40943
       0.107594     -0.0641508        0.10856     -0.0655949              0              0    -0.00675081      0.0176133      0.0174446       0.016322     -0.0237909     -0.0226097        9.23337
       0.107241     -0.0671836        0.10856     -0.0668167              0     -0.0293248     -0.0217175    0.000341681       0.021811      0.0158658     -0.0214284     -0.0216227        11.5359
       0.107243     -0.0664218        0.10856     -0.0668167              0              0     -0.0185358     0.00308059      0.0203657      0.0161114     -0.0218169     -0.0177612        10.2477
       0.107576     -0.0689608        0.10856     -0.0680386              0     -0.0293249      -0.012241    -0.00732524      0.0190603      0.0161012     -0.0137051     -0.0112229        12.9715
       0.104338     -0.0677429       0.107333     -0.0680386     -0.0294397              0     -0.0427821     0.00589164      0.0175843      0.0195372    -0.00874066    -0.00715464        11.9981
       0.109102     -0.0704073        0.10856     -0.0692604      0.0294397     -0.0293246     0.00818157     -0.0104183      0.0141207      0.0224724    -0.00556864    -0.00627865        18.9911
       0.108605      -0.072834        0.10856     -0.0704823              0     -0.0293248     0.00211474     -0.0343777      0.0139469      0.0237363    -0.00698858    -0.00127018        21.8542
       0.105435     -0.0708588       0.107333     -0.0704823     -0.0294397              0     -0.0239209    0.000382444      0.0122769      0.0236933     0.00444841     0.00514555        17.4153
       0.106884     -0.0737634       0.107333     -0.0717042              0     -0.0293248    -0.00522242     -0.0271458     0.00740383      0.0280172     0.00584364     0.00798941        26.3095
       0.104627     -0.0754191       0.106107      -0.072926     -0.0294405     -0.0293248     -0.0163081     -0.0288208     0.00312552       0.029322      0.0101352     0.00992155        29.3104
       0.105702     -0.0727241       0.106107      -0.072926              0              0    -0.00980644      0.0159854    0.000795578      0.0309173     0.00970793    -0.00435362        27.4216
       0.105074     -0.0745833       0.106107     -0.0741479              0     -0.0293248     -0.0258671     0.00426922    -0.00129392      0.0310889     -0.0184152     -0.0381104        27.0471
       0.106442     -0.0770193       0.106107     -0.0753698              0     -0.0293248      0.0191636     -0.0326075     0.00253234      0.0180952     -0.0578056     -0.0605519        25.2115
       0.106436     -0.0799531       0.106107     -0.0778135              0     -0.0586494       0.010856     -0.0176446      0.0230552    -0.00461973     -0.0632983     -0.0658887           21.4
       0.105053     -0.0795813       0.106107     -0.0790354              0     -0.0293249     -0.0212455    -0.00616317      0.0234816    -0.00539697     -0.0684791     -0.0626547        17.1734
       0.104721      -0.079502       0.106107     -0.0802572              0     -0.0293248       -0.02299      0.0224828      0.0167199    -0.00661804     -0.0568298     -0.0550997        13.5366
       0.104406      -0.080228       0.106107     -0.0814791              0     -0.0293248     -0.0301319      0.0282418       0.013555    -0.00207139     -0.0533698      -0.055914        13.0487
        0.10605     -0.0852267       0.106107     -0.0839228              0     -0.0586494      0.0147209     -0.0145849      0.0148964   -2.42114e-05     -0.0584581     -0.0560347        16.4513
       0.105572     -0.0850563       0.106107     -0.0851447              0     -0.0293248     -0.0102174      0.0108884      0.0228151    -0.00157036     -0.0536115     -0.0528004        13.5583
       0.107948     -0.0838251       0.107333     -0.0851447      0.0294405              0    -0.00098308      0.0131154      0.0134492   -0.000120056     -0.0519894     -0.0419582        14.8451
       0.107248     -0.0853075       0.107333     -0.0863666              0     -0.0293248     -0.0016643      0.0302596     0.00667939    0.000646937     -0.0319268     -0.0330469        15.9705
        0.11035     -0.0867158        0.10856     -0.0875884      0.0294397     -0.0293248      0.0229038      0.0233178     0.00597367      0.0102883     -0.0341664      -0.042203        20.2916
       0.108819     -0.0887422        0.10856     -0.0888103              0     -0.0293249   -6.56964e-05     0.00326158     0.00637076      0.0108038       -0.05024     -0.0539904        16.7735
       0.111262     -0.0894792       0.109787     -0.0900321      0.0294397     -0.0293244      0.0151953      0.0173986     0.00637588     0.00237106     -0.0577406     -0.0633989        17.8797
        0.10968     -0.0876956       0.109787     -0.0900321              0              0    -0.00462592       0.032563     0.00809572    -0.00217975      -0.069057     -0.0700198        16.8112
       0.112483     -0.0896073       0.111013      -0.091254      0.0294406     -0.0293249       0.020907      0.0302482      0.0132822    -0.00792087     -0.0709829     -0.0726153         16.571
       0.113533      -0.091061        0.11224     -0.0924759      0.0294396     -0.0293248      0.0104253      0.0246295      0.0183528    -0.00836266     -0.0742476     -0.0732624         16.912
       0.111362     -0.0918352        0.11224     -0.0936977              0     -0.0293248     -0.0174844      0.0369514      0.0185575    -0.00968422     -0.0722771     -0.0744565        15.4312
       0.114304     -0.0903285       0.113467     -0.0936977      0.0294397              0      0.0128204      0.0483252      0.0187826    -0.00964726     -0.0766359     -0.0768545          15.03
       0.112887      -0.093345       0.113467     -0.0949196              0     -0.0293248    -0.00866558      0.0218337      0.0227487      -0.010537     -0.0770731     -0.0709484        14.1194
       0.112633     -0.0917706       0.113467     -0.0949196              0              0      -0.010227      0.0485953      0.0223036      -0.011038     -0.0648242     -0.0599988        12.0083
       0.112797     -0.0914808       0.113467     -0.0949196              0              0    -0.00886377      0.0508137      0.0172877    -0.00452579     -0.0551733     -0.0516041        12.6635
        0.11514     -0.0914798       0.114693     -0.0949196      0.0294406              0    -0.00707491      0.0526247      0.0107749    0.000620115     -0.0480351     -0.0474695        18.9221
       0.115397     -0.0920308       0.114693     -0.0949196              0              0      0.0189823      0.0401562     0.00421128     0.00398873     -0.0469041     -0.0457931        16.1023
       0.117676     -0.0893219        0.11592     -0.0936977      0.0294397      0.0293248      0.0156688      0.0592479     0.00754342     0.00454115     -0.0446822     -0.0434702        19.4832
        0.11612     -0.0908796        0.11592     -0.0936977              0              0    -0.00107244      0.0377635     0.00479731     0.00533472     -0.0422584      -0.038993        17.5046
       0.115763     -0.0906242        0.11592     -0.0936977              0              0    -0.00334938      0.0514995     0.00430152     0.00675391     -0.0357274     -0.0405519        16.8542
       0.119252     -0.0914182       0.117147     -0.0936977      0.0294396              0      0.0334915      0.0278015     0.00913713      0.0106563     -0.0453766     -0.0455046        18.3211
       0.117576     -0.0943126       0.117147     -0.0949196              0     -0.0293248     0.00354046      0.0140101      0.0142693     0.00737177     -0.0456322     -0.0458263        16.8427
       0.116781     -0.0932841       0.117147     -0.0949196              0              0    -0.00897396      0.0218723      0.0116188     0.00636123     -0.0460204      -0.042176        15.6645
       0.120058     -0.0950064       0.118373     -0.0961415      0.0294406     -0.0293248       0.022169      0.0294712     0.00789807     0.00625693     -0.0383318     -0.0434268        22.5621
       0.118967     -0.0934402       0.118373     -0.0961415              0              0     0.00779986      0.0436194     0.00778208     0.00856422     -0.0485215      -0.057194        17.9893
       0.121207     -0.0972556         0.1196     -0.0973633      0.0294397     -0.0293246      0.0146202    -0.00633986     0.00755212     0.00501965     -0.0658663     -0.0599871        23.3136
       0.119871     -0.0981467         0.1196     -0.0985852              0     -0.0293248     0.00189124       0.015821     0.00603173    -0.00394703     -0.0541091     -0.0504475        19.8701
       0.119881     -0.0960392         0.1196     -0.0985852              0              0     0.00794066      0.0418707     0.00829861     0.00235878     -0.0467857     -0.0472868        17.1722
       0.122348     -0.0979386       0.120827     -0.0998071      0.0294397     -0.0293248      0.0159365       0.039632      0.0126569     0.00666021     -0.0477879     -0.0569334        20.4199
       0.120877     -0.0971941       0.120827     -0.0998071              0              0    -0.00120829      0.0344697      0.0126925     0.00661908     -0.0660795      -0.069831        18.5275
       0.123399     -0.0996058       0.122053      -0.101029      0.0294406     -0.0293249      0.0141302      0.0242784      0.0124268    -0.00193633     -0.0735832     -0.0745303        22.2448
       0.121663      -0.100674       0.122053      -0.102251              0     -0.0293248     -0.0107531       0.029765      0.0123788    -0.00645651     -0.0754776     -0.0760457        23.0933
       0.125062     -0.0993378        0.12328      -0.102251      0.0294396              0      0.0297919      0.0391205      0.0135209    -0.00686575     -0.0766135      -0.072568        22.9401
       0.126599     -0.0986575       0.124507      -0.102251      0.0294397              0      0.0254539      0.0537424      0.0189478    -0.00713147     -0.0685229     -0.0651761        23.2996
       0.124799      -0.101959       0.124507      -0.103473              0     -0.0293248     0.00104103      0.0221766      0.0158832    -0.00453998     -0.0618296     -0.0542364        24.0452
       0.127092      -0.100139       0.125733      -0.103473      0.0294405              0      0.0100311      0.0576927     0.00948665   -0.000864756     -0.0466436     -0.0478088        26.2337
       0.127004      -0.100303        0.12696      -0.103473      0.0294399              0     -0.0244993      0.0452907     0.00528321     0.00646161     -0.0489737     -0.0488302        31.2462
       0.127008      -0.099575        0.12696      -0.103473              0              0      0.0163453      0.0660098     0.00735257     0.00675606     -0.0486868     -0.0597161        25.1945
       0.126284       -0.10198        0.12696      -0.104695              0     -0.0293246    -0.00513382      0.0481764      0.0396632     0.00610589     -0.0707452     -0.0869934        31.8582
        0.12568      -0.105178        0.12696      -0.105916              0     -0.0293248     -0.0123944    -0.00234084      0.0457207    -0.00486125      -0.103242      -0.101251        26.8655
       0.121921      -0.106434       0.125733      -0.107138     -0.0294399     -0.0293248      -0.054673     0.00907922      0.0426647     -0.0211254     -0.0992607     -0.0864279        20.9404
       0.126196      -0.103236        0.12696      -0.107138      0.0294399              0     -0.0156005      0.0657639      0.0312401     -0.0205097     -0.0735963     -0.0668515        18.6272
       0.126213     -0.0997492        0.12696      -0.105916              0      0.0293248    -0.00932738      0.0884721      0.0241089    -0.00636257     -0.0601069     -0.0580389        18.5427
       0.124185       -0.10476       0.125733      -0.107138     -0.0294399     -0.0293248     -0.0125829      0.0344131       0.020388     0.00113772     -0.0559713     -0.0524492        19.9749
       0.125724      -0.107694       0.125733       -0.10836              0     -0.0293248    0.000401567      0.0110812      0.0142503      0.0028231     -0.0489277     -0.0418977        29.7208
       0.126197      -0.105814       0.125733       -0.10836              0              0     0.00262775      0.0455148      0.0043051     0.00603603     -0.0348672     -0.0359774        33.7217
       0.126557      -0.104317       0.125733       -0.10836              0              0     0.00806743      0.0733069    -0.00404647       0.012982     -0.0370872      -0.054721        35.2565
       0.126628      -0.106479       0.125733       -0.10836              0              0      0.0104405     0.00664705    -0.00426295      0.0128921     -0.0723546     -0.0681754        35.2814
       0.122464      -0.107647       0.124507      -0.109582     -0.0294405     -0.0293248     -0.0349869      0.0455804     0.00292799    -0.00422503     -0.0639953     -0.0698004        28.7971
       0.123961      -0.106251       0.124507      -0.109582              0              0     0.00286392      0.0457704      0.0135566    -0.00329841     -0.0756052     -0.0785017        30.7147
       0.123209       -0.10564       0.124507      -0.109582              0              0     -0.0190322      0.0582536      0.0379401    -0.00746084     -0.0813983     -0.0841069        25.9935
       0.118929      -0.104821        0.12328      -0.109582     -0.0294397              0     -0.0617771      0.0726286      0.0449708     -0.0103446     -0.0868154      -0.091874        29.1393
        0.11768      -0.106943       0.122053      -0.110804     -0.0294396     -0.0293249     -0.0464766      0.0638946      0.0484822     -0.0133247     -0.0969329      -0.106487        29.3165
       0.115071      -0.105915       0.120827      -0.110804     -0.0294406              0     -0.0859464      0.0666851      0.0528675     -0.0181127      -0.116041      -0.118713         25.543
       0.114601      -0.105527         0.1196      -0.110804     -0.0294397              0     -0.0578071      0.0717661      0.0469753     -0.0275213      -0.121384      -0.119046        22.3575
       0.116895      -0.106242         0.1196      -0.110804              0              0     -0.0344749      0.0531762      0.0450219      -0.030542      -0.116708      -0.101748        20.3096
        0.11203      -0.102434       0.117147      -0.109582     -0.0588804      0.0293249     -0.0639929       0.105665      0.0350802     -0.0260097     -0.0867901     -0.0770318        16.0466
        0.10948      -0.103701       0.114693      -0.109582     -0.0588793              0     -0.0637098      0.0863607       0.024794    -0.00939978     -0.0672737     -0.0619035        17.8259
       0.109284       -0.10233       0.113467       -0.10836     -0.0294406      0.0293248     -0.0643211      0.0799971      0.0141991    0.000403392     -0.0565335     -0.0496878        21.3902
        0.11054      -0.104881        0.11224       -0.10836     -0.0294397              0    -0.00583156      0.0452119     0.00549648     0.00527333     -0.0428425     -0.0341988        23.0249
       0.104233      -0.102282        0.10856      -0.107138       -0.08832      0.0293248     -0.0450776      0.0724379     0.00985465      0.0113213     -0.0255553     -0.0258841         19.035
       0.103453      -0.105332       0.107333      -0.107138     -0.0294397              0     -0.0681735      0.0145153     0.00630257      0.0198278      -0.026213     -0.0162563        29.1948
       0.104669      -0.107072       0.106107       -0.10836     -0.0294405     -0.0293248   -0.000591118      0.0429977    -0.00441852      0.0205475    -0.00629892     -0.0202159         30.614
       0.106641      -0.104198       0.106107      -0.107138              0      0.0293248      0.0114689      0.0311745     0.00986824      0.0281194     -0.0341333     -0.0403103        22.7702
      0.0998091      -0.107828       0.103653       -0.10836     -0.0588795     -0.0293248     -0.0552536      0.0125873      0.0138856      0.0169786     -0.0464872     -0.0518057        22.5802
       0.100006       -0.10598       0.102427       -0.10836     -0.0294406              0     -0.0208004      0.0384032      0.0126023     0.00861739     -0.0571242     -0.0642277        18.6515
      0.0982779      -0.107975         0.1012      -0.109582     -0.0294396     -0.0293248     -0.0412592      0.0291021      0.0177223     0.00436722     -0.0713312     -0.0777328        20.0732
      0.0969916      -0.106596      0.0999733      -0.109582     -0.0294397              0     -0.0359283      0.0404921      0.0179914    -0.00247647      -0.084134     -0.0847113        20.3746
      0.0956535      -0.105263      0.0987466      -0.109582     -0.0294406              0     -0.0386026      0.0672006      0.0200659     -0.0105738     -0.0852891     -0.0884013        19.8204
      0.0941953      -0.106064        0.09752      -0.109582     -0.0294397              0      -0.042442       0.038733      0.0220242     -0.0111669     -0.0915135     -0.0817463        20.4844
      0.0933285      -0.105313      0.0962933      -0.109582     -0.0294396              0     -0.0320188       0.067553      0.0234014     -0.0130075     -0.0719808     -0.0672571        16.2128
      0.0921024      -0.105479      0.0950666      -0.109582     -0.0294406              0     -0.0361942      0.0588995      0.0244769    -0.00534405     -0.0625335      -0.058323        15.2986
      0.0883806      -0.108946      0.0926133      -0.110804     -0.0588795     -0.0293249     -0.0478085      0.0306845      0.0212829    0.000487435     -0.0541123      -0.050469        17.6362
      0.0887266      -0.110967      0.0913866      -0.112026     -0.0294405     -0.0293244     -0.0312427      0.0222499      0.0154214     0.00410341     -0.0468258     -0.0454011        19.8683
       0.085228       -0.11001      0.0889333      -0.112026     -0.0588795              0     -0.0448725      0.0286238     0.00461027     0.00837408     -0.0439765      -0.040718        20.4968
      0.0890906      -0.112757      0.0889333      -0.113248              0     -0.0293249     0.00710812      0.0124273    -0.00246146     0.00991832     -0.0374597     -0.0351441         29.685
      0.0838182      -0.117137        0.08648      -0.115691     -0.0588802     -0.0586495     -0.0358141    -0.00707013    -0.00511708      0.0129514     -0.0328285     -0.0350618        31.3128
      0.0805947      -0.117935      0.0840267      -0.116913     -0.0588799     -0.0293248     -0.0403419     -0.0118058    -0.00721171      0.0152361     -0.0372952      -0.035173        27.4623
      0.0846484      -0.118612      0.0840267      -0.118135              0     -0.0293248      0.0209246     0.00267518    -0.00205937      0.0142236     -0.0330509     -0.0343645         26.511
      0.0818779      -0.119524         0.0828      -0.119357     -0.0294403     -0.0293246     -0.0104381     0.00603568     0.00725362      0.0148085     -0.0356781     -0.0394242        25.9435
      0.0777214      -0.125415      0.0803467      -0.123023     -0.0588799     -0.0879745     -0.0220029     -0.0084102     0.00676105       0.014109     -0.0431701     -0.0590546        34.7137
      0.0778606      -0.125062        0.07912      -0.124244     -0.0294401     -0.0293244    -0.00880462     -0.0137418      0.0060502      0.0103661     -0.0749396     -0.0788175        29.9039
      0.0787979      -0.124359        0.07912      -0.125466              0     -0.0293248     -0.0158708      0.0285632    -0.00128212    -0.00518836     -0.0826961     -0.0882858        27.1893
      0.0794298       -0.12157        0.07912      -0.125466              0              0    0.000915831      0.0594897    -0.00970187    -0.00995411     -0.0938752     -0.0983828        27.6105
      0.0765911      -0.122857      0.0778933      -0.126688     -0.0294397     -0.0293248     -0.0146607      0.0655587    -0.00970187    -0.00995411       -0.10289      -0.111119        28.8298
      0.0802684      -0.123634        0.07912       -0.12791      0.0294397     -0.0293248      0.0161813      0.0698233    -0.00970187    -0.00995411      -0.119347      -0.129192        32.0626
       0.079153      -0.126703        0.07912      -0.129132              0     -0.0293251     0.00680444      0.0187341    -0.00970187    -0.00995411      -0.139036      -0.129496        38.0793
      0.0800208      -0.124719        0.07912      -0.129132              0              0       0.031973       0.063605    -0.00970187    -0.00995411      -0.119955      -0.107776        30.5763
      0.0843272      -0.125115      0.0815733      -0.130354      0.0588804     -0.0293248      0.0203733      0.0953888    -0.00970187    -0.00995411     -0.0955984       -0.09617        25.3697
      0.0808228       -0.12477      0.0815733      -0.130354              0              0     -0.0287817      0.0766292    -0.00970187    -0.00995411     -0.0967413     -0.0929367        24.8422
      0.0852433      -0.124711         0.0828      -0.130354      0.0294396              0      0.0419331      0.0854765    -0.00970187    -0.00995411     -0.0891311     -0.0897128         27.757
      0.0874582      -0.125959      0.0840267      -0.130354      0.0294403              0       0.045499      0.0535632    -0.00970187    -0.00995411     -0.0902942     -0.0818917        28.6275
      0.0909819      -0.126321        0.08648      -0.130354      0.0588799              0      0.0480958      0.0571864    -0.00970187    -0.00995411     -0.0734895     -0.0631055        33.5296
      0.0902151      -0.122523      0.0877067      -0.129132      0.0294401      0.0293248      0.0203543       0.102889    -0.00970187    -0.00995411      -0.052722     -0.0547278        32.0536
      0.0927539      -0.122602      0.0889333       -0.12791      0.0294401      0.0293251      0.0661801      0.0601857    -0.00970187    -0.00995411      -0.056733      -0.050325        27.7703
      0.0956987       -0.12411      0.0913866       -0.12791      0.0588795              0      0.0459903      0.0587493    -0.00970187    -0.00995411     -0.0439172     -0.0428589        26.4214
       0.100305      -0.122732      0.0950666      -0.126688        0.08832      0.0293248      0.0520334      0.0445138    -0.00970187    -0.00995411     -0.0418006     -0.0327896        26.6684
      0.0991633      -0.119836      0.0962933      -0.125466      0.0294406      0.0293248      0.0374556      0.0919426    -0.00970187    -0.00995411     -0.0237782     -0.0328537        21.7951
       0.102725      -0.121627      0.0987466      -0.125466      0.0588793              0      0.0505883      0.0554444    -0.00970187    -0.00995411      -0.041929     -0.0540212        25.5756
        0.10432      -0.120586         0.1012      -0.124244      0.0588804      0.0293248       0.025619      0.0350326    -0.00970187    -0.00995411     -0.0661136     -0.0627547        21.5857
       0.109872      -0.114401        0.10488      -0.121801        0.08832      0.0586494      0.0570856       0.107744    -0.00970187    -0.00995411     -0.0593971     -0.0645528        19.3907
       0.107936      -0.114421       0.106107      -0.120579      0.0294397      0.0293248      0.0159786       0.076666    -0.00970187    -0.00995411     -0.0697081     -0.0689581        17.3375
        0.11159      -0.113079        0.10856      -0.119357      0.0588802      0.0293248      0.0381391      0.0875167    -0.00970187    -0.00995411     -0.0682076       -0.06983         17.181
       0.113387      -0.115358       0.111013      -0.119357      0.0588804              0       0.015982       0.049668    -0.00970187    -0.00995411     -0.0714524      -0.065809        19.2597
       0.119426      -0.109278       0.114693      -0.116913        0.08832      0.0586494      0.0584526       0.108292    -0.00970187    -0.00995411     -0.0601645      -0.061401        17.6426
        0.11971       -0.10941       0.117147      -0.115691      0.0588793      0.0293248      0.0147211       0.080352    -0.00970187    -0.00995411     -0.0626374     -0.0598874        17.1844
       0.123022      -0.109006         0.1196      -0.114469      0.0588804      0.0293248      0.0492692      0.0695246    -0.00970187    -0.00995411     -0.0571377     -0.0518299        17.9542
       0.122158      -0.104752       0.120827      -0.112026      0.0294397      0.0586497     0.00892672       0.097633    -0.00970187    -0.00995411     -0.0465223      -0.044019        15.1108
       0.131827     -0.0999039       0.125733       -0.10836        0.11776      0.0879741      0.0695763      0.0995828    -0.00970187    -0.00995411      -0.041516     -0.0322976        22.0581
       0.132578      -0.101224       0.128187      -0.107138      0.0588795      0.0293248      0.0494025      0.0826463    -0.00970187    -0.00995411     -0.0230786     -0.0208373        24.1655
       0.134642      -0.098621        0.13064      -0.104695      0.0588802      0.0586495       0.043227       0.073952    -0.00970187    -0.00995411      -0.018596     -0.0147831        27.2777
       0.139222     -0.0943487        0.13432      -0.102251      0.0883201      0.0586494      0.0442275       0.122261    -0.00970187    -0.00995411       -0.01097      -0.029836        32.4403
       0.145384     -0.0899162       0.139227     -0.0985852        0.11776      0.0879745      0.0569791        0.10047    -0.00970187    -0.00995411     -0.0487016     -0.0576316        37.9648
       0.149618     -0.0907369       0.142907     -0.0973633      0.0883201      0.0293248      0.0993064      0.0909121    -0.00970187    -0.00995411     -0.0665622     -0.0790033        36.1557
       0.148636     -0.0865947        0.14536     -0.0949196      0.0588802      0.0586494       0.028034        0.10911    -0.00970187    -0.00995411     -0.0914446      -0.100796        32.5339
       0.152353      -0.083773        0.14904     -0.0924759      0.0883201      0.0586495      0.0310026       0.105611    -0.00970187    -0.00995411      -0.110146      -0.108903         37.321
       0.165634      -0.076794         0.1564     -0.0888103        0.17664      0.0879741       0.112068       0.164391    -0.00970187    -0.00995411      -0.107658      -0.111389        49.6947
       0.165638     -0.0760471        0.16008     -0.0863666      0.0883201      0.0586497      0.0565749       0.124896    -0.00970187    -0.00995411      -0.115119      -0.107227        43.1989
       0.168034     -0.0754318        0.16376     -0.0851447      0.0883198      0.0293248      0.0388213       0.144271    -0.00970187    -0.00995411     -0.0993346      -0.100534        37.4816
       0.171803     -0.0744069        0.16744      -0.082701      0.0883201      0.0586495      0.0441654      0.0852572    -0.00970187    -0.00995411      -0.101733     -0.0808026        37.9745
       0.184339      -0.068741         0.1748     -0.0790354        0.17664      0.0879741       0.106312       0.138053    -0.00970187    -0.00995411     -0.0598705     -0.0429342        50.6445
       0.186477     -0.0662854        0.17848     -0.0765916      0.0883201      0.0586497       0.111111       0.151501    -0.00970187    -0.00995411      -0.025998     -0.0293209        44.6907
       0.186781     -0.0691083        0.18216     -0.0753698      0.0883198      0.0293246      0.0258669      0.0756466    -0.00970187    -0.00995411     -0.0326467     -0.0310047        37.6522
        0.19118     -0.0697159        0.18584     -0.0741479      0.0883201      0.0293248      0.0665247      0.0544302    -0.00970187    -0.00995411     -0.0293628     -0.0255185        44.4307
       0.202938     -0.0574403         0.1932     -0.0692604        0.17664       0.117299       0.100064       0.177317    -0.00970187    -0.00995411     -0.0216737     -0.0451078        91.2796
       0.202729     -0.0585872        0.19688     -0.0668167      0.0883201      0.0586495      0.0637825      0.0895954    -0.00970187    -0.00995411     -0.0685416     -0.0764056        79.3404
       0.208643     -0.0604099        0.20056     -0.0655949      0.0883201      0.0293248       0.133994      0.0545965    -0.00970187    -0.00995411      -0.084269     -0.0827545         98.863
       0.209125     -0.0577681        0.20424     -0.0631511      0.0883198      0.0586495      0.0315154       0.047951    -0.00970187    -0.00995411     -0.0812396     -0.0533177        57.7951
       0.221347     -0.0462963         0.2116     -0.0582637        0.17664       0.117299       0.106971        0.17512    -0.00970187    -0.00995411     -0.0253952     -0.0202618        112.001
       0.221918     -0.0462477        0.21528     -0.0558199      0.0883198      0.0586495      0.0696914       0.129855    -0.00970187    -0.00995411     -0.0151287      -0.020631        103.743
       0.224374     -0.0470628       0.217733     -0.0533762      0.0588795      0.0586494        0.10379      0.0657193    -0.00970187    -0.00995411      -0.026134     -0.0210632        102.773
       0.226384     -0.0420187       0.221413     -0.0497106      0.0883201      0.0879744      0.0306756      0.0966775    -0.00970187    -0.00995411      -0.015993     -0.0115871        96.6766
       0.236955     -0.0352875       0.227547     -0.0448232         0.1472       0.117299       0.112896       0.114428    -0.00970187    -0.00995411    -0.00718117   -0.000351629        132.207
       0.231203     -0.0470702       0.227547     -0.0448232              0              0      0.0438729     -0.0269647    -0.00970187    -0.00995411     0.00647831    -0.00402226        129.918
       0.227547     -0.0448232       0.227547     -0.0448232              0              0              0              0    -0.00970187    -0.00995411     -0.0145228     -0.0194973        110.034
       0.227547     -0.0448232       0.227547     -0.0448232              0              0              0              0    -0.00970187    -0.00995411     -0.0244718     -0.0328957        118.953
       0.227547     -0.0448232       0.227547     -0.0448232              0              0              0              0    -0.00970187    -0.00995411     -0.0413196     -0.0409023        133.347
       0.227547     -0.0448232       0.227547     -0.0448232              0              0              0              0    -0.00970187    -0.00995411     -0.0404845     -0.0486388        146.593
       0.227547     -0.0448232       0.227547     -0.0448232              0              0              0              0    -0.00970187    -0.00995411     -0.0567928      -0.040545        163.305
       0.245435     -0.0411097       0.227547     -0.0448232              0              0       0.214657      0.0445619    -0.00970187    -0.00995411     -0.0242953     -0.0177141        184.838
       0.232658     -0.0437622       0.227547     -0.0448232              0              0      0.0613306       0.012732    -0.00970187    -0.00995411     -0.0111322     -0.0115353          91.21
       0.229007       -0.04452       0.227547     -0.0448232              0              0       0.017523      0.0036377    -0.00970187    -0.00995411     -0.0119385    -0.00398825        73.7535
       0.227964     -0.0447365       0.227547     -0.0448232              0              0     0.00500658     0.00103934    -0.00970187    -0.00995411     0.00396156     0.00104284        68.4578
       0.227666     -0.0447984       0.227547     -0.0448232              0              0     0.00143045    0.000296955    -0.00970187    -0.00995411    -0.00187614    -0.00287837        65.6511
       0.227581     -0.0448161       0.227547     -0.0448232              0              0      0.0004087    8.48443e-05    -0.00970187    -0.00995411     -0.0038806    -0.00172056        64.6364
       0.227556     -0.0448211       0.227547     -0.0448232              0              0    0.000116771    2.42412e-05    -0.00970187    -0.00995411    0.000439644     0.00328016        65.0551
       0.227549     -0.0448226       0.227547     -0.0448232              0              0    3.33633e-05    6.92605e-06    -0.00970187    -0.00995411     0.00612068     0.00930262        65.8525
