      0.0238818     -0.0400889     -0.0596136     -0.0194603        1.00195      -0.247543        1.00195      -0.247543    2.42623e-05   -7.76055e-06        38.9701      -0.185178       0.392988    -0.00771578       0.016376
     -0.0517839     -0.0170715     -0.0596937     -0.0197669      0.0984655    -0.00662189       0.060661     0.00375287   -0.000204023   -9.77636e-05        1073.53      0.0548146      0.0925886     -0.0131476      0.0366101
     -0.0553664      -0.018049     -0.0596412     -0.0196674      0.0109811     0.00214974      0.0506067      0.0281644      -0.015397    -0.00689639        1174.96      -0.033198     0.00722713     -0.0122469      0.0407696
     -0.0526937     -0.0162372     -0.0583305     -0.0190533      0.0294082      0.0132627      0.0859485      0.0449411     -0.0198457     -0.0062765        971.546      -0.198201       0.226973     -0.0218885      0.0505276
     -0.0544697     -0.0196039     -0.0582943     -0.0187819     0.00372239     0.00586382      0.0469495     -0.0444236     -0.0203913    -0.00561394        881.329       0.550092       0.100693    -0.00722502      0.0641789
     -0.0507699     -0.0177424     -0.0573242     -0.0185273      0.0213275     0.00549923       0.109792      0.0266482     -0.0268387     -0.0112119        779.971       0.158132       0.513491      0.0222836       0.089766
     -0.0491703     -0.0169327     -0.0558097      -0.017448      0.0348454      0.0233115      0.0747261    -0.00513989      -0.034691     0.00712441        682.832       0.315067       0.129926      0.0419998       0.116575
     -0.0464791     -0.0176666     -0.0548926      -0.017174      0.0232945     0.00592027       0.129279    -0.00143788     -0.0551955      0.0160521        603.691      0.0688686       0.337657      0.0579967       0.136058
      -0.044235     -0.0174419     -0.0531562     -0.0175973      0.0398347    -0.00914407       0.106577      0.0273165     -0.0605301      0.0276428        533.556      -0.575296     -0.0361604      0.0368996       0.148618
     -0.0341679     -0.0244579     -0.0484655     -0.0184963       0.105302     -0.0194178       0.196392      -0.129336     -0.0713243      0.0332471        372.333       0.508713      0.0450738      0.0341287       0.148989
     -0.0287434     -0.0244839     -0.0452882     -0.0193254      0.0791607     -0.0179083       0.239016     -0.0562696     -0.0750043      0.0169397        372.714       0.269209       0.377534      0.0665407       0.166597
      -0.029075     -0.0206782     -0.0418614     -0.0196209       0.081935    -0.00638335       0.122786      0.0200153     -0.0743753      0.0211121        409.117      -0.426264      -0.491485      0.0599976       0.161853
     -0.0237176     -0.0218048     -0.0383734     -0.0202242      0.0835353     -0.0130328       0.215948     -0.0234898      -0.088909      0.0421646        261.486      -0.479737      -0.186108      0.0222487       0.133624
    -0.00702889     -0.0322425     -0.0297184     -0.0243256       0.195301     -0.0885892       0.306047      -0.118235     -0.0710739      0.0253397        161.837     -0.0824336      0.0805642    -0.00117445       0.129228
     -0.0158884     -0.0294337     -0.0305711     -0.0248642     0.00111217     -0.0116329       0.207736     -0.0636712     -0.0622109     0.00314616        263.715      0.0602093        0.29986    -0.00210032       0.145077
     -0.0302271     -0.0232404     -0.0359942     -0.0243679      -0.117029      0.0107183        0.08687      0.0440695      -0.064689    5.56588e-05        588.276      -0.455912       0.277542     -0.0185877       0.169135
     -0.0358307     -0.0228817     -0.0400262     -0.0241961     -0.0987929     0.00371078      0.0819537      0.0050339     -0.0758665     0.00189863        614.536      -0.208386       0.434763     -0.0462657       0.198811
     -0.0441934     -0.0244429     -0.0449493     -0.0253801      -0.116219     -0.0255733    0.000850791      0.0214978     -0.0879115    -0.00948168        715.176      -0.299731     -0.0831054     -0.0674371       0.213465
     -0.0429089     -0.0260816     -0.0462205     -0.0251444     -0.0390784     0.00509054       0.048049     -0.0503995      -0.103468     -0.0235593        601.822       0.565716      -0.351985     -0.0563533       0.195337
      -0.034717     -0.0247076     -0.0470481     -0.0248943      -0.021784     0.00540279       0.240763     0.00253952      -0.105118     -0.0355163        486.311       0.690795       0.769845    -0.00400162       0.212739
     -0.0360937     -0.0241611     -0.0473251      -0.024397    -0.00816211      0.0107409       0.114826      0.0100275     -0.0911248     -0.0135354        594.772       0.566478      0.0594688      0.0483813       0.247288
     -0.0332045     -0.0242617     -0.0471903     -0.0245157      0.0020945    -0.00256297        0.22538      0.0257805      -0.120599      0.0171728         449.95      0.0966695       0.420051      0.0760107       0.267267
     -0.0248111     -0.0271728     -0.0434562     -0.0258412      0.0808675     -0.0286302       0.239812    -0.00367786      -0.133055      0.0417369        416.978      -0.231453       0.176904      0.0703945       0.292142
     -0.0232285     -0.0309779     -0.0394458     -0.0269316      0.0947113     -0.0235533       0.167451     -0.0722502        -0.1435      0.0495195         379.37      0.0182424      -0.633691      0.0615101       0.273112
     -0.0128133     -0.0312763     -0.0354176     -0.0279701      0.0964803     -0.0224311        0.37276     -0.0237135      -0.153425      0.0422115        234.319      -0.367582       0.173068      0.0469551       0.253921
     0.00306358     -0.0308601     -0.0241115     -0.0291631       0.253859     -0.0257686       0.294828     -0.0106453      -0.129766      0.0383685        133.488      -0.626984      -0.784476     0.00551605       0.228455
   -0.000496417     -0.0305319     -0.0197878     -0.0301277       0.118777     -0.0208359       0.281003     -0.0299449      -0.133822      0.0247221        180.121      -0.390691      -0.681077     -0.0368844         0.1674
     -0.0135246     -0.0347235     -0.0254511     -0.0303458       -0.11045    -0.00471066       0.189168      -0.112009      -0.103773    -0.00187911        186.596       0.366035       -0.48477     -0.0379132       0.118829
     -0.0197959      -0.030107     -0.0291015     -0.0298894     -0.0898932      0.0098576       0.155797      0.0314351     -0.0738605     -0.0211461        274.486     -0.0876983     -0.0860343     -0.0263166       0.095048
     -0.0372905     -0.0278549     -0.0385341     -0.0290619      -0.212734      0.0178737      0.0711024    -0.00145925       -0.05239     -0.0139034        901.064       0.261494       0.673696     -0.0190752       0.119531
     -0.0398215     -0.0294182     -0.0418031      -0.029889     -0.0918826      -0.017865      0.0488963      0.0180389     -0.0468199    -0.00858368        808.042       0.063557       0.770797    -0.00553254       0.179713
     -0.0401212     -0.0337535     -0.0438422     -0.0307971     -0.0532343     -0.0196143      0.0540194     -0.0655386     -0.0747638   -0.000866663         657.75       0.615316       0.495837      0.0227532       0.232484
     -0.0402108     -0.0318244     -0.0453465     -0.0312341      -0.037816    -0.00943986      0.0600555      0.0244537      -0.107167     0.00233434        564.136     -0.0156821      -0.020042      0.0477366       0.252307
     -0.0334451     -0.0309935     -0.0448928     -0.0321842     0.00601999     -0.0205219       0.183039      0.0463472      -0.129767      0.0208094        462.773      -0.721949       0.153443      0.0170054       0.257862
     -0.0278654     -0.0377954     -0.0421448     -0.0344413      0.0599571     -0.0487542       0.168263      -0.069905      -0.133364      0.0306494        487.988      -0.236319      -0.365234     -0.0229212       0.249036
     -0.0253162     -0.0384687     -0.0405211     -0.0358302      0.0410689     -0.0300001       0.220202     -0.0314477      -0.135168     0.00571929        317.168       -0.21192      -0.301849     -0.0415976       0.221242
     -0.0202888     -0.0347406     -0.0381497     -0.0360762      0.0553277    -0.00531262         0.2587       0.032979      -0.127357     -0.0128994        398.391      -0.404463      -0.111438     -0.0672795       0.204021
     -0.0099384     -0.0342574     -0.0307403     -0.0353696       0.165577      0.0152621       0.250649     -0.0158575      -0.110054     -0.0207348        204.403       0.186069      -0.507223     -0.0763775       0.178246
    -0.00992532      -0.029712     -0.0300609     -0.0334099      0.0312323      0.0423288       0.336947      0.0559797       -0.10512     -0.0362282        190.889       0.198102       0.510691     -0.0603705       0.178389
     -0.0178289     -0.0205043     -0.0325927     -0.0289375     -0.0515627       0.096604       0.185801       0.117559     -0.0852885     -0.0309122        297.925        0.10506       0.318131      -0.047739       0.212923
      -0.020206      -0.012821      -0.034211     -0.0248552      -0.040113      0.0881776       0.220166       0.184516     -0.0940458     -0.0208025         448.76      -0.350821       0.670774     -0.0579776       0.254124
     -0.0233143     -0.0074374     -0.0340249     -0.0177005    8.87644e-06       0.154543      0.0860678      0.0658251      -0.112369     -0.0149322        555.478       0.589031      -0.201497     -0.0480555       0.273676
     -0.0230483    -0.00557834     -0.0322769     -0.0137812      0.0377582      0.0846564        0.10272       0.121159      -0.141743     -0.0272614        404.202       0.377885      -0.777678    -0.00776962       0.232886
     -0.0120901     0.00288024     -0.0289668    -0.00902176      0.0752742       0.102804       0.263408       0.176886       -0.13359    -0.00667931        188.282      -0.133795      -0.347713     0.00240231          0.186
    -0.00756929     0.00524383     -0.0258175    -0.00437492      0.0755527       0.100372       0.247182        0.10368      -0.100259      0.0120169        167.329      0.0915036      -0.330958    0.000639439       0.157724
    -0.00797823     0.00187417     -0.0231555    -0.00134583      0.0650539      0.0654285       0.194131     0.00115923     -0.0804362      0.0124688        149.091       0.739389      -0.508661      0.0352569       0.122746
     -0.0187796      -0.015216     -0.0287879    -0.00901998      -0.115155      -0.165762       0.207301     -0.0326916     -0.0694326     0.00997757        293.483     -0.0727662       0.629711      0.0630331       0.127795
     -0.0257035     -0.0212803      -0.031592     -0.0140938     -0.0720838      -0.109594      0.0696535      -0.076461     -0.0507758      0.0335661        531.833      -0.387461       0.324024      0.0438581       0.167531
     -0.0286417     -0.0295903     -0.0339953     -0.0197805     -0.0591204      -0.122834      0.0931963      -0.121026      -0.062613      0.0440892        634.573      -0.433286       0.420444      0.0096612       0.198549
      -0.035171     -0.0527657     -0.0383613     -0.0329361      -0.100216       -0.28416      0.0444892      -0.258445     -0.0861103       0.022863        391.078      -0.125834       0.121967     -0.0136359       0.221149
     -0.0339672     -0.0529725     -0.0396039     -0.0383964     -0.0368618      -0.117942      0.0843472      -0.186167      -0.102635      0.0038272        452.347      0.0882975     -0.0663525     -0.0152008       0.223467
     -0.0316533     -0.0540023     -0.0405986     -0.0435412     -0.0251717      -0.111128       0.140988      -0.120437      -0.106432   -0.000431192         519.66     0.00795674    -0.00649581     -0.0111904       0.220432
     -0.0317338     -0.0587078     -0.0408417     -0.0492098     -0.0077684      -0.122444       0.113817      -0.112605      -0.106337     0.00106405        321.063     -0.0158511       -0.39517     -0.0115194       0.203698
      -0.024384     -0.0751554     -0.0396594     -0.0608699      0.0247594      -0.251856       0.258236      -0.146574      -0.105178     0.00289677        149.786      -0.455925        0.34706     -0.0311761       0.201694
     -0.0261102     -0.0794429     -0.0383872     -0.0666895      0.0299572      -0.125703       0.123131      -0.194944     -0.0928428     0.00285374        136.151       0.249887      -0.367108     -0.0397604        0.20086
      -0.023358     -0.0799034     -0.0362061     -0.0725605      0.0501069      -0.126814       0.182359     -0.0359707         -0.101      -0.014867        100.636      -0.588734      -0.416211     -0.0538758       0.168227
     -0.0188905     -0.0827339     -0.0331391     -0.0782603      0.0712582      -0.123115       0.188956      -0.037895     -0.0882185    -0.00812138        100.174      -0.717194      -0.503006      -0.108286       0.129935
    -0.00384152      -0.100036     -0.0243941     -0.0877929       0.196018      -0.205904       0.269653      -0.188152     -0.0703323      -0.028458        118.669       0.148706      -0.339428      -0.131971      0.0948386
    -0.00374006     -0.0963843     -0.0204607     -0.0923711       0.104562     -0.0988895       0.210702    0.000891872     -0.0502661     -0.0586076        77.9562      -0.382381      -0.435321      -0.141706      0.0625596
    -0.00105176     -0.0970014     -0.0161086     -0.0964127       0.104463      -0.087298       0.205539     0.00115967     -0.0352997     -0.0639765        65.3671      -0.174922      -0.100157      -0.164926      0.0402498
     0.00231436      -0.101702     -0.0110456     -0.0997377       0.119805     -0.0718208       0.161967     -0.0463577     -0.0196462     -0.0671511        62.1221       0.536796      -0.157567      -0.149849      0.0295119
      0.0195263      -0.110542    -0.00069931      -0.107452       0.235461      -0.166635       0.267998      0.0108489     -0.0112706     -0.0799976        66.9972      0.0450102       0.234489      -0.125608      0.0327153
      0.0231756       -0.10891     0.00563147      -0.110558       0.160291     -0.0670751       0.216844      0.0461455    -0.00598007     -0.0597061        72.9726      -0.116627       0.224853      -0.128592      0.0518537
      0.0239435      -0.111758      0.0116807      -0.113966       0.146693     -0.0736107        0.11188      0.0500529     -0.0145195     -0.0546154         69.985      -0.206833       -0.67175      -0.142069      0.0332375
      0.0302716      -0.116085      0.0181138      -0.116649       0.153624     -0.0579529       0.147501    -0.00632911     -0.0241902     -0.0585362        80.1764       0.328075      -0.665499      -0.137016     -0.0224757
      0.0558058      -0.114563      0.0317782      -0.119389       0.310513     -0.0591863       0.329507       0.118186    -0.00732654     -0.0676338        77.5792      -0.395853          0.256      -0.139841     -0.0395392
      0.0539825      -0.115317      0.0368939      -0.119173        0.14155     0.00466254       0.217822      0.0139396      0.0282941     -0.0581313        68.9554       0.465256       0.563742      -0.136948    -0.00538678
      0.0547011      -0.114418      0.0415636      -0.119547       0.115022    -0.00808927       0.170085       0.085197      0.0181578     -0.0696994        49.7602       0.348077       0.764078       -0.10306      0.0499325
      0.0571307      -0.113999       0.047672      -0.119481       0.143442     0.00142908      0.0593336       0.074779    -0.00742906     -0.0550898        58.4029       0.459432      -0.555659     -0.0694156      0.0586185
      0.0814892      -0.101539      0.0608352      -0.114755       0.298669       0.102077       0.253951       0.203342     -0.0392165     -0.0380584        61.6791      -0.249211      -0.545896     -0.0606563      0.0127273
      0.0875341      -0.104766      0.0679737      -0.113851        0.18406      0.0195322       0.264895        0.12066     -0.0311493     -0.0207348        50.4676      -0.302744      0.0358547     -0.0836543    -0.00852544
      0.0874471      -0.105113        0.07322      -0.112441       0.131726      0.0304647       0.168802      0.0926731    -0.00299245     -0.0219149        43.3967       -0.14856     0.00197208      -0.102458    -0.00694941
      0.0883817      -0.106447      0.0781372      -0.111432       0.119383      0.0217858       0.113647      0.0464918     0.00143582     -0.0374777        41.5282       0.373391      -0.180735     -0.0930919      -0.014397
       0.110915     -0.0980789      0.0903771      -0.107285       0.276322      0.0895868        0.26984       0.117708   -0.000819263     -0.0461292        41.6081       0.410502       0.351363     -0.0604308    -0.00728909
       0.111373     -0.0967591      0.0966787      -0.104223       0.163747      0.0661318        0.15881      0.0793998     0.00465209     -0.0313765        38.9773       0.766133     -0.0385033     -0.0114076     0.00574827
       0.115247     -0.0937228       0.102699      -0.102133       0.146403      0.0451458       0.149884       0.143815    -0.00775629     -0.0129238        39.5898      -0.178469     -0.0681004      0.0130734     0.00130701
       0.121128     -0.0942123       0.108807      -0.100151       0.146583        0.04281       0.146613      0.0723815     -0.0122355      0.0141561        43.2569      -0.218606     -0.0941457    -0.00347151    -0.00545589
       0.137723     -0.0884644       0.120814     -0.0964543       0.274011      0.0798448       0.170455       0.112986    -0.00899535      0.0200261        60.3285      -0.527883      -0.751259     -0.0345743     -0.0406754
       0.141052     -0.0913826       0.127016     -0.0946536        0.16136      0.0388966       0.188103     0.00543129     -0.0046578     0.00619792        57.0817       0.236189       -0.19468     -0.0467229     -0.0800818
       0.142332     -0.0840652        0.13287      -0.091815       0.142595      0.0613137      0.0905117       0.126967      0.0270942     -0.0172209        37.1072      -0.326421      -0.346228     -0.0504829      -0.102619
       0.148178      -0.082374       0.138292     -0.0892398       0.131371      0.0556234       0.148196      0.0732193      0.0357731    -0.00943054         44.183     -0.0552517       0.459109     -0.0663852     -0.0979147
       0.151742     -0.0838734       0.143923     -0.0863369       0.134762      0.0627025      0.0529001    -0.00357841      0.0470274     -0.0123817        35.9573      0.0861955       0.193544     -0.0650963     -0.0707217
       0.159568     -0.0735606       0.153095      -0.080078       0.211583       0.135193      0.0547478      0.0839245      0.0377417     -0.0207206        33.6864       0.216306     -0.0695442     -0.0524913      -0.065553
       0.160565     -0.0680135       0.156228     -0.0773166      0.0888278      0.0596469      0.0378076       0.130829      0.0243296     -0.0182784        26.9664      0.0454569       -0.17961     -0.0415845     -0.0759343
       0.165984     -0.0636623       0.159858     -0.0740496      0.0872956      0.0705657      0.0952881       0.145041      0.0258192    -0.00784112        23.4178      -0.250762       0.382924     -0.0501394     -0.0674648
       0.178777      -0.061753       0.168726     -0.0697641        0.20028      0.0925681      0.0936898      0.0689728      0.0332421    -0.00576521         38.295       0.462318    -0.00369579     -0.0413257     -0.0516659
       0.180922      -0.061325       0.172824     -0.0680504       0.108542      0.0370151        0.10471       0.102126      0.0191856     -0.0148094         31.807      0.0921759       0.286402     -0.0182216     -0.0398889
       0.183274     -0.0591254       0.176614     -0.0651084      0.0927225      0.0635473      0.0750964      0.0625839       0.017732     0.00155078        27.2091       0.332583       0.268622   -0.000523451     -0.0167644
        0.18451     -0.0560376       0.179807     -0.0625524      0.0782389      0.0552103       0.040486      0.0981862      0.0103788      0.0119409        33.2715      -0.143304     -0.0510486     0.00736237    -0.00769716
       0.193109     -0.0507838       0.186315     -0.0579794       0.148402      0.0987756      0.0481365       0.076068    -0.00127083      0.0205825        72.5347      0.0725833      -0.730442     0.00441551     -0.0402559
       0.194996     -0.0502648       0.188728     -0.0556806      0.0669573      0.0496544       0.102878      0.0747478    -0.00328201      0.0223681         35.583      -0.144706    -0.00824104     0.00141096     -0.0710331
       0.195748     -0.0489895        0.19205     -0.0538183      0.0784559      0.0402252      0.0228188      0.0658851      0.0277843      0.0203553        32.3957      -0.292591      -0.212498     -0.0168094     -0.0802287
       0.197659     -0.0487399       0.194878     -0.0522737      0.0689324      0.0333648      0.0349933      0.0368283      0.0305385       0.015731        31.5475      -0.109407       0.043456     -0.0335585     -0.0872734
       0.202488     -0.0477865       0.198688     -0.0512149      0.0891813      0.0228703      0.0434213      0.0455595      0.0364651     0.00355326        36.5339     -0.0932453       0.147839     -0.0420024     -0.0793049
       0.203903     -0.0402098       0.201952     -0.0469725      0.0794281      0.0916342    0.000750791      0.0720833      0.0380638    -0.00376703        34.6787       0.248062     -0.0837698     -0.0355533     -0.0766356
       0.202366     -0.0368933         0.2023     -0.0440964      0.0154526      0.0621244       0.012792      0.0978245        0.03316    -0.00640942        27.8513        0.06559       0.348389     -0.0224846     -0.0656115
       0.201306     -0.0360408       0.202856     -0.0416724      0.0135563      0.0523579     -0.0313997       0.062946      0.0325653    -0.00118591        20.8677        0.22694       0.246643     -0.0102959     -0.0408184
       0.204355     -0.0313823       0.204423     -0.0380854      0.0352126      0.0774799    -0.00542419      0.0845789      0.0201997     0.00570284        28.7271       0.149168       0.245308     0.00537539     -0.0203225
       0.202312     -0.0295299       0.204621     -0.0359878     0.00778791      0.0453087     -0.0532602      0.0992936     0.00978762      0.0141396        30.6663      -0.361111      -0.256175    -0.00345593     -0.0207761
       0.203728     -0.0316853       0.205233     -0.0347491      0.0140036      0.0267558     -0.0240501      0.0240907   -0.000118431      0.0207766        26.1567     -0.0357221      -0.284356     -0.0199892     -0.0432963
       0.203431     -0.0290635       0.205105     -0.0334289    -0.00135738      0.0285161     -0.0193118       0.071861     0.00446636      0.0127978        24.4385      -0.380428      -0.111509     -0.0373274     -0.0597915
       0.203791     -0.0255243         0.2056     -0.0308681      0.0105412      0.0553138     -0.0275245      0.0567616      0.0175287     0.00474762        29.7151     -0.0860468     -0.0519745     -0.0567647     -0.0666037
       0.201068     -0.0256141       0.204981     -0.0293424     -0.0123181      0.0329548     -0.0577796      0.0331719      0.0236799    -0.00469126        24.8453       0.318175     -0.0779425     -0.0470929     -0.0720159
       0.201539     -0.0221835       0.204528     -0.0281314     -0.0110027      0.0261571     -0.0259732       0.101668      0.0265829     -0.0133573        25.4662      -0.210981       0.300941     -0.0426262     -0.0627251
       0.199766     -0.0230697       0.203687     -0.0268163     -0.0192753      0.0284065     -0.0547509      0.0273374      0.0292501   -0.000744116        20.0783       0.285115       0.291173     -0.0395371     -0.0380552
       0.193147     -0.0221165       0.200436     -0.0260807     -0.0721501      0.0158895      -0.097076      0.0640072      0.0222024    -0.00062741        11.5333      0.0457071       0.179595     -0.0257533     -0.0184404
       0.191404     -0.0223824       0.198493     -0.0251824     -0.0491791      0.0194017       -0.10133      0.0269204     0.00904089     0.00142406        12.1804       0.273908      -0.120441     -0.0124357     -0.0159752
       0.191076     -0.0216335       0.196104     -0.0243413     -0.0565274      0.0181682     -0.0463173       0.040857    0.000447336     0.00841283        14.3168       0.100126       0.227652     0.00314903      -0.011509
       0.189508      -0.022089       0.194027      -0.023618     -0.0505127      0.0156246     -0.0557487      0.0143397     0.00324422      0.0187867        17.0176       0.165418       0.203118      0.0142131     0.00643969
       0.183647     -0.0219098       0.190141     -0.0228162     -0.0889786      0.0173175      -0.078336     0.00916069     -0.0044648      0.0235931        18.6783       0.136071       0.146401      0.0267749      0.0210023
       0.182042     -0.0220695       0.187912     -0.0219004     -0.0570469      0.0197811      -0.083596     -0.0132468     -0.0131728      0.0296125        26.5881       0.255815      -0.244457      0.0431032      0.0169182
       0.181682      -0.019748       0.186306     -0.0217688     -0.0403966     0.00284231     -0.0630627      0.0631804     -0.0194451       0.035329        26.7871       -0.79145      -0.432401      0.0207891     -0.0112819
       0.180615     -0.0219196       0.184608     -0.0213339     -0.0407287     0.00939536     -0.0440699     -0.0354692     -0.0139893      0.0442243        19.4326      -0.151395      -0.263178     -0.0184931     -0.0402598
       0.179623     -0.0222287       0.182779     -0.0215811     -0.0435783    -0.00534018     -0.0202707    -0.00642055     0.00278241      0.0257386        22.2777      -0.130667       0.217077     -0.0302456     -0.0421802
       0.179136     -0.0221243       0.182669     -0.0215288    -0.00671839     0.00112886     -0.0618395     -0.0219066      0.0160309     0.00643502        20.1533       0.301069     -0.0758956     -0.0231462     -0.0362964
        0.17795     -0.0188732       0.181916      -0.020954     -0.0169537      0.0124165     -0.0546141      0.0410266     0.00967843     0.00379263        13.8073    -0.00185097      -0.100634     -0.0106795     -0.0436515
       0.175973     -0.0198473       0.181111     -0.0208895     -0.0190828     0.00139331     -0.0811044     0.00895952      0.0107042      0.0155121        15.0106       0.109406      -0.346339    -0.00619807     -0.0622743
       0.176198     -0.0236059       0.180277     -0.0226534     -0.0199237     -0.0380993     -0.0412296    3.89908e-05      0.0150455      0.0202122        21.9271      -0.123514    0.000411825    -0.00678653     -0.0766887
       0.175775     -0.0239425         0.1794     -0.0232909     -0.0209274     -0.0137719     -0.0379588    -0.00804086      0.0269852      0.0214783        21.5134     -0.0926071       0.304587     -0.0157915     -0.0639805
       0.174624     -0.0250239       0.179001      -0.024254     -0.0107187     -0.0208017     -0.0677607    -0.00615759      0.0317914      0.0204801        18.5591     -0.0925328       0.158992     -0.0235056     -0.0446645
       0.174452     -0.0250164       0.178324     -0.0249189      -0.015681     -0.0143623       -0.04887     0.00272696       0.021933      0.0154712        11.1834     -0.0954977       0.222988     -0.0313403     -0.0287508
       0.171197     -0.0259794        0.17631     -0.0254403     -0.0450807     -0.0112613      -0.068033     -0.0148821       0.011115      0.0106342        8.30414       0.192035         0.1449     -0.0273179     -0.0134212
       0.171938     -0.0247391       0.175768     -0.0255577     -0.0162075    -0.00253702     -0.0567303      0.0176879      0.0026781     0.00702821        8.99803      0.0947308     -0.0597903     -0.0153693    -0.00987503
       0.172034     -0.0254557       0.174778     -0.0260962     -0.0230154     -0.0116312     -0.0301633      0.0140493    -0.00323766      0.0136202        9.67773    -0.00811611      0.0363297     -0.0117605     -0.0108513
       0.171816     -0.0256604       0.174158     -0.0264362     -0.0156918    -0.00734492     -0.0331694      0.0163344     -0.0035395      0.0195658        11.0787      -0.119243     -0.0422101     -0.0170674     -0.0110965
       0.170328     -0.0298956       0.172912     -0.0282151     -0.0284678     -0.0384228     -0.0288916     -0.0227269    -0.00317841      0.0204024        11.9246    0.000155092      0.0424071     -0.0220293      -0.011088
       0.170242     -0.0303655       0.172289      -0.029074     -0.0163033     -0.0185522     -0.0259871     -0.0176514    -0.00272661      0.0169111        11.8169       0.115279      0.0410315     -0.0172196     -0.0076105
       0.171038     -0.0300654       0.172169     -0.0298007    -0.00423969     -0.0156971      -0.014476     0.00485392    -0.00324303       0.014835        11.5801     -0.0184122      0.0397054     -0.0131837    -0.00424738
       0.170807     -0.0309595       0.171784     -0.0305448    -0.00873646     -0.0160721     -0.0118049    -0.00376314      -0.004489      0.0190403        13.1073   -0.000721785      0.0462081      -0.013981   -0.000668803
       0.170373     -0.0321736       0.171609     -0.0313527    -0.00464494      -0.017451      -0.022777     -0.0102713     -0.0063228      0.0208341        14.1483      0.0574469       -0.13092     -0.0116172    -0.00419847
       0.172089     -0.0352654       0.171761     -0.0335299     0.00281016     -0.0470288      0.0136829    -0.00846522    -0.00825387      0.0205458         16.618      -0.185082       0.107919     -0.0169355    -0.00515581
       0.171281     -0.0356646       0.171956     -0.0345844     0.00450453     -0.0227771     -0.0217664     -0.0122098    -0.00609082      0.0210589        15.2335      -0.110627      -0.185206     -0.0292566    -0.00837649
        0.17232     -0.0365343       0.172287     -0.0358176     0.00759264     -0.0266359     0.00427487     -0.0032829    -0.00652545      0.0176189         16.022      -0.126792      -0.052997      -0.039149     -0.0183022
       0.173809     -0.0403335       0.173154     -0.0385351      0.0194777     -0.0586995     0.00609383     -0.0120412     -0.0015009      0.0103354        19.4882      -0.193407     -0.0268401     -0.0524904     -0.0216278
       0.174406     -0.0410935       0.174098     -0.0401636      0.0223534     -0.0351738    -0.00388102    -0.00916331     0.00115627     0.00518547        22.1381     -0.0428262      -0.115898     -0.0623344     -0.0275744
       0.176231     -0.0417817       0.174863      -0.041409      0.0187438     -0.0269008      0.0287284    -0.00528776     0.00212926    -0.00248457         24.582       0.122329       0.228432     -0.0590213     -0.0228867
       0.176335     -0.0423866       0.175886     -0.0426217      0.0239833     -0.0261954    -0.00791706     0.00841332     0.00577349    -0.00616194        25.4584       0.195608     -0.0108049     -0.0457735     -0.0138184
       0.177442     -0.0437911       0.177024     -0.0448844      0.0269692      -0.048874    -0.00278431      0.0451744     0.00173229    -0.00335373        27.4224      -0.351541      -0.128778     -0.0522696     -0.0196349
       0.178288     -0.0475097       0.177333     -0.0459828     0.00937208     -0.0237252      0.0231486      -0.048809    -0.00179773     0.00463508        28.5502       0.424172       0.175947     -0.0492438     -0.0176718
       0.177779     -0.0475144        0.17815      -0.047928      0.0185909     -0.0420165     -0.0238575      0.0392253     0.00308043    -0.00564672        26.8455      -0.166739      -0.198232     -0.0385193     -0.0186016
       0.179601     -0.0486175       0.178715     -0.0491705      0.0140562     -0.0268393      0.0239449     0.00942016    -0.00177389     0.00772773        27.4209       -0.11861       0.152799     -0.0504088     -0.0204949
       0.177718     -0.0525892       0.178846     -0.0515697     0.00425251     -0.0518227      -0.031065    -0.00525716     0.00429589     0.00490319        26.5813     -0.0648054      -0.169466      -0.058051     -0.0211882
       0.181412     -0.0531282       0.180235     -0.0532048      0.0304189     -0.0353176      0.0220579      0.0114749      0.0032304    -0.00218607        26.2146      -0.129356      0.0769208     -0.0661412     -0.0250461
       0.179181     -0.0544511        0.17978     -0.0541539    -0.00678497     -0.0205009    -0.00861846     -0.0150954     0.00511903    -0.00564672        24.4559       0.308538       0.108405     -0.0586768     -0.0173241
       0.181021     -0.0552333       0.180912     -0.0556935      0.0237797     -0.0332548    -0.00687011      0.0218147     0.00508827     -0.0108968        23.3098       0.124606     -0.0237827     -0.0406297     -0.0137953
       0.183252      -0.060317       0.182119     -0.0587696       0.028451     -0.0664432      0.0130697    -0.00831406    0.000511947    0.000231612        30.7974       0.015757     0.00993427     -0.0347814      -0.014373
       0.183981     -0.0613469        0.18293     -0.0603479      0.0203536     -0.0340909      0.0111336    -0.00744993    0.000355187     0.00667416        27.6856      0.0237039      0.0212977     -0.0331372     -0.0130715
       0.185453     -0.0632555       0.184092      -0.061985      0.0271321     -0.0353611      0.0139341     -0.0128366    0.000350061     0.00686871        30.4711       0.072318     0.00763507     -0.0291361     -0.0118636
       0.185549     -0.0635305       0.184888     -0.0631132      0.0199037     -0.0243696     0.00109729     0.00254825     0.00028688     0.00714658        28.6402    -0.00134907      -0.101808     -0.0261789     -0.0157885
        0.18888     -0.0662171       0.186641     -0.0651577      0.0398678     -0.0441618      0.0297132    -0.00233992    9.93642e-05     0.00969921        36.1829      -0.146004      0.0200681     -0.0323189     -0.0191943
       0.188559     -0.0664363       0.187209     -0.0662622      0.0162376     -0.0238563      0.0179411     0.00408401     0.00161642      0.0110185        31.6993      -0.164951       0.113518     -0.0452754     -0.0136289
       0.187642     -0.0665371       0.187672     -0.0671502      0.0116341     -0.0191815      -0.010107       0.013969     0.00246185      0.0057336        31.3393      -0.126485     -0.0656173     -0.0574183      -0.011632
       0.188869     -0.0648755       0.188498     -0.0675375      0.0189951    -0.00836592     0.00181152      0.0489935    -0.00113791    -0.00160493        36.8435      -0.286688     -0.0752402      -0.074634     -0.0175016
       0.188682     -0.0651117        0.18869     -0.0677882     0.00604996    -0.00541538    0.000377522       0.031499    8.08867e-05    -0.00685931        38.3659     -0.0410777    -0.00669662     -0.0882915     -0.0209139
       0.188607     -0.0640038       0.189127     -0.0675752      0.0100601     0.00460122     -0.0136197       0.047667     0.00313169     -0.0165051        29.3971       0.132301     -0.0979046     -0.0844909     -0.0252719
       0.189357     -0.0625744       0.189101     -0.0671099    0.000441459      0.0100496      0.0172578       0.063493     0.00428719     -0.0218372        41.4882       0.122006       0.270997     -0.0738947     -0.0180605
       0.190159     -0.0611402       0.189416     -0.0664954     0.00683711      0.0132734      0.0129757      0.0788512     0.00695461     -0.0180903        38.3893       0.019681       0.379359      -0.067991     0.00903511
       0.186898     -0.0588329       0.188701     -0.0656498     -0.0147526      0.0182668     -0.0395872       0.107398    -0.00168186     -0.0108396        41.1934      -0.239497      -0.093055     -0.0771498      0.0209661
       0.186338     -0.0574849        0.18759     -0.0638296     -0.0254751      0.0393157    -0.00623203      0.0700513     -0.0174424     -0.0101994        40.9376       0.103378      0.0509412     -0.0828206      0.0192113
       0.185718     -0.0567727       0.186979     -0.0624709     -0.0157379      0.0293477     -0.0231144      0.0716121     -0.0150989     -0.0192028        41.3255       0.299922      -0.187604     -0.0660163      0.0135193
       0.185754     -0.0545816       0.186513     -0.0606198     -0.0116501      0.0399836    -0.00696182      0.0770267     -0.0138445      -0.020739        37.7447       0.361618      -0.160608     -0.0384524   -0.000994156
       0.186556     -0.0466608       0.186024     -0.0565699     -0.0117283      0.0874787       0.023287       0.142607    -0.00951701    -0.00910736        31.8728     -0.0746244       0.212822     -0.0264943     0.00119257
       0.186269      -0.049473       0.185994     -0.0553144    -0.00181881      0.0271191    0.000633188      0.0710043    -0.00243991     0.00590729        25.5808     0.00179228       0.127425      -0.029529      0.0153613
       0.185675      -0.050741       0.185859     -0.0543332    -0.00309894      0.0211938    -0.00684099      0.0417627    -0.00846666     0.00746797        30.9363       0.131382     -0.0395601     -0.0239801      0.0190229
       0.185913     -0.0490248       0.185586     -0.0527495     -0.0062129      0.0342069      0.0087215      0.0460451     -0.0145277     0.00586854        30.5932       0.158913      0.0104085     -0.0118846       0.017807
        0.18539     -0.0447641       0.185675     -0.0506302      0.0013202      0.0457767     -0.0155761      0.0914283     -0.0153834     0.00864195        31.9426      -0.277598       -0.32487     -0.0168311     0.00470495
       0.187158     -0.0427881       0.186385     -0.0476938       0.015457      0.0634271       0.011172      0.0408823     -0.0149419      0.0156799        34.2099       0.187717      -0.255457     -0.0205768     -0.0194764
       0.189815     -0.0440762       0.186926     -0.0465978      0.0132281      0.0236724      0.0625829      0.0263382    -0.00533741      0.0106013        29.4155        0.28852       0.394479   -0.000733562     -0.0136839
       0.188999     -0.0414946       0.188001     -0.0457085      0.0245463      0.0192089    -0.00753579      0.0788674     0.00711829     0.00963782        21.5404      -0.357987     -0.0320434    -0.00362643     0.00142527
       0.190714     -0.0413497       0.189139     -0.0447143      0.0270413      0.0214748      0.0206021      0.0413807    -0.00596147      0.0250434        24.4749      -0.322564     0.00602209     -0.0319823    0.000349045
       0.191121     -0.0412439       0.190202     -0.0434692       0.025656      0.0268941    -0.00207767       0.012899    -0.00693649       0.012534        27.3792       0.130661      -0.276636     -0.0399787      -0.010944
       0.195213     -0.0407772       0.192135     -0.0431529      0.0443189     0.00683199      0.0465425      0.0371609    -0.00615602    -0.00328447        30.3863      0.0338577     -0.0114026     -0.0331235     -0.0229447
       0.193871     -0.0379567        0.19321      -0.042084      0.0276622       0.023089     -0.0107324      0.0622334     0.00210411    -0.00386299        28.7103      -0.114915      -0.324608     -0.0365005     -0.0369433
       0.195271     -0.0355425       0.194945     -0.0409679       0.040239      0.0241071    -0.00609747      0.0842228     0.00591165     0.00140165        32.6505      -0.377068      -0.368576     -0.0570001     -0.0658245
       0.198257      -0.038613       0.196431     -0.0408759      0.0361145     0.00198703      0.0411493     0.00978115        0.01442    -0.00128187        37.4227      0.0775997       0.165102     -0.0694777     -0.0743018
       0.196533     -0.0378604       0.197056     -0.0404118      0.0171227      0.0100257     -0.0156445      0.0314222      0.0333748     -0.0184871           31.8       0.250757       0.167617     -0.0557962     -0.0604382
       0.197073     -0.0356608       0.198169     -0.0397241      0.0257379      0.0148529     -0.0223659      0.0614887      0.0278237     -0.0171226        31.0546       0.134462       0.142004     -0.0397458      -0.047537
       0.196775     -0.0333558       0.198599     -0.0379081      0.0118667      0.0392266     -0.0317791      0.0518401      0.0195419     -0.0072235        24.0018       0.301072      0.0649761     -0.0215986     -0.0389126
       0.197445     -0.0337068       0.199096     -0.0373134      0.0119238      0.0128445     -0.0274888      0.0560548      0.0136719    0.000575173        25.2711      0.0688128      0.0187705    -0.00618662     -0.0354223
        0.19675     -0.0341454       0.198839     -0.0369073    -0.00435465     0.00877203     -0.0287531      0.0417682      0.0103311     0.00988935        22.2898      -0.101267      0.0468471     -0.0075387     -0.0326882
       0.197931      -0.033491       0.198764     -0.0359261    -0.00207022      0.0211938    -0.00061534      0.0290528     0.00904447      0.0163506        23.4109     -0.0690436       0.326641     -0.0146349     -0.0171273
       0.195063      -0.032353       0.198819     -0.0352641    0.000999329      0.0143009     -0.0855061      0.0469863      0.0070774      0.0127387        24.1729      -0.239462      -0.521728     -0.0274893     -0.0252548
       0.197288     -0.0285113       0.198636     -0.0327663    -0.00385611      0.0539517     0.00386531      0.0416257    -0.00553864     0.00884019        27.0937      0.0258332    -7.5398e-05     -0.0363904     -0.0469964
       0.196026     -0.0280851       0.198425     -0.0315134    -0.00494612      0.0270627     -0.0417521      0.0405242      0.0141286   -0.000717413         25.576       0.152648      -0.121324     -0.0289542     -0.0520536
       0.197182     -0.0262479       0.198808     -0.0304715     0.00778054      0.0225052     -0.0170421      0.0654867      0.0218497     -0.0038612        16.1458     -0.0932336      0.0838432     -0.0264789     -0.0536157
       0.192537     -0.0231112       0.197141     -0.0281806      -0.035237      0.0494822     -0.0650175      0.0598377      0.0234296     0.00179826        14.1484       0.021501      0.0350086     -0.0294681     -0.0486655
       0.192525     -0.0248154       0.196706     -0.0277346      -0.012908     0.00963511     -0.0581266      0.0372559      0.0228451     0.00246917        11.9954       0.062512      0.0132671     -0.0259677     -0.0466526
       0.192525     -0.0240317       0.196016     -0.0271146     -0.0161973      0.0133921     -0.0418012      0.0461204       0.020539     0.00109671        11.9263     -0.0615589       0.145675     -0.0259275     -0.0400314
       0.191872     -0.0225987       0.195374     -0.0257118     -0.0155011      0.0302988     -0.0492451      0.0322387      0.0200974     0.00297021        12.8702       0.133482       0.100114     -0.0229305     -0.0297896
       0.190698      -0.022014       0.194619     -0.0248582     -0.0178452      0.0184389     -0.0585162      0.0391073      0.0153831     0.00309514          11.62      0.0898018     -0.0565319     -0.0136271     -0.0279722
       0.188795     -0.0187498        0.19295     -0.0228556     -0.0378302      0.0432554     -0.0477786      0.0525811      0.0102578     0.00519358        11.4387      0.0478015      0.0749164    -0.00789365     -0.0272068
       0.188258     -0.0191415       0.191795     -0.0219593     -0.0287411      0.0193605     -0.0427801      0.0363108      0.0102749     0.00992845        10.4413      0.0132505       0.140331    -0.00534978     -0.0182377
        0.18791     -0.0196623        0.19108      -0.021426     -0.0183082      0.0115183     -0.0453666      0.0220013     0.00992722      0.0123254        12.8472      0.0124055      0.0251004    -0.00428077     -0.0113431
       0.189186     -0.0194715       0.190822     -0.0209295    -0.00740552      0.0107257     -0.0175638      0.0197458     0.00352532      0.0132111        16.5412     -0.0245378       0.100894    -0.00478619    -0.00609464
       0.186311     -0.0183061        0.18937     -0.0199014     -0.0321127      0.0222078     -0.0436698      0.0153494     0.00210077      0.0134647        16.5348      0.0780661     -0.0432449    -0.00255613    -0.00369124
       0.188677     -0.0181701       0.189885     -0.0196619      0.0079082     0.00517169     -0.0210087      0.0270101    -0.00146335      0.0133277        17.4405      -0.121919      -0.166205    -0.00438333     -0.0124178
       0.188904     -0.0179235       0.189652     -0.0193314    -0.00424122     0.00713933    -0.00511928      0.0196078    -0.00225585      0.0145343        18.6164      -0.152997     -0.0256362     -0.0158381     -0.0204116
       0.188437     -0.0178746       0.189443     -0.0192057    -0.00494182     0.00271417     -0.0131258      0.0197277     0.00303096      0.0130188        15.8153      -0.166072      0.0180607     -0.0291327     -0.0207262
       0.188048     -0.0188503       0.189388     -0.0193158    -0.00167156    -0.00237633     -0.0210823    -0.00136318     0.00633425      0.0064454        14.2371      0.0950626     -0.0257456     -0.0320916     -0.0210475
       0.188465     -0.0184186       0.189611     -0.0194136     0.00465213    -0.00211268     -0.0186433      0.0164989     0.00633425    -0.00201608         15.143      0.0871089     -0.0607755     -0.0245012     -0.0246522
       0.189483       -0.01759       0.189849     -0.0190739     0.00561184     0.00733748   -0.000234565      0.0185588     0.00649613    0.000683653        15.3443       0.127994       0.104825     -0.0155387     -0.0228176
       0.189109     -0.0173801       0.190018     -0.0189046     0.00420566     0.00365679     -0.0181683      0.0240126     0.00922329     0.00505637        15.2756      0.0409525     0.00964817    -0.00849924     -0.0180499
       0.192876     -0.0195677       0.191775     -0.0195116      0.0383762     -0.0131123     0.00961251    -0.00143043     0.00804037     0.00993239        25.3227      0.0787642     -0.0121376    -0.00351124     -0.0181526
       0.192677     -0.0195326       0.192545     -0.0197607       0.020471    -0.00538014    -0.00894997      0.0087016     0.00606841      0.0127919        22.5639     -0.0486648      -0.175338    -0.00225709     -0.0259648
       0.193655     -0.0210022       0.193307     -0.0202538       0.018497     -0.0106503     0.00547624      -0.013513      0.0060702      0.0150314        21.2755      0.0593285     -0.0506389    -0.00181258     -0.0353808
       0.194743      -0.020858       0.194132     -0.0207295      0.0196797     -0.0102766     0.00932624     0.00764917      0.0123033      0.0151172        20.0559      -0.138059      0.0998256    -0.00509248     -0.0333305
       0.197073     -0.0248843       0.195756     -0.0227048      0.0370271     -0.0426646      0.0123728     -0.0256485      0.0145528       0.016105        22.6805      -0.115946       0.117151      -0.015676     -0.0242904
       0.195293     -0.0256286        0.19585     -0.0237325      0.0057472     -0.0221987     -0.0138347     -0.0268236      0.0117374      0.0117038        18.8712      0.0388061      0.0273149       -0.01889     -0.0182722
        0.19513     -0.0259521       0.196205     -0.0248092     0.00824412     -0.0232575     -0.0224008    -0.00865676     0.00679964     0.00617741        18.1462    -0.00998591      -0.119463     -0.0176891     -0.0221116
       0.195048     -0.0279702       0.196511     -0.0265593     0.00743681     -0.0378023     -0.0274553    -0.00957282     0.00430948      0.0052775        19.8646      -0.106102      -0.240321     -0.0225263     -0.0371013
       0.195625     -0.0284895       0.196758     -0.0277577     0.00605928     -0.0258843     -0.0124357    -0.00307119     0.00698513     0.00586032        19.7589       -0.15237     -0.0813553     -0.0332959     -0.0505048
       0.194982     -0.0303245       0.196694     -0.0292833    -0.00077262     -0.0329528     -0.0221207     -0.0104907      0.0184903     0.00260614        17.9211     -0.0858635      0.0383669     -0.0432224     -0.0522958
         0.1936     -0.0294093       0.196424     -0.0301006    -0.00590044     -0.0176537     -0.0419473      0.0196008      0.0219143    -0.00409831        19.0938      -0.177775      0.0267096     -0.0542074     -0.0495829
       0.190036      -0.031101       0.194803     -0.0311772      -0.035598     -0.0232546     -0.0624769    -0.00331478      0.0212478    -0.00783302        18.4644      0.0835778      0.0572211     -0.0581313     -0.0460858
       0.189161     -0.0300164       0.193815     -0.0314889     -0.0249043    -0.00673434     -0.0625906      0.0242211       0.019753     -0.0136744        16.8625       0.112692      0.0490133     -0.0499535     -0.0416581
       0.187829       -0.02939       0.192599     -0.0315955     -0.0287562    -0.00230262     -0.0638607      0.0329865      0.0177521     -0.0147195        14.4709       0.115988      0.0318264     -0.0404251     -0.0382894
       0.186839     -0.0287707       0.191459     -0.0315613     -0.0275131    0.000739968     -0.0616904       0.045087      0.0154223     -0.0093546        11.9052      -0.014288       0.015483     -0.0361872     -0.0363176
       0.184425     -0.0292538        0.18964     -0.0315533     -0.0420343    0.000171795     -0.0668838      0.0313279      0.0135643    -0.00323535        11.1082      0.0170665      0.0331407     -0.0360716     -0.0342904
       0.180245     -0.0289881       0.186579     -0.0311235     -0.0703267     0.00928327      -0.072813      0.0250856      0.0130121    -0.00307764        9.30075         0.1237       0.193074     -0.0302064     -0.0248676
       0.180198     -0.0286929        0.18487     -0.0304615     -0.0439467      0.0142997     -0.0527337      0.0161281        0.01164    -0.00306345        9.18811        0.30368       0.312976     -0.0123987    -0.00378406
        0.17897     -0.0271729       0.183615     -0.0297692     -0.0315041      0.0149531     -0.0727324      0.0429049     0.00523824   -5.25832e-05        14.9798      0.0584114     -0.0835352     0.00268888     0.00577831
       0.175514     -0.0259139       0.180509     -0.0286944     -0.0702345      0.0232171     -0.0504453      0.0384733    -0.00681883      0.0110021        14.4435     -0.0663165       0.115395     0.00235939     0.00710154
        0.17588     -0.0277997        0.17923     -0.0286888     -0.0346546    0.000121544      -0.043144      0.0108118    -0.00875491      0.0171871        18.8953     -0.0678868      0.0123032    -0.00323279      0.0124216
       0.176411     -0.0280957       0.178292     -0.0287471     -0.0237095    -0.00126026     -0.0194004         0.0125    -0.00997549      0.0147841        16.3947       -0.15134      0.0411069     -0.0123672      0.0146456
       0.175646     -0.0281834       0.177478     -0.0285767     -0.0199622     0.00368109     -0.0283645   -0.000386798     -0.0110149      0.0112989        18.0911      0.0263372      -0.154184     -0.0175749     0.00993395
       0.175129     -0.0277021       0.176595     -0.0284269     -0.0210754     0.00323535     -0.0148565      0.0101865     -0.0123188     0.00520979        19.1278      0.0436437      -0.104998     -0.0146588   -0.000865799
       0.173479     -0.0254365       0.175636     -0.0276696     -0.0228115      0.0163579     -0.0309939      0.0347981    -0.00924414     0.00333022        14.7527     -0.0872912      -0.198377     -0.0164774      -0.013506
       0.173202      -0.027117       0.175053     -0.0278057     -0.0148722    -0.00293951      -0.020808     0.00378498    -0.00383418     0.00521992        14.9956      0.0664326      -0.102666     -0.0173467     -0.0260492
       0.172137     -0.0266662       0.174386     -0.0277212     -0.0159019     0.00182385     -0.0290817      0.0179889     0.00291545     0.00445114        11.6782    -0.00373232     -0.0549169     -0.0147341     -0.0326154
       0.172345     -0.0270857       0.174051     -0.0281306    -0.00882218    -0.00884208     -0.0167513      0.0219047     0.00967652     0.00491546        10.3636      -0.161482       0.124576     -0.0216183     -0.0297153
       0.168729      -0.028078       0.172588     -0.0285427     -0.0324839    -0.00890058     -0.0559428     0.00484964      0.0117133     0.00524043        9.43103     -0.0526191   -0.000122991      -0.030539     -0.0245284
       0.169112     -0.0280172       0.172115     -0.0287698     -0.0134715    -0.00490715     -0.0391402      0.0112366     0.00741977   -0.000298035        8.40356    0.000221658     0.00928961     -0.0327224     -0.0241473
       0.167226     -0.0269685       0.170773     -0.0284427     -0.0303214     0.00706514     -0.0452515      0.0176036     0.00558085    -0.00452579        7.33428       0.101586      0.0247689     -0.0284807     -0.0227295
       0.165833     -0.0262385       0.169482     -0.0281491     -0.0309205      0.0063434     -0.0459774      0.0279885     0.00554675    -0.00476302        7.22319      0.0687449        0.04478     -0.0213837     -0.0198319
       0.166278     -0.0264433       0.168765     -0.0280126     -0.0185754     0.00294736     -0.0274795      0.0212335     0.00462324    -0.00235153        6.97718      0.0720578       0.148877     -0.0155168     -0.0117642
       0.164976     -0.0267868       0.167876      -0.028129     -0.0210594    -0.00251437     -0.0433015      0.0232359     0.00217539     0.00194954        8.11904     -0.0366856      -0.014901     -0.0140428    -0.00618246
       0.165863     -0.0270653       0.167459     -0.0278577     -0.0111194     0.00586052     -0.0160492     0.00404804    -0.00384289     0.00474976        10.4018       0.126863      0.0727431     -0.0102866    -0.00377205
       0.166074     -0.0259517       0.167114     -0.0273776    -0.00856151      0.0103693     -0.0131996      0.0226166     -0.0056836      0.0052651        12.0939      0.0244559      0.0589689    -0.00398176     0.00171566
       0.166939     -0.0261115       0.167206     -0.0271795     0.00112622     0.00427887    -0.00392815       0.014876    -0.00660723     0.00750254        13.5988     -0.0104265      0.0298767     -0.0033973     0.00541592
       0.168088      -0.026908       0.167592     -0.0271501     0.00843992    0.000636528      0.0054683    8.35336e-05    -0.00893742      0.0102373        18.6299      0.0636936    -0.00221034    -0.00117765     0.00656796
       0.168919     -0.0274058       0.168057     -0.0273703      0.0108939      -0.004756     0.00941941     0.00218247     -0.0107917       0.010268        16.8835     0.00182607     -0.0439388     0.00155258     0.00464535
       0.170849     -0.0276587       0.169053     -0.0274256      0.0226125    -0.00119517      0.0229263    -0.00490049     -0.0111566       0.011757        18.5306      0.0423766     -0.0227972     0.00339413     0.00186348
       0.175177     -0.0284553       0.171646     -0.0279688      0.0582716      -0.011733      0.0360228   -0.000889994     -0.0101203      0.0123482         25.123     -0.0836156      -0.164481     0.00167561    -0.00593967
        0.17547     -0.0281729       0.172877     -0.0281754      0.0324061    -0.00446222      0.0306531      0.0039814    -0.00867492      0.0134812        18.9138        -0.1633      -0.133042    -0.00861249     -0.0183354
       0.176671     -0.0270221        0.17445     -0.0278378      0.0372263     0.00729133      0.0234138      0.0106711    -0.00334161      0.0126814         17.677       -0.13375      -0.126504     -0.0209895     -0.0291507
       0.179176     -0.0277703       0.176796     -0.0276785      0.0543848     0.00344215      0.0203043     -0.0138942     0.00297827     0.00660263        19.8605       0.220828       -0.19441     -0.0173615     -0.0425216
       0.180107     -0.0257621       0.178285     -0.0276231      0.0376147     0.00119641      0.0234744      0.0430422     0.00800807    0.000203001        13.7081      -0.194788     -0.0132042     -0.0162763     -0.0511705
       0.179967     -0.0254985       0.179368     -0.0273811       0.027136     0.00522568     0.00325136        0.02429      0.0170569      0.0064901        12.1261      -0.159467      0.0574619     -0.0310369     -0.0493268
       0.181117     -0.0268571       0.180867     -0.0277877      0.0351074    -0.00878233    -0.00539286      0.0124237      0.0180419      0.0012195        12.9669     -0.0703174      0.0260613     -0.0406109     -0.0458476
       0.183162     -0.0265502       0.182669     -0.0278428      0.0424361    -0.00119026    -0.00331856      0.0164009      0.0168845    -0.00696374        14.0345      0.0462488     -0.0294474     -0.0416133     -0.0459884
       0.183257     -0.0240798       0.183642     -0.0272156      0.0252582      0.0135482     -0.0128561      0.0488205      0.0150129     -0.0109114        13.6269     -0.0643187     -0.0555607     -0.0423662     -0.0495309
       0.184254     -0.0237396       0.184545     -0.0267364       0.022035      0.0103495      -0.004328      0.0380406      0.0150114      -0.010586        13.2888      0.0148454      0.0726953     -0.0444273     -0.0488177
       0.184018     -0.0236861       0.185141     -0.0264119      0.0150607     0.00700994     -0.0221856      0.0364684      0.0165487     -0.0106883        11.9007      0.0721814      0.0313149     -0.0408012     -0.0444849
       0.185643     -0.0227289       0.185989     -0.0255155      0.0198369      0.0193634    -0.00296486      0.0307069      0.0153062     -0.0113448        14.9145       0.231442       0.175618      -0.028149     -0.0358642
       0.186544     -0.0200854       0.186968     -0.0239172      0.0231238      0.0345217     -0.0153636      0.0501872      0.0138336     -0.0090561        13.9895       0.208122      0.0519322    -0.00983397     -0.0263823
       0.186764     -0.0209355       0.187122      -0.023344     0.00564626      0.0123827   -0.000517369      0.0314717     0.00658661    0.000820506        17.1962       0.158552       0.200739     0.00544405     -0.0158558
       0.185561     -0.0228121       0.187343     -0.0235143      0.0053263    -0.00367988     -0.0417721      0.0116422     0.00262887      0.0100961        23.9188      0.0444226      -0.208558      0.0139017     -0.0161804
       0.187517     -0.0250402       0.187569     -0.0242166     0.00542691     -0.0151681      0.0117738    -0.00817202    -0.00324124      0.0168785        26.1458     -0.0320431       0.121972      0.0144181     -0.0197914
       0.186297      -0.025666       0.187379     -0.0246132    -0.00356463    -0.00856644     -0.0210532      -0.012664   -0.000546393      0.0196007        20.2071     -0.0755064    -0.00201697     0.00993681     -0.0147944
       0.187283      -0.026442       0.187707     -0.0252089     0.00671974     -0.0128684    -0.00455222      -0.013898    -0.00142401      0.0191036        20.2441      -0.115529      0.0555059     0.00197697     -0.0125652
       0.185761     -0.0265489       0.187306     -0.0256464    -0.00798137    -0.00944932     -0.0263779     -0.0103598    -0.00214165      0.0159294        17.6955      -0.116022     -0.0786034    -0.00767131     -0.0135275
       0.186999     -0.0269589       0.187712     -0.0261455     0.00796464     -0.0107817     -0.0111631      -0.011124    -0.00392979      0.0109265         17.903     -0.0476646     -0.0815101     -0.0144915     -0.0201986
       0.186628     -0.0285286       0.187812     -0.0274131     0.00295199     -0.0273786     -0.0213719    -0.00826983    -0.00294619     0.00594615        17.1437      -0.103226      -0.157999     -0.0207785     -0.0301785
       0.186167     -0.0290187       0.187633     -0.0281622    -0.00357072     -0.0161808      -0.017546     -0.0127476    0.000321093     0.00324427        15.3821      0.0198843     -0.0496188      -0.024251     -0.0388307
       0.187335     -0.0292863       0.188205     -0.0290207      0.0119935     -0.0185436     -0.0130198     0.00346363     0.00600368     0.00015794        16.0616      -0.051875      0.0178265     -0.0255837     -0.0401567
       0.187365     -0.0305519       0.188706     -0.0300447       0.012023     -0.0221192     -0.0252281    -0.00493151      0.0100874     -0.0011654        13.4155      0.0120161     -0.0508601     -0.0272446     -0.0415338
       0.187352     -0.0327007        0.18883     -0.0315646     0.00388505       -0.03283      -0.018802      -0.010418      0.0099662    -0.00219823        12.9498      0.0196532      0.0531488      -0.025925     -0.0414385
       0.188127     -0.0320668       0.189359     -0.0320833      0.0118096     -0.0112028     -0.0204857     0.00378818      0.0101776    -0.00279523        12.5291      0.0210739      0.0530612     -0.0242281      -0.037011
       0.186318     -0.0315378       0.188867      -0.032106    -0.00943351   -0.000491568     -0.0377973     0.00581587     0.00997335    -0.00245608        10.7732       0.116124      0.0090197     -0.0185117     -0.0344221
       0.186652     -0.0305443       0.188856     -0.0319641     -0.0011928     0.00306601     -0.0311397      0.0248613     0.00808806    -0.00154568        12.0387    -0.00667519       0.014708     -0.0139513     -0.0334355
       0.186564     -0.0297842        0.18868     -0.0315592    -0.00391117     0.00874491     -0.0292723       0.025121      0.0069564     0.00224398        10.9724     -0.0441037      0.0331813     -0.0160672     -0.0314398
       0.186483     -0.0299134       0.188514      -0.031139    -0.00397476     0.00907563     -0.0282894      0.0110095     0.00631374     0.00403177        11.2362      0.0886505      0.0416064     -0.0142105     -0.0283235
       0.186237     -0.0289662       0.188466     -0.0307681    -0.00143388     0.00801355      -0.036104      0.0302264     0.00490243     0.00264107        11.4848     -0.0583887     -0.0700914     -0.0129493     -0.0295081
       0.186029      -0.026844       0.188026     -0.0296257     -0.0096619      0.0246743     -0.0219835      0.0367096     0.00321013     0.00339161        10.7388     -0.0859366      0.0661142     -0.0189629     -0.0296739
       0.186099     -0.0268943       0.187923     -0.0289574    -0.00318867      0.0144352     -0.0264836      0.0231052     0.00383205     0.00369428        12.5757       0.018751      0.0518912     -0.0217621     -0.0247576
       0.186341     -0.0268998       0.187929     -0.0285564   -0.000186902     0.00866163     -0.0231156      0.0205831     0.00378114    0.000548589        12.5452      0.0695791      0.0355886     -0.0180816     -0.0211134
       0.187154     -0.0257966       0.188166     -0.0277842     0.00511216      0.0166793      -0.015127      0.0246208     0.00142223   -0.000594628        14.2286       0.100882      0.0325602     -0.0109792     -0.0182737
       0.186735     -0.0249126       0.187903     -0.0270943    -0.00517099      0.0149032     -0.0147094      0.0314327   -0.000439223      0.0020275        14.9743      0.0095486      0.0695474    -0.00637818     -0.0140189
       0.187045     -0.0245025        0.18795      -0.026156     0.00049742      0.0202673     -0.0137541      0.0142986    -0.00184697     0.00647806        17.4665       0.148444      0.0423599    0.000205517    -0.00935596
       0.186054     -0.0247301       0.188168     -0.0261098     0.00476346    0.000996172     -0.0475223      0.0283226    -0.00462013     0.00713049        21.6446      -0.131648      -0.407609    0.000905037     -0.0245742
       0.187956     -0.0261296       0.188601      -0.026355     0.00982846    -0.00529444   -0.000861288         0.0011    -0.00696009      0.0110474         20.257     -0.0855544      -0.147242    -0.00814515     -0.0476955
       0.188159     -0.0290316       0.188943     -0.0277616     0.00835677     -0.0303833     -0.0105428     -0.0115983     0.00387484      0.0107363        19.1062      -0.129634     -0.0176802     -0.0171113     -0.0545687
       0.188787     -0.0303307       0.189834     -0.0293048      0.0200967     -0.0333335     -0.0203844    -0.00264948      0.0145053     0.00549828        19.2478      -0.262721     -0.0112775     -0.0334594     -0.0557745
       0.186224     -0.0305581       0.189432     -0.0302158     -0.0066897     -0.0196777     -0.0499426     -0.0033034      0.0157257   -0.000731838        19.2959      -0.141563     -0.0750803     -0.0503046     -0.0593727
       0.187744     -0.0311146       0.190189     -0.0311855      0.0156975     -0.0209459     -0.0376823     0.00253932      0.0158209     -0.0113756        19.6204     -0.0154341     -0.0646775     -0.0568458     -0.0651959
       0.186861     -0.0300695       0.190176     -0.0317396     0.00127557     -0.0119678     -0.0504406      0.0313327      0.0189624     -0.0175891        19.6198     -0.0747702     -0.0798967     -0.0606044       -0.07122
       0.185979     -0.0301395        0.18965      -0.032107     -0.0112365    -0.00793486      -0.044502      0.0258895      0.0217575      -0.019205        20.0089      0.0354556       0.104707     -0.0622425     -0.0701878
       0.184894     -0.0298052       0.189095     -0.0321078     -0.0131118   -1.93924e-05     -0.0582731      0.0296228      0.0247231       -0.02069        18.2253       0.166049       0.132624     -0.0538465     -0.0602992
         0.1851     -0.0293855       0.188703     -0.0321079    -0.00977012   -8.04663e-07     -0.0450481      0.0409885      0.0238063     -0.0216694        13.9159        0.12731       0.249239     -0.0416232     -0.0443908
       0.184092     -0.0294788       0.187895     -0.0317805     -0.0184379     0.00707218     -0.0521635      0.0258502      0.0168079     -0.0146665        12.3606       0.276469       0.219005     -0.0247992      -0.024884
       0.179285     -0.0274744       0.185379     -0.0306694     -0.0561849      0.0239982     -0.0840606      0.0445376     0.00632733    -0.00849558        10.2599       0.197449      0.0429787    -0.00505276     -0.0139697
       0.179358     -0.0270058        0.18405     -0.0300285     -0.0343256      0.0138453     -0.0596357      0.0480957    -0.00281685     0.00253867        17.5796     -0.0612984      0.0111341    0.000619888     -0.0117158
       0.178817     -0.0280188        0.18248     -0.0294416     -0.0373365       0.012676     -0.0406011      0.0112877    -0.00634664      0.0118019        16.3596      0.0682725       0.116929    0.000910282    -0.00638007
       0.176212     -0.0277431       0.180573     -0.0288112     -0.0449276      0.0136158     -0.0591152      0.0128761    -0.00643187       0.012712        13.6767       0.055239     -0.0244947     0.00605679    -0.00252806
       0.176305     -0.0263461       0.179568     -0.0279373     -0.0262071      0.0188777     -0.0418786      0.0228076    -0.00986296       0.012168        12.9405     -0.0526994     -0.0721745     0.00616264    -0.00655577
       0.177069     -0.0267053       0.179256     -0.0273264    -0.00935509      0.0131939     -0.0318458    0.000752011     -0.0114359      0.0148862        14.4979      0.0790406      -0.161832     0.00725985     -0.0163037
       0.178752      -0.026654       0.179262     -0.0271284   -0.000816741     0.00427682     0.00230801      0.0104069    -0.00864094       0.014068         16.438     -0.0515638      0.0833895     0.00840521     -0.0195714
       0.178867     -0.0271583       0.179408     -0.0273743     0.00307325    -0.00531009     -0.0101231     0.00839145    -0.00234788       0.014739         17.275      -0.196522      0.0572164    -0.00193237     -0.0137131
       0.179831     -0.0293923       0.179907     -0.0280617      0.0110908     -0.0148476    -0.00270083     -0.0243593    -0.00194937      0.0149314        19.6427      0.0154623      0.0546796    -0.00947578    -0.00904999
       0.180604     -0.0295313       0.180552     -0.0284743      0.0150342    -0.00891293    -0.00604002     -0.0147764    -0.00500172     0.00868689         18.753      0.0909045     -0.0673711    -0.00504359    -0.00957779
       0.182049     -0.0287335       0.181284     -0.0288082      0.0173173    -0.00721263      0.0105274     0.00976791    -0.00728553     0.00554525        20.5927     -0.0974899   -0.000319571    -0.00531715     -0.0123977
       0.182722     -0.0289469       0.182128     -0.0292166      0.0199712    -0.00882107    0.000645532     0.00838429    -0.00746494     0.00767254        19.9239      -0.177028       -0.09874     -0.0167554      -0.016525
       0.185807     -0.0322412        0.18406     -0.0306962      0.0437289     -0.0319587      0.0155961     -0.0217609    -0.00746494     0.00767254        25.7706      -0.031263      -0.147377      -0.025434     -0.0267805
       0.186485     -0.0311153       0.185008     -0.0312359      0.0248371     -0.0116584      0.0211039      0.0101419    -0.00746494     0.00767254        20.0751      -0.142016      0.0204624      -0.032654     -0.0320664
       0.187026     -0.0319299       0.186448     -0.0318295      0.0336068     -0.0128202    -0.00672822    -0.00575148    -0.00746494     0.00767254        20.5626      0.0856029      -0.166892     -0.0350043     -0.0381661
       0.187255     -0.0317781       0.187254     -0.0324596      0.0207691     -0.0136112    -0.00160508       0.017667    -0.00746494     0.00767254        18.3254     -0.0247039     -0.0673429      -0.032467      -0.047926
       0.190676     -0.0339527       0.189341     -0.0338725      0.0471573     -0.0305196      0.0131644     0.00509391    -0.00746494     0.00767254        19.5743     -0.0561679      0.0202079     -0.0358369     -0.0498897
       0.189118     -0.0329333       0.189964     -0.0341428      0.0181604    -0.00583743     -0.0225279      0.0213318    -0.00746494     0.00767254        15.0353     -0.0744126     -0.0820815     -0.0412777     -0.0524663
       0.191328     -0.0331658       0.191421     -0.0344805      0.0332993    -0.00729338    -0.00381708      0.0184064    -0.00746494     0.00767254        16.7239    -0.00701834      0.0200331     -0.0446707     -0.0550522
       0.194642     -0.0339048       0.193654     -0.0352398      0.0515588     -0.0164025     0.00443729      0.0252294    -0.00746494     0.00767254        19.8924     -0.0632356      0.0286413     -0.0475979     -0.0530235
       0.194143     -0.0333068       0.194248     -0.0352324      0.0179845    0.000160289    -0.00113378      0.0249614    -0.00746494     0.00767254         18.808      0.0316052       0.174809     -0.0489157     -0.0445456
        0.19657     -0.0336289        0.19595     -0.0352752      0.0385535   -0.000924075    0.000835774       0.018585    -0.00746494     0.00767254         22.852       0.200684       0.149549     -0.0392378     -0.0310301
       0.196875     -0.0342651       0.196667     -0.0358009      0.0193503     -0.0113548    8.30786e-06      0.0279029    -0.00746494     0.00767254        21.5868      0.0981739       0.173006     -0.0267854     -0.0175906
       0.197116     -0.0338184       0.197166     -0.0356574      0.0127043       0.003099    -0.00506859      0.0258539    -0.00746494     0.00767254         24.568      0.0929164       0.111243     -0.0188235    -0.00574715
       0.198822     -0.0338184       0.198209     -0.0352646      0.0238077     0.00848444    0.000940725      0.0156128    -0.00746494     0.00767254        33.7799       0.182739     -0.0237642    -0.00733741    -0.00210164
       0.199956      -0.033065       0.198898     -0.0351946      0.0172693     0.00151164      0.0133801      0.0434228    -0.00746494     0.00767254        39.2953      -0.204362    7.92667e-05     -0.0082381    -0.00308866
       0.197987        -0.0342       0.198917     -0.0349805     0.00212733     0.00462407     -0.0267023    0.000476608    -0.00746494     0.00767254        30.9901      0.0509637      -0.324244     -0.0146298     -0.0165951
       0.197604     -0.0332335       0.198524     -0.0346259    -0.00828322     0.00766095    -0.00331225      0.0238304    -0.00746494     0.00767254        25.3985     -0.0700611     -0.0752785     -0.0154261     -0.0332452
       0.197691     -0.0325606       0.198517     -0.0343096   -0.000970908      0.0068307    -0.00848272      0.0257377    -0.00746494     0.00767254        22.4799      -0.119392      0.0599426     -0.0233199     -0.0338851
       0.196229     -0.0324927       0.198047     -0.0341103     -0.0102542     0.00430615     -0.0239787      0.0215355    -0.00746494     0.00767254        19.1845     -0.0807932        0.10898      -0.031661     -0.0268469
       0.193724     -0.0312113       0.197141     -0.0336431     -0.0205948        0.01009     -0.0525739      0.0357385    -0.00746494     0.00767254        18.8654     -0.0988213     -0.0619177     -0.0391449     -0.0248863
       0.192482     -0.0293754       0.196095     -0.0326524      -0.024657      0.0213994     -0.0466591      0.0416798    -0.00746494     0.00767254        20.4606     -0.0185406     -0.0482327     -0.0440355      -0.029476
       0.193319     -0.0293425       0.195898     -0.0322173    -0.00670756     0.00939822     -0.0349851      0.0374232    -0.00746494     0.00767254        21.4332      0.0538384      -0.038255     -0.0425648     -0.0330788
       0.191779     -0.0286356       0.195118     -0.0316809     -0.0175252      0.0115867      -0.047945      0.0416924    -0.00746494     0.00767254        18.6509      0.0730446     -0.0956079      -0.037278     -0.0386576
       0.193294     -0.0293219       0.194891     -0.0314118    -0.00665936     0.00581232    -0.00828664      0.0231785    -0.00746494     0.00767254         16.749        0.18988       0.236162     -0.0263228      -0.032803
       0.191393     -0.0279497        0.19403     -0.0308651     -0.0192678      0.0118084     -0.0377255      0.0469128    -0.00746494     0.00767254        13.8725     0.00218153       0.182184     -0.0183203     -0.0153715
       0.189474     -0.0275896       0.193286     -0.0301581     -0.0179795      0.0152711     -0.0632181      0.0317162    -0.00746494     0.00767254        14.6621      0.0535395      -0.161705     -0.0159986     -0.0145181
       0.189136     -0.0272778       0.192295     -0.0297146     -0.0232123     0.00958116     -0.0366644      0.0379512    -0.00746494     0.00767254        13.9062     -0.0922394      -0.071455     -0.0176112     -0.0242333
       0.190243     -0.0287226       0.192108      -0.029771    -0.00636192    -0.00121906     -0.0224977     0.00985473    -0.00746494     0.00767254        15.1162      0.0270376     0.00621991     -0.0203279     -0.0269499
       0.190511     -0.0275102       0.191842     -0.0292405    -0.00637279      0.0114598     -0.0131138      0.0246382    -0.00746494     0.00767254        14.8497    -0.00127258       0.144503     -0.0192545      -0.020669
       0.188915     -0.0280821        0.19125     -0.0291704     -0.0134385     0.00151321     -0.0366556      0.0122606    -0.00746494     0.00767254        12.3554      0.0818196      0.0083522     -0.0158983     -0.0142993
       0.190692     -0.0274387       0.191668     -0.0290093     0.00769927     0.00347884     -0.0141781      0.0270636    -0.00746494     0.00767254        16.2838      -0.054508   -0.000659616     -0.0147606     -0.0139789
       0.191231     -0.0278548       0.191834      -0.029026     0.00435325   -0.000360489    -0.00940013      0.0162482    -0.00746494     0.00767254        15.7109     -0.0483807    -0.00291143     -0.0190476     -0.0141288
       0.192738     -0.0278199       0.192472     -0.0289582      0.0142211     0.00146461     0.00308973      0.0160472    -0.00746494     0.00767254        19.7597      -0.035776      0.0389579     -0.0225542     -0.0126266
       0.192572     -0.0280167       0.192828     -0.0290347     0.00909666    -0.00165081    -0.00980929      0.0144099    -0.00746494     0.00767254        18.1687    -0.00224999     -0.0700335     -0.0241387     -0.0139194
       0.192853      -0.027355       0.193164     -0.0288967     0.00816901     0.00297987    -0.00636375      0.0237327    -0.00746494     0.00767254        17.5214     -0.0387115     -0.0736198     -0.0258454     -0.0199058
       0.192406     -0.0270275       0.193248     -0.0288291     0.00264284      0.0014597     -0.0144167      0.0278492    -0.00746494     0.00767254        17.2636     -0.0851602      -0.093074     -0.0310067     -0.0268516
       0.193175     -0.0278067       0.193792     -0.0289577      0.0120175    -0.00277806     -0.0112678      0.0124829    -0.00746494     0.00767254        17.5529      0.0468314     -0.0814538     -0.0326039     -0.0341257
       0.194078      -0.027574       0.194505     -0.0287189      0.0165927     0.00515849    -0.00883695      0.0107926    -0.00746494     0.00767254        16.8281       0.198779     -0.0485194     -0.0223704     -0.0395419
       0.193463     -0.0259742       0.194619     -0.0283829     0.00412443     0.00725717     -0.0166788       0.043122    -0.00746494     0.00767254        13.9056     -0.0587569      0.0172187     -0.0165374      -0.040845
       0.193753     -0.0267214       0.194922     -0.0282096     0.00695918     0.00374333      -0.016261      0.0157271    -0.00746494     0.00767254        14.2246      0.0407321      0.0879451     -0.0172886     -0.0364642
       0.194322     -0.0265821       0.195464     -0.0279368      0.0124054     0.00589387     -0.0209438      0.0187112    -0.00746494     0.00767254        14.0746      0.0391683      0.0384387     -0.0139595     -0.0311989
       0.194774     -0.0262525       0.195976     -0.0276414      0.0122892     0.00638045     -0.0224547      0.0193072    -0.00746494     0.00767254        15.0439      0.0236307     -0.0372609     -0.0113429     -0.0311503
       0.195562     -0.0258359       0.196412     -0.0274458      0.0106477     0.00422412     -0.0123919      0.0267817    -0.00746494     0.00767254        16.1226      -0.103715      0.0151163     -0.0146799     -0.0320729
       0.195252     -0.0263798       0.196434     -0.0273413     0.00154756     0.00225644     -0.0165066      0.0094486    -0.00746494     0.00767254        15.8145    -0.00317531      0.0604567     -0.0191333     -0.0289232
       0.195614      -0.026717       0.196724      -0.027334     0.00642372    0.000159444     -0.0180525     0.00638186    -0.00746494     0.00767254        15.7563      0.0788568      0.0421205     -0.0159796     -0.0246493
       0.196253     -0.0266629       0.196886     -0.0274205     0.00412431    -0.00186919    -0.00575979      0.0129987    -0.00746494     0.00767254        16.6564      0.0326175       0.148685     -0.0113349     -0.0167001
       0.196267     -0.0270517       0.197181     -0.0275115     0.00679598    -0.00196599     -0.0202468     0.00529354    -0.00746494     0.00767254        19.4033      0.0731884     -0.0150744    -0.00692628      -0.011132
       0.195707     -0.0268229       0.197073     -0.0277223    -0.00166648    -0.00455206     -0.0225316      0.0213011    -0.00746494     0.00767254        23.0668      -0.140315      -0.108694    -0.00972419     -0.0162889
       0.196698     -0.0273708       0.197213      -0.027722      0.0028576    6.59823e-06    -0.00302874   -0.000613821    -0.00746494     0.00767254        22.8799     0.00688173      0.0196268     -0.0152838     -0.0199991
       0.195017     -0.0272312        0.19693     -0.0279616     -0.0058242    -0.00517619     -0.0350807      0.0169566    -0.00746494     0.00767254         16.229      -0.115171      -0.174479     -0.0197962     -0.0264507
       0.195841     -0.0276109       0.197214     -0.0282563      0.0055578    -0.00636605     -0.0188669     0.00926597    -0.00746494     0.00767254        17.0581     -0.0745659      -0.122954     -0.0277016     -0.0388427
