     -0.0442908      0.0287445     -0.0652298     0.00702059       0.880637       0.324445      -0.378103        0.19693    3.30838e-05   -7.76055e-06        434.266      -0.118216       -0.75272    -0.00492557     -0.0313588
     -0.0654087      0.0135425     -0.0651901     0.00711649      0.0889194     0.00207147     -0.0941654       0.152153    0.000702921   -7.30872e-05         377.42      -0.528797      -0.088359     -0.0318825     -0.0664009
     -0.0724577      0.0147348     -0.0652542     0.00712008     0.00750808    7.74488e-05      -0.100235       0.099533      0.0303528    -0.00521709        320.153      -0.626432      -0.164009     -0.0800146     -0.0769166
     -0.0751319     0.00967312     -0.0667316     0.00709986     -0.0311618   -0.000436701      -0.124132     0.00315902      0.0354474     -0.0271347        321.889      0.0274735      -0.410437       -0.10497      -0.100852
     -0.0769366      0.0161733     -0.0677254     0.00780832     -0.0245823      0.0153029     -0.0688706       0.128342      0.0396063     -0.0525251        353.693      -0.176895       0.725169      -0.111196     -0.0877415
     -0.0754367      0.0162326      -0.068616     0.00922525     -0.0216943      0.0306057      -0.107925      0.0731282      0.0531259     -0.0596897        319.422       0.290218       0.408715      -0.106476     -0.0404991
      -0.081116      0.0207914     -0.0718317      0.0124002     -0.0716294      0.0685798      -0.127376       0.102768      0.0291173     -0.0615857        235.697       0.498348        0.18545     -0.0736207     -0.0157444
     -0.0801788      0.0216804     -0.0731827      0.0139051     -0.0363429      0.0325046     -0.0971796       0.111711      0.0106804     -0.0508826        158.239       0.291214     -0.0345551     -0.0407228    -0.00945774
     -0.0802492      0.0225286      -0.074118      0.0163598     -0.0238379      0.0530219      -0.096735      0.0642407     0.00351531     -0.0296177        156.886       0.576321      -0.470119    -0.00457804     -0.0304789
     -0.0802902      0.0249522     -0.0770793       0.019459     -0.0663472      0.0669426     0.00810333      0.0636724     0.00317067     -0.0147624        165.338       0.561873       0.665423      0.0428448     -0.0223475
     -0.0854054      0.0289938     -0.0795254      0.0216508     -0.0594711      0.0473431     -0.0958436       0.138016      0.0181885     0.00405227        168.596      -0.596075       0.141668      0.0414195      0.0112762
     -0.0873822      0.0242106     -0.0822602      0.0232108     -0.0650184      0.0336952     -0.0511991     -0.0287339     0.00532705      0.0281972        159.441       0.195942       0.292003      0.0247469      0.0293436
     -0.0907454      0.0259559     -0.0852377      0.0251377     -0.0708153      0.0416227     -0.0752735     0.00645291     -0.0105769       0.010262        161.553       0.171907     -0.0156089      0.0400734      0.0408592
     -0.0922771      0.0322247     -0.0880894      0.0290427     -0.0686778      0.0843474     -0.0414666      0.0263118     -0.0212143      0.0126752        158.732       0.274138       0.046269      0.0586586      0.0421362
     -0.0922319      0.0354816     -0.0898455      0.0314986     -0.0448002      0.0530475      -0.025316      0.0672158     -0.0212194      0.0225643        156.701      -0.333298    -0.00400957      0.0561929      0.0438962
      -0.096084       0.033063     -0.0920483       0.033522     -0.0520599      0.0437057      -0.044798     -0.0547227     -0.0219098      0.0342451        159.125       0.141911      -0.153022      0.0482192      0.0373526
      -0.096413       0.032418     -0.0946969      0.0349854     -0.0624159      0.0316081     0.00858776     -0.0267092     -0.0220954      0.0283383        157.485      0.0430044       0.181871      0.0559239      0.0385537
     -0.0987054      0.0363808     -0.0981103      0.0377654     -0.0799707       0.060048      0.0233495     -0.0435401     -0.0185756      0.0247568        167.114       0.352829       0.616449      0.0724168      0.0718145
      -0.103622      0.0390045     -0.0999078       0.039577     -0.0468243      0.0391322     -0.0846714    -0.00350606     -0.0239194      0.0304307        169.441       0.170126      -0.253521      0.0942063       0.086937
      -0.103272      0.0412578      -0.101454      0.0404117      -0.038088      0.0180285     -0.0140843      0.0333063     -0.0485973      0.0445372         165.03      -0.512385      -0.284924      0.0799503      0.0645018
      -0.101199      0.0395589      -0.101886      0.0414332     -0.0131332      0.0220652      0.0105314     -0.0469345     -0.0397515       0.052029         156.26      -0.192933      -0.403844      0.0505629      0.0358043
     -0.0995551      0.0398569      -0.102006       0.041671    -0.00389355     0.00513504      0.0476361     -0.0185654     -0.0267485      0.0393788        155.201      -0.396602     -0.0918225      0.0260005      0.0151534
      -0.101502      0.0404433      -0.102918      0.0423316     -0.0200933      0.0142688      0.0289588     -0.0422509     -0.0109196      0.0242538        164.633     -0.0215386       0.116324     0.00857687      0.0161715
      -0.102318      0.0423252      -0.103802      0.0432996     -0.0211082      0.0209104      0.0372579     -0.0229943    -0.00419908      0.0126978        164.355       0.189763       0.457869      0.0155869      0.0400944
      -0.103937      0.0452769      -0.104409      0.0440253     -0.0152162      0.0156748    -0.00101028      0.0311882    -0.00690752     0.00595843        169.008      -0.211655       0.164332      0.0146742      0.0660191
      -0.105464      0.0476285      -0.104903      0.0449207     -0.0121979      0.0193408      -0.023824      0.0464698     -0.0275513      0.0144936         156.11      -0.517529      -0.369002     -0.0157074      0.0574956
      -0.103506      0.0456411      -0.105066      0.0446733    -0.00474244    -0.00534433      0.0303765      0.0088224     -0.0342601     0.00790976        154.825      -0.339507      -0.266639     -0.0514168      0.0310159
       -0.10145      0.0455133      -0.104712      0.0447675      0.0071678     0.00203483      0.0548005    -0.00114444     -0.0195015     -0.0145292         152.44      0.0980818    -0.00994743     -0.0614767      0.0194917
      -0.104106      0.0460028      -0.105293       0.045499     -0.0118229      0.0158005      0.0151566     -0.0164189    -0.00621563     -0.0314604        145.259       0.763138     -0.0503014     -0.0255937      0.0169821
      -0.105283      0.0559962      -0.106348      0.0478495     -0.0239821      0.0507708      0.0338816       0.157879    -0.00367433     -0.0319208        143.302      -0.508618        0.35114     -0.0149954      0.0295162
      -0.102601      0.0539146      -0.106194      0.0488243    0.000927301      0.0210558        0.06615      0.0556399    -0.00340134     0.00202321        302.025      -0.272224       0.672857     -0.0475291      0.0721803
       -0.10433      0.0514472      -0.107362      0.0490365     -0.0251314     0.00458336      0.0455053      0.0231661     -0.0167026     -0.0153371         352.19     -0.0021309       0.569354     -0.0589595       0.123936
      -0.102802      0.0495563      -0.107492      0.0492415    -0.00531159     0.00442806      0.0646485     -0.0189245     -0.0447645     -0.0310574        133.206       0.575898       0.353083     -0.0350536       0.162366
     -0.0967542      0.0600373      -0.105911      0.0534203      0.0336181      0.0902619       0.130356      0.0948002     -0.0697225     -0.0334833        123.796        0.30741       0.299058     0.00174999       0.189535
     -0.0955243      0.0584513      -0.104544       0.055572      0.0328876      0.0464763      0.0965466      0.0119037     -0.0850806     -0.0155317        106.951       0.699701       -0.29798      0.0437117       0.189584
     -0.0953477      0.0636087      -0.103514      0.0571828      0.0255382      0.0347923      0.0968299       0.145784     -0.0966454     0.00262867        93.2779      -0.535386      -0.594886      0.0505524        0.15239
     -0.0908935      0.0624514      -0.101983      0.0586474      0.0356113      0.0316356       0.168068       0.034128     -0.0874225      0.0314186        109.491      -0.425378      -0.353684      0.0105219       0.112874
     -0.0837207      0.0623843     -0.0978152      0.0602217      0.0935915      0.0340054       0.188283      0.0204354     -0.0622893      0.0120391        88.0187      -0.317204      -0.292054     -0.0204187      0.0859685
     -0.0856741      0.0647926     -0.0956676      0.0617997      0.0557463      0.0340858       0.117242      0.0356342     -0.0472835    -0.00910915        96.4253       -0.24087      -0.550797     -0.0436716      0.0508523
     -0.0809494       0.068173      -0.092271      0.0647098       0.078943      0.0628574       0.165608      0.0165654     -0.0366819     -0.0217043        107.423       0.438862     -0.0841699     -0.0354223      0.0243969
      -0.076949        0.07199     -0.0886038      0.0673836      0.0871042      0.0577548       0.161007      0.0554679     -0.0172328     -0.0312804        100.788       0.499678       0.274659     0.00368214       0.032331
     -0.0684412       0.080123      -0.082338      0.0725483       0.144053       0.111556        0.17532      0.0893307    -0.00764864     -0.0217718        95.1965       0.457371       0.323685      0.0435581      0.0572605
     -0.0681365      0.0777403     -0.0791768      0.0747688      0.0826864      0.0479639       0.137701      0.0251444     -0.0164878     0.00146304         81.653       0.491027        0.23286      0.0830731      0.0804477
     -0.0651023      0.0796493     -0.0751406      0.0768468      0.0954501      0.0448841        0.10993      0.0544601     -0.0338595      0.0250617        171.416      -0.110384      -0.159771      0.0989323      0.0834923
     -0.0589524      0.0794469      -0.070814      0.0787358          0.103      0.0408032       0.156205   -0.000408579     -0.0428451      0.0443817        287.058      -0.194225      -0.106918      0.0862408      0.0723796
     -0.0459073      0.0835912     -0.0624333      0.0815678       0.191322      0.0611714       0.195759      0.0306253     -0.0408577      0.0474863        57.3386      -0.512418      -0.344068       0.056798      0.0535932
      -0.043518      0.0843083     -0.0580772      0.0829038       0.113225      0.0288568        0.19714      0.0194855     -0.0352349      0.0373765        54.5121      -0.674728     -0.0271372     0.00733757       0.038125
      -0.043008      0.0835074     -0.0539113      0.0843709       0.101307      0.0316892       0.118925     -0.0467442     -0.0236294      0.0196724        57.0579       0.105266      -0.393607     -0.0163899      0.0205932
     -0.0355703      0.0887469     -0.0494823      0.0861905       0.105797      0.0393028       0.217692      0.0435442     -0.0180185     -0.0137317        65.9258      -0.113638       0.628206     -0.0167397      0.0303626
     -0.0214694       0.094817     -0.0402368      0.0906159       0.210282      0.0955889       0.228762      0.0166585     -0.0040031     -0.0109807        74.2468       0.670186       0.505557     0.00644636      0.0775967
     -0.0226604      0.0940346     -0.0367818      0.0916325      0.0956556      0.0219592       0.179075      0.0458462     -0.0282059     -0.0117273        71.7571       0.255038       0.460419      0.0449948       0.117844
     -0.0162733      0.0962763     -0.0314819      0.0933451       0.124043       0.036992       0.189954      0.0452749     -0.0518529     0.00553297        67.7044      -0.058878       0.287597      0.0531673       0.149012
     -0.0114559      0.0934123      -0.025253      0.0942556       0.146949      0.0196663       0.129561     -0.0330621     -0.0706255      0.0240862         62.195        0.26595           -0.8      0.0617948       0.127664
      0.0114212      0.0919824     -0.0132434      0.0948204       0.274103      0.0122006       0.331423     -0.0490402     -0.0830408      0.0234889        57.2038       0.340339      -0.397413      0.0870562       0.077776
      0.0117166      0.0911367    -0.00696615      0.0949707       0.162999     0.00324553       0.214958     -0.0497862     -0.0623285      0.0281378        40.9304       0.195048      -0.759939       0.109365      0.0295606
      0.0141983      0.0934431    -0.00170229      0.0954171       0.129999     0.00964179       0.219115    -0.00574204     -0.0349843      0.0462346        36.6467      -0.339916      -0.276806       0.103328     -0.0136384
      0.0178529      0.0911421     0.00354565      0.0952395       0.126355    -0.00383599        0.18615     -0.0648955    -0.00870722      0.0561504          32.33       -0.28638      0.0529055      0.0772324     -0.0229657
      0.0333931      0.0885126      0.0152672      0.0946975       0.265821     -0.0117057       0.199475     -0.0974568     0.00802177      0.0482268        21.0997     -0.0349429      -0.268538      0.0638442      -0.031949
      0.0358309      0.0902158      0.0219948       0.094439       0.171899    -0.00558532       0.160556     -0.0497497     0.00820929      0.0331895        28.3348      -0.225576      -0.264217      0.0529895     -0.0541455
      0.0422058      0.0922155      0.0289935       0.094624       0.168362     0.00399708        0.16589     -0.0306074      0.0137706      0.0295081         34.936       -0.30729      0.0736748       0.030787     -0.0620864
      0.0487929      0.0908805       0.035846      0.0940866       0.164848     -0.0116077       0.162155     -0.0499724      0.0254954      0.0240657        31.4359       -0.11746       0.401571      0.0130892     -0.0422841
      0.0678452      0.0902179      0.0481785      0.0930791       0.282868     -0.0217632       0.235999     -0.0343334      0.0256437     0.00829004        30.7199         0.1562      -0.180447      0.0147033     -0.0330703
      0.0526468      0.0909992      0.0549744      0.0919123       0.175077     -0.0252017     0.00243718      0.0342729     0.00890941     0.00336503        33.1525      -0.300531     -0.0462286     0.00868893     -0.0425153
       0.067717      0.0873099      0.0616287      0.0906631        0.16124     -0.0269831      0.0720173     -0.0689619      0.0146074     0.00949489        19.5637      0.0300984     -0.0650495    -0.00257847     -0.0471533
      0.0776905      0.0840608      0.0675269       0.089324       0.143525     -0.0289249       0.133794     -0.0799802      0.0192743     0.00458394        17.7778       0.329528       0.235001      0.0124063     -0.0400733
       0.094247      0.0826588      0.0783819      0.0867913       0.248821     -0.0547061         0.1794     -0.0329198      0.0212547   -0.000819576        20.3278     -0.0710576      0.0856364      0.0231757     -0.0267139
      0.0958262      0.0817797      0.0836772      0.0857042       0.139261     -0.0234807       0.146562     -0.0607963      0.0132934      0.0136549         16.435       0.152862       0.170872      0.0265841     -0.0160252
       0.100015      0.0797766      0.0890413      0.0842247       0.129789     -0.0319567       0.133392     -0.0585384     0.00941569      0.0132378        17.1932       0.161286       0.237282      0.0396738    0.000986576
       0.103674      0.0786396      0.0939743      0.0828333       0.119532     -0.0300561       0.109335     -0.0505353     0.00354606      0.0146674        16.0479      0.0153589      0.0516809      0.0470338      0.0130234
       0.117957      0.0740141       0.103249      0.0800771       0.212282     -0.0595318       0.166731     -0.0749523    -0.00580126      0.0215683         19.942     -0.0980696      -0.212644      0.0435877     0.00631809
       0.119161       0.072206       0.108131      0.0778934       0.126688     -0.0471696       0.125461     -0.0692085     -0.0101221      0.0244685        23.2115      -0.200262      -0.353209       0.031158      -0.017261
       0.122704      0.0712655       0.112515      0.0760988       0.107366     -0.0387617       0.137106     -0.0599691    -0.00448233      0.0218667        15.1432      -0.209692      0.0425334      0.0140767     -0.0302054
       0.125591      0.0700671       0.116976      0.0748203       0.107086     -0.0276168      0.0988658     -0.0724181      0.0127159      0.0117609        16.5664      0.0980715      0.0359814     0.00942564     -0.0269332
       0.136583       0.068032       0.124863      0.0723535       0.181075     -0.0532824       0.131787      -0.042036      0.0121687     0.00328528        18.7299      -0.155339     -0.0750194     0.00703955     -0.0285587
       0.128379      0.0667537       0.128956      0.0708563       0.106511       -0.03234      -0.120359     -0.0661229     0.00998336     0.00624691        13.4096       0.166238      -0.465036     0.00749445     -0.0510596
       0.136325      0.0632156       0.133074      0.0690064      0.0995924     -0.0399583      0.0911859     -0.0645414      0.0105595     0.00487469        15.4755      0.0733016      0.0324205      0.0174751      -0.069086
       0.143983      0.0618464       0.137663      0.0668501       0.109083      -0.046576      0.0581286     -0.0589111      0.0257662     0.00593399        16.9284    -0.00454506      -0.145648        0.02034     -0.0738061
       0.155328      0.0579596       0.145367      0.0637385       0.177318     -0.0672096       0.119868     -0.0679194      0.0316789      0.0114746        15.4159     -0.0831963      0.0257485      0.0166841      -0.078802
       0.155448      0.0569508       0.149247      0.0616573       0.101533     -0.0449544      0.0618099     -0.0550531      0.0333546      0.0120169         13.051      -0.153825    -0.00733107      0.0068078     -0.0780321
       0.158348      0.0561638       0.153305      0.0601332      0.0978204     -0.0329198      0.0557924     -0.0536005      0.0347812     0.00878726        15.4473     -0.0313132       0.119078   -0.000906777     -0.0733761
       0.160927      0.0563867        0.15675       0.058334      0.0841985     -0.0388624      0.0160403    -0.00787376      0.0348237     0.00223385        10.8064    -0.00989146      0.0696046     -0.0026236     -0.0655135
       0.162975      0.0529264       0.160052      0.0569751      0.0797381     -0.0293524      0.0348321     -0.0670099      0.0314539   -0.000666153        9.83367       0.174965        0.10978     0.00425529     -0.0580384
       0.171699      0.0488147       0.166309      0.0541479        0.14312     -0.0610681       0.043758     -0.0625445      0.0275764   -0.000701201        16.7437       0.118567      -0.134678      0.0164857     -0.0590744
       0.174083      0.0485332       0.169058      0.0523309      0.0736868     -0.0392471      0.0706936     -0.0393923      0.0238388     0.00335466         15.198     -0.0420496       0.195094      0.0196729     -0.0565596
       0.174116      0.0464667        0.17128      0.0504518       0.055371     -0.0405886      0.0237749      -0.049134      0.0255327     0.00973414        11.4088     -0.0748786       0.130989       0.014801     -0.0429743
       0.178102      0.0405429       0.174808      0.0468992        0.08173     -0.0767367      0.0267501     -0.0792887       0.020406     0.00990378        13.2922     -0.0546897      -0.016308     0.00940228     -0.0381964
       0.176575      0.0417396        0.17574      0.0456103      0.0283102       -0.02784     0.00316287     -0.0473289       0.014778     0.00648831        10.3209      -0.058396     -0.0416097     0.00469065     -0.0406091
       0.177097       0.041277       0.176995      0.0443747      0.0299504      -0.026689    -0.00801967     -0.0404148       0.013462     0.00367581        10.0612     0.00348608      -0.103057     0.00240231     -0.0466371
       0.176756      0.0409733       0.177501      0.0432873      0.0139269     -0.0234882     -0.0118714     -0.0266154      0.0148326     0.00156711        9.54412     -0.0267172     -0.0152893     0.00143433     -0.0515681
       0.178832      0.0357932       0.178745      0.0406459      0.0282623     -0.0570544    0.000437282     -0.0678604      0.0185909    0.000794041        9.20449       0.174487       0.123191     0.00759077     -0.0470725
       0.177217      0.0359154       0.178937      0.0392705     0.00695769     -0.0297076     -0.0323797     -0.0374967      0.0203258    0.000468838        8.40399      0.0668449      0.0121186      0.0176463     -0.0414337
       0.176996      0.0356087       0.179212      0.0382397     0.00664158     -0.0222646     -0.0363645     -0.0313347      0.0167704     0.00606881        7.90791    -0.00341117     -0.0641266      0.0202889     -0.0436024
       0.178187       0.033423       0.179401       0.036706     0.00474541      -0.033128    -0.00924137      -0.040413      0.0158911     0.00950907        8.49755     -0.0330255       0.172584      0.0187712     -0.0390821
        0.17664       0.028955       0.179163      0.0340357    -0.00465631     -0.0576786     -0.0432449     -0.0635552      0.0164483      0.0100348        7.00358     -0.0407235     0.00412175      0.0156984     -0.0317197
       0.176118      0.0279936       0.178659      0.0325467     -0.0113514     -0.0321642     -0.0312021     -0.0634988      0.0131777     0.00955807        7.03088       0.104818        0.08345      0.0183682     -0.0280713
       0.175412      0.0288762        0.17814      0.0318412     -0.0123467     -0.0152373     -0.0393844     -0.0364702      0.0103092     0.00826763        7.16357      0.0505763      0.0220044      0.0248432     -0.0236751
       0.174308      0.0278675       0.177271      0.0308153     -0.0200232       -0.02216     -0.0385275     -0.0372007     0.00869304     0.00967883        6.27999     0.00664298      0.0296363      0.0272274     -0.0215254
       0.173499       0.023701         0.1765       0.028456      -0.018653     -0.0509616     -0.0413662     -0.0592038     0.00637848      0.0132316        8.63059     -0.0359869     -0.0203596      0.0260043     -0.0211378
       0.172944      0.0248944       0.175962      0.0277499     -0.0134843     -0.0152501      -0.044767     -0.0330764      0.0054273      0.0139679        7.75553       -0.14153      -0.132173      0.0186081     -0.0274924
       0.172642      0.0249383       0.175311      0.0270938     -0.0153978     -0.0141728     -0.0322489     -0.0270002     0.00538653      0.0136857        6.07932      -0.152124     -0.0415346     0.00637245      -0.034731
        0.17248      0.0244393       0.174751      0.0266354     -0.0136342    -0.00990214     -0.0255868     -0.0361139     0.00911922     0.00925742         5.6149       0.054246      0.0977874     0.00229454     -0.0323887
       0.170579      0.0244132       0.173954      0.0260813     -0.0185845     -0.0119686     -0.0509092     -0.0202666      0.0122759     0.00242208        5.82544      0.0431604     -0.0297254     0.00635338      -0.029552
       0.169615      0.0259379       0.173382      0.0262352     -0.0142229     0.00332599     -0.0568775    -0.00181727     0.00981289     0.00213169        5.90118     -0.0208824       -0.17646      0.0072813     -0.0381424
       0.169021      0.0256557       0.172441      0.0259724     -0.0217365    -0.00567677     -0.0389733    -0.00120189     0.00998515     0.00434076         7.4988     -0.0903202    -0.00520034     0.00264835     -0.0457122
       0.168397      0.0250343        0.17169       0.025665     -0.0183947    -0.00664044     -0.0415438    -0.00936014      0.0169086     0.00427734        7.14752     -0.0496941      0.0857086    -0.00318597     -0.0423573
       0.165001      0.0226484       0.169924      0.0245849     -0.0399843       -0.02333     -0.0654995     -0.0279846      0.0196748     0.00181268        7.20317      0.0654328      0.0706173    -0.00252998     -0.0358435
       0.165392       0.023967       0.169223      0.0245737     -0.0191357   -0.000243089     -0.0489129    -0.00689186      0.0172835    -0.00116743        5.45707      0.0559499       0.109575     0.00252771     -0.0283339
       0.164111      0.0232221       0.168205      0.0240831     -0.0239137     -0.0105959     -0.0587879     -0.0102752      0.0138473   -0.000498664         3.9988      0.0373172     -0.0169405     0.00641394     -0.0244732
       0.164333      0.0221245       0.167461      0.0236287     -0.0184524    -0.00981399     -0.0377555     -0.0243075     0.00879711     0.00273513        5.03947       0.147167      0.0553336      0.0141006     -0.0228744
       0.162212      0.0196646       0.165956      0.0222254     -0.0343584     -0.0303124     -0.0476825     -0.0287144     0.00837976     0.00440823        6.99252      0.0414243      0.0624533      0.0219584     -0.0179676
       0.163023      0.0190313       0.165641        0.02146     -0.0102443      -0.016533     -0.0365201     -0.0317775     0.00733501       0.010311        9.07197      0.0208435     0.00310103      0.0245528     -0.0152357
       0.162719      0.0178242       0.165222       0.020613     -0.0100675     -0.0182951     -0.0378933     -0.0375976     0.00479693      0.0136899        7.35126      0.0246219      -0.115743      0.0264473     -0.0199291
       0.163139      0.0169556       0.164743      0.0197775      -0.011355     -0.0180467     -0.0135745     -0.0364834     0.00374371      0.0141951        8.17871     0.00659563      0.0764765      0.0277481     -0.0215665
       0.160854       0.014211       0.163587      0.0180626     -0.0261183     -0.0370414     -0.0368318     -0.0473997     0.00630373       0.014968        8.65049     -0.0578312      0.0481408      0.0256128     -0.0163736
       0.161017      0.0126774       0.163144       0.016663     -0.0121683     -0.0302312     -0.0271048     -0.0529918     0.00596625      0.0155694        9.20238     -0.0204377      0.0585228      0.0223517      -0.011929
       0.161134      0.0127769       0.162794      0.0157833    -0.00878517     -0.0190009       -0.02233      -0.036749     0.00377602      0.0144485        6.83848     -0.0749947        0.03661      0.0183754    -0.00796318
       0.159738      0.0117265       0.162158      0.0148628     -0.0146109     -0.0198829     -0.0390326     -0.0451234     0.00115472      0.0132501        4.56285      0.0321731      -0.157919      0.0165915     -0.0130175
       0.157468     0.00945214       0.160865      0.0128952     -0.0293896     -0.0425014     -0.0454556     -0.0347326   -0.000299391      0.0106749        6.30179      -0.163846      -0.196016      0.0111051     -0.0277666
       0.157418     0.00883378       0.160183      0.0116987     -0.0176749     -0.0258436     -0.0326186     -0.0376585      0.0028283      0.0097097        4.71267      -0.102824     -0.0804066   -8.54383e-06     -0.0392847
       0.157475     0.00823837       0.159827      0.0104267    -0.00945009     -0.0274759     -0.0289735     -0.0222846       0.010846     0.00637161        5.23431       -0.17351      0.0267543     -0.0115202     -0.0415207
        0.15536     0.00668005       0.159078     0.00928658     -0.0171271     -0.0246265      -0.056846     -0.0419464      0.0157887    0.000675547        7.31201       0.113056      -0.103125     -0.0140395     -0.0447016
       0.154229     0.00411744       0.157888     0.00704493     -0.0274223     -0.0484196     -0.0386542     -0.0278604      0.0160732    -0.00694133        5.72586     -0.0148829       0.143279    -0.00994933     -0.0430282
       0.153456     0.00464069       0.157102     0.00634876     -0.0197055     -0.0150371     -0.0498802     -0.0249741      0.0187115    -0.00375677        4.55852       0.110257       0.129142    -0.00597515     -0.0316792
       0.152542     0.00338968       0.156158      0.0053088     -0.0223607     -0.0224632     -0.0470826     -0.0244565      0.0145376    -0.00302852        6.41746       0.143683       0.134442     0.00460577     -0.0206978
       0.151618     0.00223565       0.155434     0.00434637     -0.0178922     -0.0207885      -0.058994     -0.0273327     0.00865382   -0.000437272        7.64587       0.148491     -0.0941374      0.0167799     -0.0190193
       0.149054     0.00105241       0.153566     0.00336309     -0.0421212     -0.0212388     -0.0555041     -0.0276445     0.00304789     0.00532447        9.85483      0.0782127     -0.0507474      0.0262256     -0.0250562
       0.149984    0.000305425       0.152805     0.00288504     -0.0206546     -0.0103261     -0.0295626     -0.0389727     0.00355786      0.0116157        10.6406       0.166897       0.120465      0.0364385     -0.0221519
       0.147341   -0.000819187       0.151422     0.00222977     -0.0319436     -0.0141538     -0.0600702     -0.0410771     0.00685233      0.0163772        11.4341       0.115154     -0.0568757      0.0481901     -0.0195017
       0.147203    -0.00118789       0.150703     0.00163637     -0.0187256     -0.0128173     -0.0474034     -0.0327262     0.00345534      0.0228345        12.3247     -0.0740724      -0.102028      0.0499015     -0.0261225
       0.145513    -0.00274902        0.14906    0.000745525     -0.0373463     -0.0192423     -0.0373673      -0.046472     0.00252158       0.028336        13.1628      -0.105111      0.0937099      0.0424361     -0.0264714
       0.144529    -0.00322427       0.148305    9.76562e-06     -0.0200509     -0.0158924     -0.0580946     -0.0404184     0.00636834      0.0281093        11.2672      -0.202289       -0.10342      0.0296278     -0.0268752
       0.144263    -0.00398308       0.147531   -0.000635948     -0.0187154     -0.0139474     -0.0406081     -0.0503896     0.00612134      0.0234825         6.5563     -0.0484066     -0.0421741      0.0191817     -0.0329421
       0.143611    -0.00366415       0.146625    -0.00139576     -0.0214506     -0.0164119     -0.0358035     -0.0226131     0.00659842      0.0159559        5.97923       -0.19523      0.0666905     0.00902987     -0.0319188
       0.142145    -0.00326777       0.145655    -0.00152384     -0.0231004    -0.00276649     -0.0484705     -0.0306245     0.00967151      0.0114971        5.30517     0.00546021      0.0209236     0.00112391     -0.0282683
       0.139642    -0.00681241       0.143976    -0.00335472     -0.0385765     -0.0395471     -0.0543413     -0.0456358     0.00937325     0.00585626        4.27624      0.0891593      0.0554965     0.00506639     -0.0250846
        0.14047    -0.00593392       0.143331    -0.00388403     -0.0177819     -0.0114331     -0.0329282     -0.0263119     0.00779516     0.00248967        3.07798      0.0993621       0.155631      0.0129213     -0.0162879
       0.138418    -0.00541235        0.14192    -0.00440487     -0.0322514     -0.0112501     -0.0467297    -0.00464544     0.00579375     0.00545751        2.94988      -0.117639      0.0882886      0.0121608    -0.00612504
       0.137168     -0.0099943       0.140383    -0.00660212     -0.0364345     -0.0474605     -0.0360822     -0.0426075    0.000327769      0.0100368        5.73312      -0.100579       0.148354     0.00306845     0.00373602
       0.136134    -0.00934107       0.139186     -0.0072097     -0.0294924     -0.0131239     -0.0430591     -0.0283845    -0.00458091     0.00876878        4.00815     -0.0384698     -0.0259175    -0.00272561     0.00883913
       0.135857    -0.00995723       0.138205    -0.00806782     -0.0241518     -0.0185353     -0.0293452     -0.0247785     -0.0108702      0.0025817        2.65372      0.0219257     -0.0770255    -0.00341513     0.00455046
       0.135456    -0.00916631       0.137303    -0.00838612     -0.0218954    -0.00687526      -0.021574    -0.00780661     -0.0110661    0.000973928        2.75458    -0.00296263     -0.0679682    -0.00262494    -0.00149123
       0.131822    -0.00925786       0.135174    -0.00885731     -0.0481657     -0.0101777     -0.0394733   -0.000977931    -0.00838357     0.00089227        3.11911     -0.0766191     -0.0378088     -0.0059407    -0.00589647
       0.132633     -0.0098446       0.134488    -0.00936033     -0.0196491     -0.0108653     -0.0175722    -0.00540443    -0.00480443    0.000990498        2.25073     -0.0575448      0.0854047     -0.0115309    -0.00391285
        0.13114     -0.0112451       0.133443       -0.01007      -0.024517     -0.0153288     -0.0317041     -0.0189508     -0.0030213   -0.000175369         1.9293      0.0921467    -0.00251248     -0.0100896   -0.000458239
       0.131479    -0.00960237       0.132869    -0.00977318     -0.0148593     0.00641135     -0.0133939     0.00202044    -0.00388878    -0.00389792        1.19816       0.111993      0.0721756    -0.00158366     0.00244474
       0.127678    -0.00885721       0.130949    -0.00972458     -0.0429541     0.00104974     -0.0445911      0.0191053    -0.00477701    -0.00277497        2.30226     -0.0888918     -0.0605903   -0.000620901     0.00292873
       0.128201    -0.00995275       0.130244    -0.00995314     -0.0195222    -0.00493685     -0.0232773    -0.00224679    -0.00769168     0.00226067        1.06072     -0.0251844     -0.0361008    -0.00537411    -0.00109893
       0.128376    -0.00997596       0.129687     -0.0100952     -0.0139964    -0.00306888     -0.0145136     0.00408436    -0.00778192     0.00197004        1.16001      -0.062256    -0.00185515    -0.00901742    -0.00267905
       0.126709     -0.0100765       0.128881     -0.0102187     -0.0187955    -0.00266804     -0.0338766     0.00150873    -0.00622385    -0.00052501        1.27056     -0.0185047      -0.163466     -0.0123824    -0.00956884
       0.125951    -0.00917226       0.127857    -0.00992716     -0.0239959     0.00629805     -0.0160856      0.0093486    -0.00558656    -0.00240482        3.30406      0.0155271      0.0318204     -0.0125065     -0.0150555
       0.126194    -0.00873919       0.127544    -0.00966503    -0.00916358     0.00566195     -0.0168798      0.0119048     0.00115806    -0.00400234        3.10259      0.0347751      0.0603619     -0.0104106     -0.0112159
       0.124993    -0.00733275       0.126916     -0.0090983     -0.0144946      0.0122414     -0.0276396      0.0272739     0.00117153    -0.00391032        1.96027     -0.0686537    -0.00988151      -0.011822    -0.00911319
       0.125669    -0.00719398       0.126818    -0.00870989    -0.00356218     0.00838969     -0.0145363      0.0190892   -0.000856694    -0.00313486        1.51698     -0.0419512     0.00287846     -0.0164304     -0.0094055
       0.125353    -0.00573736       0.126429    -0.00759487    -0.00876076      0.0240844      -0.012727        0.01715     -0.0019868    -0.00366677        2.44422       0.125677      0.0352025     -0.0129417    -0.00781958
       0.125957    -0.00566789       0.126427    -0.00738112   -0.000904722     0.00461713    -0.00455506      0.0292052    -0.00199896    -0.00574483        1.81515     -0.0379389      0.0807468    -0.00928615    -0.00298867
       0.125636    -0.00583918         0.1263    -0.00679831     -0.0028524      0.0125887     -0.0117529     0.00305022    -0.00279969    -0.00356854         1.9787       0.180148    -0.00338667    -0.00336109    0.000235558
       0.127396    -0.00496077       0.126607    -0.00622982     0.00635419      0.0122793      0.0179676      0.0198763    -0.00597673    -0.00213493        3.71859      0.0670915       0.183756     0.00694036      0.0077486
       0.126751    -0.00496192       0.126558    -0.00584566   -0.000414183     0.00829783    -0.00239579      0.0118127     -0.0071631     0.00366973        3.86885     0.00529488      0.0312817     0.00995636      0.0167103
       0.128099    -0.00499983       0.126861    -0.00545897     0.00650339     0.00835263      0.0209268     0.00460427     -0.0139841     0.00708138        5.17768    -0.00678358       0.108254     0.00989437      0.0225244
       0.129248    -0.00468397       0.127547     -0.0049427      0.0154555      0.0111513      0.0172235   -2.68635e-05      -0.017526     0.00780748        7.09448      0.0275657     -0.0523838      0.0107603      0.0248532
       0.130978     -0.0045913       0.128504    -0.00458914      0.0222238       0.007637      0.0314241    -0.00241467      -0.020086     0.00777875        7.95207      0.0421009     -0.0872415      0.0136633      0.0190358
       0.132636    -0.00185675       0.129922    -0.00358135      0.0328562      0.0217682      0.0272359      0.0304602     -0.0207369     0.00788294        7.49463      -0.222662      -0.254551     0.00613928     0.00479555
        0.13424    -0.00180783       0.131261    -0.00300783      0.0321949       0.012388      0.0392049      0.0123994       -0.01763     0.00966047        7.10824      -0.163963      -0.163824    -0.00997028     -0.0126384
       0.134264    -0.00175973       0.132043    -0.00255318      0.0201184     0.00982054      0.0311247     0.00528464    -0.00567668     0.00231789        7.61805     -0.0210381     -0.0121327     -0.0176785     -0.0199715
       0.134481   -0.000386533        0.13298    -0.00192118      0.0222485      0.0136512      0.0169542      0.0204517     0.00240213    -0.00612308         8.7519    -0.00762427      0.0281238     -0.0188727     -0.0193064
       0.136055     0.00370461       0.134525   -0.000102215      0.0355926      0.0392896      0.0120874      0.0520112     0.00423438    -0.00830973        10.0865     -0.0820862     -0.0489487     -0.0226104     -0.0201744
       0.136567     0.00319052       0.135383    0.000450344      0.0221071      0.0119353      0.0150013      0.0356269     0.00373835    -0.00828291        7.95719     -0.0621172      0.0345128     -0.0286187     -0.0207756
       0.135597     0.00335202       0.135817    0.000859985      0.0115718     0.00884825     -0.0118753      0.0349737     0.00403685     -0.0104653        8.75759     -0.0676857      -0.101713     -0.0340274     -0.0235738
       0.136426     0.00367798       0.136387     0.00120943      0.0134798     0.00754802     0.00162945      0.0336829     0.00399763     -0.0143902        7.86028      -0.044475     0.00532163     -0.0387008     -0.0275912
       0.137511     0.00364739       0.136988     0.00173788      0.0143262      0.0114145     0.00985696      0.0167246     0.00656277     -0.0170145         9.6475       0.203017       0.160985     -0.0320949     -0.0206612
       0.136154     0.00672675       0.137069     0.00295124     0.00317295      0.0262086     -0.0207421      0.0579488     0.00703305     -0.0187693        8.86434      0.0102628    0.000954287      -0.023208     -0.0139137
       0.136157     0.00689789       0.137019     0.00369717   -0.000752907       0.016112     -0.0100752      0.0418372     0.00327832     -0.0144966        5.60496     0.00627602      0.0496869     -0.0225188     -0.0118036
       0.135832      0.0062542       0.136751     0.00441784    -0.00587787      0.0155665     -0.0115309      0.0144412    0.000452224      -0.010453        4.81749       0.238567      0.0694662     -0.0123172    -0.00683871
       0.134654     0.00847545       0.136206      0.0056349       -0.01234      0.0262885     -0.0228431      0.0418035   -0.000142511     -0.0104959          5.015      0.0792402    -0.00501787    0.000925064    -0.00415309
       0.132812     0.00884607       0.135503     0.00664877     -0.0164225      0.0218996      -0.044973       0.025318    -0.00352078    -0.00168468        3.89749      0.0872732      -0.263444     0.00786304      -0.015336
        0.13421     0.00907115        0.13537     0.00749704     -0.0045268      0.0183227    -0.00687377      0.0194862    -0.00364154     0.00268184        4.44442      0.0456323     -0.0347822       0.013401     -0.0277617
       0.132607     0.00782257       0.134638     0.00784492     -0.0162656     0.00751423     -0.0270634    -0.00766603     0.00603444     0.00569068        5.68384        0.15766    -0.00147892      0.0218716     -0.0292728
       0.131509     0.00955795        0.13391     0.00866961     -0.0173529      0.0178131     -0.0287073       0.017289      0.0107403     0.00793205        6.36899     -0.0675631      0.0904619      0.0256257     -0.0255644
       0.131075      0.0083454       0.133336     0.00889372     -0.0141303     0.00484085     -0.0285966     -0.0140153       0.010737      0.0129535        5.85246      0.0200958       0.126022      0.0236478     -0.0165451
       0.131871     0.00741039       0.133297      0.0086133    -0.00225696    -0.00605704      -0.019514     -0.0134501     0.00852603      0.0142581        5.77656     -0.0799707       0.110341       0.021153    -0.00669785
       0.131849     0.00552121       0.133012     0.00800018    -0.00637815     -0.0132433     -0.0158774     -0.0398659     0.00233573        0.01298        4.96329      0.0796017      0.0744845      0.0211377     0.00100374
       0.131842     0.00340481       0.132839     0.00655376    -0.00437885     -0.0312426     -0.0163971     -0.0355925    -0.00240093      0.0101209        6.66956     -0.0498948     -0.0341003      0.0223756     0.00268602
       0.132303      0.0026452       0.132816     0.00563936   -0.000929051     -0.0197511    -0.00775485     -0.0411188    -0.00577074      0.0103886         5.7785    -0.00226722     -0.0737352      0.0202022    -0.00180578
       0.132807     0.00170679       0.132768      0.0045446    -0.00111772     -0.0236468     0.00449471     -0.0336484    -0.00616437       0.011039        6.66751     -0.0703917      0.0285243      0.0171747    -0.00368988
       0.133179   -0.000236469       0.132875     0.00304043     0.00218634     -0.0324901      0.0054148     -0.0407895    -0.00373047      0.0102986         5.8965     -0.0832998      0.0736227      0.0107708    0.000566959
        0.13078    -0.00631817       0.132447   -0.000256233    -0.00901567     -0.0712079     -0.0354148     -0.0797481    -0.00294989     0.00829838        7.33152      0.0409842      -0.275555     0.00900745    -0.00784481
       0.130735    -0.00449028       0.131966    -0.00174162     -0.0113026     -0.0320843     -0.0087112      -0.017883    -0.00475984     0.00470673        5.38851      -0.310229     -0.0870877    -0.00221005     -0.0229553
       0.129656    -0.00590297       0.131337    -0.00299791     -0.0147152      -0.027136     -0.0210722       -0.04624      0.0041731     0.00418531        6.02961     -0.0195488      -0.030066     -0.0159511     -0.0278372
       0.128471    -0.00629128        0.13083    -0.00443258     -0.0124236     -0.0309889     -0.0336333     -0.0138192      0.0084135    -0.00680019        5.70101      -0.148066       -0.05278     -0.0229348     -0.0312902
       0.126524     -0.0084149       0.129532    -0.00631487     -0.0292659     -0.0406574     -0.0327405      -0.024308     0.00989312      -0.012167        5.94234     -0.0831693       0.114863       -0.03257     -0.0287049
       0.125025    -0.00710275       0.128441    -0.00657017      -0.026508    -0.00551444     -0.0454281     -0.0111257       0.011422     -0.0149425        6.04918       0.129024      0.0932615     -0.0306594     -0.0200335
       0.124665    -0.00676669         0.1278    -0.00723005     -0.0164974     -0.0142535     -0.0444061      0.0156671      0.0101472     -0.0195691        4.59744    -0.00617253     0.00186164     -0.0255406     -0.0160708
       0.124268    -0.00712032        0.12678    -0.00754108     -0.0236856    -0.00671828     -0.0259421     0.00290125     0.00476259     -0.0160225        4.18772       0.115371       0.140093     -0.0209912     -0.0101579
       0.120707    -0.00822487       0.124701    -0.00852081     -0.0472626     -0.0211621     -0.0516499      0.0153737     0.00424821     -0.0151163        5.27141     -0.0886683      0.0759511     -0.0198781    -0.00115541
       0.122371    -0.00829751       0.124227    -0.00875587      -0.014965    -0.00507734     -0.0187654     0.00449271     -0.0012657     -0.0109706        2.96181     0.00375739       0.144733     -0.0234163      0.0080409
        0.12148      -0.009259       0.123434    -0.00929937     -0.0186319     -0.0117396     -0.0305393     0.00141852    -0.00543993     -0.0109092        4.11208      0.0610155     -0.0567642     -0.0207172      0.0117054
       0.121323    -0.00779121       0.122651    -0.00890398     -0.0187803     0.00854049     -0.0129836      0.0141065     -0.0102922     -0.0126618        5.01846       0.102242     -0.0208885     -0.0139149     0.00847149
       0.121726    -0.00686025       0.122139    -0.00864794     -0.0129251     0.00553053    0.000698088      0.0308401     -0.0131984     -0.0120894        3.14247     -0.0726738      0.0804154     -0.0126826      0.0109487
        0.12168    -0.00667905       0.121702    -0.00819077     -0.0107368     0.00987492     0.00362355      0.0167944     -0.0117752    -0.00840558         3.8609     0.00448637       0.119558     -0.0155236      0.0192804
       0.122156    -0.00637668       0.121655    -0.00778982    -0.00208386     0.00866037     0.00685151      0.0185685      -0.013403     -0.0087576        4.88062      0.0175432      0.0595418     -0.0146057      0.0267425
       0.121472    -0.00593926       0.121159    -0.00719744     -0.0109184      0.0127955     0.00553558      0.0115705     -0.0185963    -0.00932826        5.08409        0.13931     0.00469417    -0.00806991      0.0294194
       0.121001    -0.00321279       0.120639    -0.00570612     -0.0123341      0.0322125     0.00750148      0.0312434     -0.0219795    -0.00929762        5.38329       0.117622     -0.0193364     0.00263596      0.0288105
       0.122457    -0.00305957       0.120873    -0.00490717     0.00382084      0.0172573       0.024914      0.0238039     -0.0225064     -0.0053295        7.05572      0.0583686      0.0234114     0.00996876      0.0289822
       0.121966    -0.00271611       0.120837      -0.003927   -0.000380898      0.0211716      0.0118067      0.0100768     -0.0224277    0.000383007        8.17995       0.114239      -0.113024      0.0171604      0.0252485
       0.123324     -0.0030038       0.120982    -0.00380365       0.003084     0.00266432      0.0434567      0.0192991     -0.0224039     0.00331174        6.83822      -0.158645       0.164468      0.0153098      0.0273914
       0.123579    -0.00218619       0.121324    -0.00319042     0.00769697      0.0132458      0.0278838      0.0138262     -0.0197383     0.00760065        7.64067      -0.229828      0.0685818   -0.000876525      0.0371022
       0.124493   -0.000968826       0.122175    -0.00230021       0.019155      0.0192287      0.0228524      0.0141173      -0.022121     0.00569462        11.3171      -0.154238      -0.179711     -0.0168789       0.032474
       0.127677   -0.000810608       0.123452    -0.00185968       0.029484     0.00951526      0.0642898     0.00906636     -0.0266481     -0.0040778        14.4111    -0.00691604      0.0403129      -0.023593      0.0266638
       0.128478     0.00234531       0.124602   -0.000751209      0.0278012      0.0239431      0.0468912      0.0479021     -0.0228983     -0.0117192        15.3638      -0.163626     -0.0441618     -0.0306985      0.0265026
        0.13153     0.00600328       0.127464     0.00183996      0.0645946      0.0559693      0.0302169      0.0372702     -0.0207968     -0.0134902        19.7076       0.258437      -0.542978     -0.0267488     0.00204277
       0.134578     0.00692471       0.129334     0.00301098      0.0468613       0.025294      0.0850322      0.0574909     -0.0201219     -0.0186057        19.9378      0.0769348      -0.016741     -0.0127747     -0.0212808
       0.134909     0.00864192       0.131096      0.0044495      0.0427299      0.0310721      0.0422796       0.057848     0.00121588     -0.0104222         13.428     -0.0527469     -0.0225183     -0.0117671      -0.022917
       0.133687      0.0075262       0.131931     0.00554483      0.0223238      0.0236592      0.0205659      0.0105081     0.00384564    -0.00572659        11.8738       0.275238       0.038837    -0.00249641     -0.0222371
       0.134229      0.0093051       0.133168     0.00677296      0.0289491      0.0265274     0.00579276      0.0382062     0.00342161    -0.00594128        7.79863      0.0778777     -0.0398268       0.012217     -0.0222784
       0.139609      0.0133673       0.135767     0.00950483       0.059024      0.0590085      0.0551921      0.0432052     0.00211925   -0.000371587        6.13484       0.103974       0.223626      0.0197945     -0.0146195
       0.139456      0.0130995       0.137047      0.0110196      0.0335509        0.03272      0.0225493      0.0200773     0.00227934     0.00687264        5.23591       0.126264       0.105345      0.0293875   -0.000912234
        0.14058      0.0137598       0.138403      0.0121516      0.0326564       0.024451      0.0229501      0.0240616    -0.00270432     0.00958871        6.32215     -0.0913137      0.0271808      0.0308433     0.00460911
       0.145869      0.0172733       0.141202      0.0147518      0.0637132      0.0561625      0.0585275      0.0225857     -0.0101866       0.015743        9.26471    -0.00937998      0.0628096      0.0266476     0.00835943
       0.149071      0.0171371       0.143784      0.0158678      0.0621512      0.0241062      0.0632923      0.0146467     -0.0108635      0.0132971        10.8585     -0.0824876      0.0242216        0.02282      0.0119863
        0.14799      0.0176804       0.144855        0.01692      0.0293488      0.0227269       0.032569     0.00453418     -0.0124485      0.0113765        8.26895     -0.0491693      -0.131197       0.017334     0.00753021
       0.150721       0.018617       0.146863      0.0178485      0.0463091      0.0200576      0.0480266     0.00770448     -0.0147768     0.00880777        9.53115     -0.0617311      -0.100265      0.0127134     -0.0021146
       0.155327      0.0212499        0.15006      0.0193386      0.0736864      0.0321845      0.0606297      0.0242722     -0.0118605     0.00599323        16.4059       -0.12146      -0.136441     0.00508022     -0.0119753
       0.156216       0.022303       0.151822      0.0202669      0.0454157      0.0200526      0.0589923      0.0288423    -0.00674718     0.00392543         11.559      -0.213879      0.0489093     -0.0088919     -0.0156251
       0.155297      0.0199936        0.15342      0.0208913      0.0390523      0.0134856      0.0045373     -0.0418912   -0.000416931    -0.00186695        11.2425       0.526857      -0.293414     0.00414753     -0.0258116
       0.157365      0.0229425       0.154879       0.021609      0.0354287      0.0155023      0.0419595      0.0350329   -0.000820812     -0.0101605        8.87256      0.0616031       0.067983      0.0286651     -0.0352018
       0.163083      0.0256075       0.158389      0.0234143      0.0793701      0.0389958      0.0544004      0.0230567     0.00969202     0.00948261        9.11571      0.0383958       0.124469      0.0328317     -0.0271821
       0.160559      0.0253414       0.159755      0.0232476      0.0374279    -0.00360074     -0.0181211      0.0538506      0.0119775      0.0204004        7.51369      -0.182384      -0.059503      0.0268316     -0.0244743
       0.161107      0.0241146       0.161214      0.0230855      0.0352572    -0.00350189    -0.00555766    -0.00803594     0.00678784      0.0201548        6.28558      0.0218744      -0.114785      0.0201445      -0.031736
        0.16317      0.0243248        0.16253      0.0237457       0.031948      0.0142609     0.00334795       0.013048     0.00585014      0.0150396        7.62358      -0.122522      -0.126994      0.0159502     -0.0418089
       0.164788      0.0258406       0.163665      0.0246787      0.0277145      0.0201524       0.017414      0.0145247      0.0115209      0.0124051        8.19962      -0.159428      0.0560361     0.00420237     -0.0447657
       0.167941      0.0283601       0.166076      0.0263104      0.0548434      0.0352447      0.0137264      0.0218152      0.0168641     0.00910007        10.9624     -0.0977998       0.002757    -0.00651543     -0.0423173
       0.167837      0.0279383       0.167178      0.0269119      0.0292921      0.0129928     0.00308255     0.00722623      0.0156131     0.00217055        11.9317       0.040232      0.0269807    -0.00891413     -0.0410791
       0.167616       0.029462       0.167815      0.0279551       0.016688      0.0225333    -0.00554976      0.0155065      0.0148274    -0.00273205        10.7767       0.116321      0.0809805    -0.00239104      -0.036581
       0.169981       0.032797       0.169307        0.02982      0.0339052      0.0402808     0.00449205      0.0377494       0.013805    -0.00293638        12.5964      0.0655014       0.107585     0.00518513     -0.0287246
       0.167209      0.0314768       0.168971      0.0304762    -0.00388106      0.0141744     -0.0323008     0.00463019      0.0109362     0.00126241        7.43397       0.195072     -0.0488683      0.0160427      -0.026278
        0.16843      0.0318392       0.169071       0.031163     0.00179285      0.0148344    0.000604304     0.00908674      0.0054273     0.00580918        8.74482       0.111853        0.20854      0.0288315     -0.0196246
       0.168027      0.0325044       0.169091      0.0318908    0.000595457      0.0157202     -0.0202159     0.00951189     0.00616378      0.0134851        7.60846     -0.0465647      0.0864053      0.0315518    -0.00733445
        0.16863      0.0332721       0.169297      0.0328043     0.00450997      0.0197314     -0.0112753     0.00374484     0.00196427       0.019482        9.44832      -0.103351      0.0271369      0.0253048    -0.00260303
       0.168603      0.0325613       0.169229      0.0334585    -0.00100512      0.0141307      -0.010442     -0.0252512    -0.00352746      0.0198175        9.21259       0.139578      -0.032989      0.0268145    -0.00284494
       0.168498      0.0342503       0.169265      0.0340931    0.000679045      0.0137089     -0.0148591     0.00913695    -0.00466448      0.0156615        10.0529      -0.122446      -0.139803      0.0275283      -0.010046
       0.169052      0.0344875       0.169306      0.0346465    0.000938871      0.0119534    0.000345637    -0.00722961    -0.00403207      0.0184901        8.93265     -0.0711268     -0.0207521      0.0194631     -0.0167372
       0.168279      0.0345445       0.169382      0.0348309      0.0017354     0.00398228     -0.0230407    -0.00198389     0.00113744      0.0155959        7.96007      -0.157994      -0.174489     0.00991583     -0.0248719
       0.170608      0.0337337       0.170315      0.0345238       0.020341      -0.006633     0.00637485     -0.0111694     0.00228483      0.0120596        8.70344      -0.127849     -0.0219596    -0.00199446     -0.0330569
       0.170282      0.0337671       0.170531      0.0344908     0.00669213   -0.000713575    -0.00314977     -0.0142359     0.00784284     0.00650047         8.6462      0.0124089      0.0747043    -0.00680452     -0.0308586
       0.170213      0.0347823       0.171027      0.0345946      0.0113905     0.00224284     -0.0177522     0.00513281       0.011105    0.000591505        9.76567     -0.0298094    -0.00637733     -0.0075295     -0.0280103
         0.1706      0.0356668       0.171514       0.034976      0.0116473     0.00823773     -0.0169885     0.00702309     0.00961513   -0.000819576        10.3594      0.0255349      -0.045597    -0.00770755     -0.0301762
       0.170462       0.036047       0.171718      0.0352107     0.00557299     0.00507034     -0.0203924      0.0121483     0.00850886   -0.000791085        10.7584     0.00181853      -0.058601    -0.00656778     -0.0345177
       0.170374      0.0361264       0.171807      0.0355951     0.00246821     0.00830315      -0.020193     0.00135027     0.00908691   -0.000371587        10.6508       0.129399    -0.00928629    -0.00110081     -0.0373446
       0.171436      0.0372532       0.171995      0.0358881     0.00432453     0.00632811     0.00037777      0.0276005      0.0117204   -0.000189674        9.72778       -0.11932       0.243719   -0.000680397     -0.0275759
       0.168646      0.0389608       0.171314      0.0372599     -0.0142919      0.0296314     -0.0459868      0.0120065      0.0126831     0.00355326        9.28821      0.0765993     0.00458891    -0.00246034     -0.0172293
       0.170036      0.0379608       0.171272       0.037481    -0.00231915     0.00477495    -0.00959294     0.00397989     0.00683028     0.00330995        9.53268       0.112821       0.167993     0.00543213      -0.010039
       0.168586      0.0383198       0.170773      0.0379338     -0.0110096     0.00978019     -0.0387835      0.0028956     0.00295085     0.00235652        9.28628       0.111944     -0.0901616      0.0147977    -0.00679443
       0.168209      0.0387423       0.170238      0.0383372      -0.012671     0.00871393       -0.02632     0.00691745   -0.000948724     0.00678896        9.83306     0.00794293     -0.0980865       0.019793      -0.014638
       0.167867      0.0377469       0.169622      0.0381844     -0.0145679     -0.0032996     -0.0198902    -0.00451461   -0.000464973      0.0127939        8.01968     -0.0658098     -0.0163026      0.0173821     -0.0194046
        0.16932      0.0352487       0.170052      0.0373557     0.00782451     -0.0179008      -0.011862      -0.031488     0.00359708      0.0131948        7.24292      0.0212302     -0.0199405      0.0155244     -0.0209141
       0.167997      0.0352983       0.169731      0.0368524    -0.00615374      -0.010872      -0.027687     -0.0159922     0.00546676      0.0116157        7.28218     -0.0885189      -0.097913      0.0127206     -0.0258247
       0.169216      0.0340408       0.170214      0.0359623      0.0098343     -0.0192246      -0.015523      -0.024327     0.00591499      0.0108119        8.14119     -0.0876234     -0.0823101     0.00538111     -0.0333336
       0.167664       0.031303       0.169789      0.0343294    -0.00820453     -0.0352706     -0.0310875     -0.0390878      0.0092097     0.00920843        6.83893     -0.0327745     -0.0875835     0.00036478     -0.0404135
       0.168555      0.0315675       0.169888      0.0337393     0.00132735     -0.0127473     -0.0121995     -0.0318335      0.0133465     0.00508319          7.637      0.0931448       0.116655     0.00288057     -0.0392017
       0.166614      0.0323217        0.16945      0.0333586    -0.00934619    -0.00822204     -0.0463619    -0.00888573      0.0172735     0.00280856        7.76546    -0.00621881     -0.0314632     0.00650263     -0.0356507
       0.167094      0.0318324        0.16956       0.032965     0.00144911    -0.00850295     -0.0363924     -0.0167395      0.0137076     0.00566601        7.52059        0.04124     -0.0600804     0.00796175      -0.039467
       0.166656       0.031098        0.16909      0.0323272     -0.0100038     -0.0137769     -0.0292265     -0.0126132      0.0123459     0.00728177        8.52364       -0.03049      0.0613503     0.00840998     -0.0394164
       0.166014      0.0293447       0.168824      0.0314451    -0.00675855     -0.0190515     -0.0427769     -0.0307113      0.0140433     0.00789522        6.89298      0.0618647      -0.012744     0.00971746     -0.0373914
        0.16584       0.029821        0.16869      0.0311724    -0.00356942    -0.00589146     -0.0424826       -0.01652      0.0140466     0.00826155        7.09592       0.029615     -0.0682458      0.0135288     -0.0407647
       0.165435      0.0297883       0.168357      0.0309939    -0.00754129    -0.00385494     -0.0405174     -0.0175558      0.0134862      0.0091431        7.76689      0.0509544     -0.0503197      0.0168862     -0.0457043
       0.165305       0.030072       0.167928       0.030655     -0.0100164    -0.00732022     -0.0307194     0.00116579      0.0143741      0.0115565        7.13203      -0.171025      0.0994804      0.0118818      -0.043657
       0.162786      0.0270272       0.166979      0.0296672     -0.0214948     -0.0213364     -0.0640345     -0.0449423      0.0165693      0.0133482        6.46132      0.0898357      -0.059824     0.00849915     -0.0420058
       0.162987      0.0279133       0.166339      0.0294976     -0.0159765    -0.00366419     -0.0381215     -0.0198837      0.0139052     0.00777875        6.66845      0.0756808       0.110981      0.0153952     -0.0398732
       0.161397      0.0279854       0.165457      0.0293691     -0.0206562    -0.00277516      -0.060085     -0.0208521      0.0134878     0.00673555        6.88937       0.103186     -0.0128841      0.0228481     -0.0357848
       0.159328      0.0272887       0.163733      0.0289407     -0.0393093    -0.00925326     -0.0498251     -0.0203764      0.0120117      0.0108508        8.00425      0.0409135        0.15591       0.028852     -0.0298254
       0.159675      0.0257833        0.16303      0.0283624     -0.0191011     -0.0124914     -0.0438599     -0.0385412      0.0105748      0.0148495        10.6485       0.105117       0.153899      0.0349364     -0.0169178
       0.159302      0.0257599       0.162073      0.0277688     -0.0225829     -0.0128223      -0.032703     -0.0175671      0.0047918      0.0177414        12.3369      -0.150864       0.199841      0.0330305    -0.00218078
       0.158681      0.0237756        0.16136      0.0273202     -0.0176673     -0.0096887     -0.0417982     -0.0631481    -0.00174647      0.0216911        12.2512       0.190893     -0.0307565       0.034698     0.00486565
       0.157457      0.0235866       0.160094      0.0261331     -0.0291204     -0.0256413     -0.0316075     -0.0144494    -0.00936693       0.019801        10.8886      -0.283225     -0.0377631      0.0308518     0.00201178
       0.158181       0.023449        0.15971      0.0256639     -0.0111968     -0.0101349     -0.0205414     -0.0330007     -0.0114718      0.0213803        7.90425      -0.206584     -0.0904266      0.0104432    -0.00332853
       0.158394      0.0226605       0.159472      0.0249404    -0.00625086     -0.0156279     -0.0147784     -0.0311738    -0.00969237      0.0179318         7.0117      -0.128849      -0.110192    -0.00353325     -0.0116872
       0.156989      0.0233691       0.158802      0.0245677     -0.0151145    -0.00805146     -0.0252402     -0.0152229    -0.00508684     0.00434874        7.28313     -0.0805532      -0.135225     -0.0122581     -0.0219129
       0.156622      0.0246314       0.158338      0.0245805     -0.0115269    0.000277247     -0.0193935     0.00162643   -0.000517425   -0.000766528        9.94173     -0.0542218      -0.028265     -0.0178736      -0.028724
        0.15544      0.0251112       0.157868      0.0244141     -0.0113072    -0.00359374     -0.0363605      0.0135713      0.0050065    -0.00350715        9.24124       -0.10065     -0.0882944     -0.0243267     -0.0335813
       0.155117      0.0255006        0.15755      0.0242027    -0.00800512     -0.0045669     -0.0324888      0.0231924     0.00619275    -0.00556482        10.4158      -0.175581     -0.0470057     -0.0358362     -0.0392188
       0.155361      0.0264013       0.157283      0.0244711    -0.00655127     0.00579792     -0.0208687       0.024871     0.00888759    -0.00920559        12.8192     -0.0908309       0.114995     -0.0469365     -0.0363851
       0.155067      0.0264024       0.157088      0.0247646    -0.00486963     0.00633841     -0.0285977      0.0141156        0.01178     -0.0157443        14.4893       0.181087        0.11991     -0.0431747     -0.0265971
        0.15381      0.0307172       0.156168      0.0265518     -0.0203563      0.0386049     -0.0258543       0.056044     0.00974149      -0.020702        16.2628       0.154568       0.239035     -0.0291892      -0.011642
       0.153575      0.0307462       0.155732      0.0276299     -0.0114537      0.0232876     -0.0326044      0.0337817     0.00283164     -0.0149691        14.3589       0.307152       0.104898    -0.00995141     0.00269175
       0.154471      0.0318614       0.155607      0.0287616    -0.00385129       0.024444      -0.015373       0.044417    -0.00688189    -0.00737263        16.4111       0.142696      0.0501348     0.00879192     0.00915098
       0.153722      0.0343279       0.154983      0.0309843     -0.0138745      0.0480105     -0.0183519      0.0357668     -0.0114344     0.00493978        16.2026       0.187778     -0.0546535      0.0225616     0.00896263
       0.155458      0.0331747        0.15495      0.0317015    -0.00209684       0.015492       0.016629      0.0204697     -0.0139875      0.0130476        13.8542      0.0432211       0.158322       0.032187      0.0132823
       0.154797      0.0333269       0.154794      0.0325552    -0.00356641      0.0184384    -0.00595867     0.00904238     -0.0135342      0.0192284        11.4286     -0.0719721      -0.039246      0.0309887      0.0182447
       0.155933      0.0337861       0.155041      0.0335261     0.00496958      0.0209726      0.0141842    -0.00235588     -0.0163994      0.0229121        11.3922     -0.0400397     -0.0167287      0.0263214      0.0159121
       0.157774      0.0341961        0.15581      0.0343845      0.0171165      0.0185398      0.0261621    -0.00940728     -0.0178652      0.0208034        12.6215      0.0375518    -0.00934605      0.0262179      0.0148253
       0.158467      0.0361746       0.156621      0.0356157      0.0192179      0.0265951       0.018845     0.00483771     -0.0170198      0.0186332        12.2102     -0.0147234      -0.129132      0.0271688     0.00905609
        0.15959      0.0353151       0.157147       0.035946      0.0132965      0.0071335      0.0411131     -0.0138835     -0.0162544      0.0191671        10.8302      0.0507051       0.117245      0.0286679     0.00856161
       0.159404      0.0350151       0.157915      0.0360719      0.0178999      0.0027204     0.00872792     -0.0148025     -0.0123956       0.019529        10.4858     -0.0141903      -0.128015      0.0301895     0.00811338
       0.159245      0.0339049       0.158401      0.0359539      0.0123073    -0.00254813     0.00666546     -0.0344953     -0.0128339      0.0206315        11.7073       0.103341      -0.212233      0.0339041    -0.00606532
       0.162772      0.0320649       0.160244       0.035019      0.0410213     -0.0201949       0.031634     -0.0368421     -0.0118739       0.021462        14.1069      0.0223607      -0.137209      0.0391421      -0.020627
       0.164027      0.0319925       0.161408      0.0344892      0.0292565     -0.0114438      0.0390458     -0.0299207    -0.00159627       0.024855        12.5453     -0.0818455      0.0980729      0.0366635     -0.0222575
       0.163197      0.0297912        0.16233      0.0333195      0.0228459     -0.0252655   -0.000369659     -0.0472488     0.00434691      0.0261272        11.8202     -0.0924863     -0.0734682      0.0293999     -0.0212319
       0.167355        0.02485       0.164867      0.0304379      0.0570863      -0.062243      0.0253302      -0.067785     0.00353045       0.024804        16.3246      -0.155742     -0.0955722      0.0190568     -0.0282756
       0.169515      0.0249435       0.166597      0.0292063      0.0430601      -0.026602      0.0402454     -0.0585166     0.00300569      0.0206886        10.2034     -0.0325911       0.104955       0.011209      -0.027887
       0.168135      0.0246334       0.167539      0.0279103      0.0246608     -0.0279929    -0.00680659     -0.0383713     0.00680989      0.0149026        8.35215     -0.0894682      -0.114397     0.00612354     -0.0282805
       0.168397      0.0236338       0.168631       0.026458      0.0260491     -0.0313695     -0.0139929     -0.0328363     0.00604099      0.0117384         7.5992      -0.117904      -0.245403    -0.00251738     -0.0432716
       0.169655      0.0230349       0.169682      0.0252837      0.0253176     -0.0253661    -0.00187132     -0.0277213     0.00792128     0.00836169        8.91028     -0.0766511      -0.123466     -0.0106238     -0.0586393
       0.170707      0.0195126       0.170907      0.0226545      0.0289775       -0.05679    -0.00774681     -0.0303861      0.0107998     0.00707923        8.62224      -0.187846      -0.050834     -0.0216444     -0.0659028
       0.171255       0.019767       0.171625      0.0213553      0.0184155     -0.0280633   -0.000783043     -0.0158151      0.0107998     0.00707923        11.2129      -0.180243       0.203243     -0.0369815     -0.0595542
       0.169587      0.0180672       0.171773      0.0198339     0.00503445     -0.0328626     -0.0386703     -0.0248236      0.0107998     0.00707923        12.0245      0.0356228       0.104306     -0.0430065     -0.0467387
       0.169847      0.0172936       0.172123      0.0184203     0.00806985     -0.0305328     -0.0354531     -0.0105585      0.0107998     0.00707923        9.58047       0.101642      0.0658421      -0.037287     -0.0396506
       0.170473      0.0121755       0.172449      0.0152005     0.00783909     -0.0695472     -0.0309501     -0.0310763      0.0107998     0.00707923         7.8874      0.0936105      0.0294879     -0.0291514     -0.0356771
       0.169454      0.0115817       0.172271      0.0139235     -0.0030495     -0.0275838     -0.0459733     -0.0360447      0.0107998     0.00707923        7.78549       0.347265       -0.11391     -0.0107834     -0.0391952
       0.170053      0.0112261       0.171627      0.0126403     -0.0142185     -0.0277177    -0.00238912    -0.00679691      0.0107998     0.00707923        7.61629       0.125261       0.343889     0.00890541     -0.0296124
       0.166731     0.00954356       0.170238      0.0112202     -0.0314351     -0.0306741     -0.0521844      -0.013642      0.0107998     0.00707923         8.5968      -0.063457       0.183209      0.0114808    -0.00765115
        0.16317     0.00294841        0.16802     0.00820337     -0.0510477     -0.0651632      -0.062729     -0.0722498      0.0107998     0.00707923        13.1487       0.101755      0.0857437      0.0130763     0.00355577
       0.163506     0.00291777       0.167055     0.00674437     -0.0259562     -0.0315146     -0.0494241     -0.0446302      0.0107998     0.00707923        13.9419      0.0130366     -0.0848065      0.0178599     0.00359631
       0.163782      0.0015723       0.165941     0.00510294     -0.0266476     -0.0354548     -0.0195883     -0.0415566      0.0107998     0.00707923        9.84784      -0.057042      0.0525556      0.0160265     0.00225258
       0.163773   -0.000780052       0.165388     0.00339602     -0.0146114     -0.0368696     -0.0234641     -0.0572746      0.0107998     0.00707923        9.16411      0.0518112     -0.0517332      0.0158086     0.00228786
       0.160464    -0.00625246       0.163354   -4.63104e-05     -0.0454006     -0.0743542       -0.03083      -0.074936      0.0107998     0.00707923        12.6151     0.00810347      0.0325304      0.0183053     0.00148773
        0.16187    -0.00571775       0.163055     -0.0015905     -0.0109941     -0.0333545     -0.0121968     -0.0484119      0.0107998     0.00707923        9.68458     -0.0745684      0.0678649      0.0155363      0.0056715
       0.160219    -0.00689341       0.162034    -0.00327806     -0.0231507     -0.0364514     -0.0253389     -0.0422688      0.0107998     0.00707923         8.8869      -0.141999     -0.0384308     0.00651217     0.00689793
       0.159252    -0.00756616       0.160888    -0.00480749     -0.0270691     -0.0330356     -0.0148815     -0.0287055      0.0107998     0.00707923        8.49782      -0.238729      0.0466302    -0.00935163     0.00723934
       0.155444     -0.0136234       0.158779    -0.00843067     -0.0482692     -0.0782607     -0.0438392     -0.0633546      0.0107998     0.00707923        6.84126      -0.151814     -0.0703987     -0.0256239     0.00624943
       0.155228     -0.0127656       0.157791     -0.0099062     -0.0261556     -0.0318713     -0.0322485     -0.0351109      0.0107998     0.00707923        6.37909     -0.0292756      -0.115758     -0.0331692    -0.00150563
       0.155745     -0.0145845       0.157263     -0.0121892     -0.0140202     -0.0493136     -0.0167743     -0.0220628      0.0107998     0.00707923        5.82657      -0.066251     -0.0647393     -0.0371495    -0.00902665
       0.153911     -0.0162317        0.15597     -0.0141188      -0.029338     -0.0416787     -0.0211144      -0.025594      0.0107998     0.00707923        6.00965      0.0571354      0.0472617     -0.0375296    -0.00975556
       0.148831     -0.0219577       0.153516     -0.0182343     -0.0559318     -0.0888957     -0.0636406     -0.0296059      0.0107998     0.00707923        4.88678      -0.148931     -0.0860137     -0.0413547     -0.0113686
       0.150111      -0.023423       0.152704     -0.0206634     -0.0231438     -0.0524674     -0.0243005     -0.0326099      0.0107998     0.00707923        5.14774      -0.025561       0.102047     -0.0486253     -0.0107007
       0.149364     -0.0248793       0.151605      -0.022733       -0.02605     -0.0447043     -0.0251194     -0.0242713      0.0107998     0.00707923         4.9646      0.0906067       0.159862     -0.0459153    0.000213146
       0.148681     -0.0273706        0.15083     -0.0253066     -0.0193333     -0.0555886     -0.0305316     -0.0162012      0.0107998     0.00707923        4.27175      0.0452703      0.0357455     -0.0402539     0.00836229
       0.146556     -0.0349342       0.149147     -0.0300591      -0.038288      -0.102654     -0.0285708      -0.051128      0.0107998     0.00707923        7.12647     0.00430943      0.0607448      -0.038188       0.012383
       0.148346     -0.0361135         0.1486     -0.0324774     -0.0156551      -0.052235     0.00955758     -0.0350316      0.0107998     0.00707923        9.50475       0.105044      0.0483443     -0.0336314      0.0169282
       0.147951     -0.0381353       0.148497     -0.0350217    -0.00378863      -0.054957    -0.00930894     -0.0269893      0.0107998     0.00707923        11.0086     -0.0173735      0.0196804     -0.0299784       0.019763
       0.147016     -0.0404752       0.147867     -0.0372917     -0.0139892     -0.0490323      -0.011437     -0.0402579      0.0107998     0.00707923        12.9201      0.0732362     -0.0426879      -0.027651      0.0188041
       0.145837     -0.0470536       0.146776     -0.0417616     -0.0249704     -0.0965496    -0.00692796      -0.056088      0.0107998     0.00707923        15.8288     -0.0136716    -0.00104565     -0.0251692       0.016983
       0.145905     -0.0472386       0.146396     -0.0441269      -0.010685      -0.051092    -0.00697448     -0.0286319      0.0107998     0.00707923        13.1339       -0.11813     -0.0771714     -0.0306609      0.0137239
       0.146062     -0.0489376       0.146194     -0.0463989    -0.00543975     -0.0490747    -0.00141701     -0.0266527      0.0107998     0.00707923        12.3667     -0.0876201      -0.108504      -0.039234     0.00598764
       0.145137     -0.0569822       0.145429     -0.0510801     -0.0170685      -0.101113     0.00366716     -0.0738981      0.0107998     0.00707923        14.5883      0.0978621      0.0405144      -0.038807      0.0031538
       0.144504     -0.0568083       0.144857      -0.053639     -0.0140542     -0.0552732   -0.000256554     -0.0265155      0.0107998     0.00707923        11.3189     -0.0440356        0.11365     -0.0365645     0.00957584
       0.141378     -0.0544845       0.144207     -0.0558554     -0.0154642     -0.0478733     -0.0524245      0.0807746      0.0107998     0.00707923        10.4476      -0.265216      -0.163137     -0.0494493     0.00751352
       0.141705     -0.0575278       0.143707     -0.0583204     -0.0123427     -0.0532442    -0.00522897     -0.0103008      0.0107998     0.00707923        11.7659     -0.0522024      0.0579147     -0.0626751     0.00312948
       0.139771      -0.067122       0.142613     -0.0631963     -0.0248553      -0.105319     -0.0507249     -0.0404074      0.0107998     0.00707923        15.1448     -0.0384277      -0.225457     -0.0664514    -0.00385276
       0.140992     -0.0673866       0.141915     -0.0656746     -0.0175759     -0.0535313     0.00714747    -0.00829872      0.0107998     0.00707923        13.5566      -0.130466       0.158415     -0.0734887    -0.00664562
       0.140169     -0.0691537       0.141436     -0.0678042     -0.0120869      -0.046001     -0.0222551     -0.0180016      0.0107998     0.00707923        12.4777       0.131154      0.0133812     -0.0734593    0.000511646
        0.14043     -0.0723742       0.141019     -0.0706205     -0.0102296     -0.0608304   -0.000221149     -0.0151078      0.0107998     0.00707923        13.1954        0.19359        0.15832     -0.0599287     0.00766516
       0.139826     -0.0743558       0.140251     -0.0731122     -0.0175997     -0.0538224    0.000396001    -0.00470209      0.0107998     0.00707923        13.5067       0.131687       0.237032     -0.0463757      0.0241385
        0.13784     -0.0822983       0.139148     -0.0778255     -0.0255802      -0.101806     -0.0204448     -0.0474064      0.0107998     0.00707923        26.1841       0.133452      0.0248626     -0.0353281       0.035048
       0.139251     -0.0834613       0.138943     -0.0804841    -0.00700169     -0.0574254     0.00842538     -0.0270927      0.0107998     0.00707923        31.5722      0.0415717      0.0127295     -0.0280355      0.0366144
       0.136401     -0.0850742       0.137499     -0.0823016     -0.0318886     -0.0392582     -0.0166794     -0.0389714      0.0107998     0.00707923        29.5503       0.253236       -0.18476     -0.0157517      0.0294466
       0.134601     -0.0899557       0.135878      -0.086421      -0.038201     -0.0889804    -0.00679448     -0.0149593      0.0107998     0.00707923        39.5441      -0.326769     -0.0693986     -0.0188162       0.018858
       0.134507      -0.090485       0.134993      -0.088603     -0.0229315     -0.0471302    0.000644183     -0.0132028      0.0107998     0.00707923         29.081       -0.42362      0.0158314     -0.0500816      0.0166259
       0.133101     -0.0926893       0.134029     -0.0904876     -0.0231223     -0.0407074     -0.0115255     -0.0352053      0.0107998     0.00707923        25.4017     -0.0424726        -0.0489     -0.0694994      0.0152473
       0.132092     -0.0954242       0.133289     -0.0928474     -0.0182858     -0.0509712     -0.0168837     -0.0355512      0.0107998     0.00707923        25.6356       0.264872      -0.143223     -0.0602328      0.0072422
