       -0.10264      0.0514984       -0.10488      0.0118328        0.02688       0.475987        0.02688       0.475987   -8.04913e-05     4.6489e-07   -1.17563e-06     -0.0101228
     -0.0931052      0.0170854       -0.10488      0.0118328              0              0       0.185118        0.04598   -8.04913e-05     4.6489e-07     -0.0202457     -0.0241116
     -0.0982916      0.0112963       -0.10488      0.0118328              0              0       0.050416     -0.0466009    -0.00802817    -0.00590838     -0.0279782    -0.00782982
      -0.101318      0.0117982       -0.10488      0.0118328              0              0      0.0450832      0.0127831      -0.031902     -0.0129564      0.0123186      0.0237517
     -0.0981147      0.0139109      -0.103653      0.0130547      0.0294399      0.0293243      0.0703132     0.00169416     -0.0480482   -0.000727546      0.0351853      0.0504537
     -0.0977666       0.011277      -0.102427      0.0130547      0.0294399              0      0.0397422     -0.0291971     -0.0523347      0.0186107       0.065722      0.0821147
     -0.0934342     0.00917475        -0.1012      0.0118328      0.0294401     -0.0293243       0.132542     -0.0112608     -0.0494132      0.0321302      0.0985069      0.0852089
     -0.0906025      0.0090171     -0.0987467      0.0118328      0.0588799              0      0.0998606     -0.0401967     -0.0238469      0.0481082      0.0719104      0.0555096
     -0.0888382    -0.00064315     -0.0962933     0.00816721        0.05888     -0.0879744      0.0953467      -0.122107     -0.0140618      0.0451752      0.0391088      0.0314417
      -0.090671     0.00406775     -0.0950667     0.00816721      0.0294399              0      0.0467254     -0.0522794     -0.0129574      0.0259086      0.0237746      0.0158138
     -0.0843358     0.00383213     -0.0926133     0.00694534      0.0588802     -0.0293248       0.138866     -0.0336831    -0.00909164      0.0157883     0.00785255    -0.00469032
     -0.0822093     0.00136822       -0.09016     0.00572348        0.05888     -0.0293248       0.101089     -0.0756463     0.00546751     0.00765406     -0.0172331    -0.00732402
     -0.0779434    -0.00221343       -0.08648     0.00327974      0.0883198     -0.0586496      0.0939926     -0.0698083     -0.0040262    -0.00297536     0.00258398       0.015449
     -0.0779644    0.000675747     -0.0840267     0.00205788        0.05888     -0.0293248      0.0510332        0.01332     -0.0267819     0.00425481      0.0283146      0.0134482
     -0.0724884    -0.00544637     -0.0815733   -0.000385857        0.05888     -0.0586496       0.142636     -0.0810336     -0.0294016      0.0187335    -0.00141644      0.0007658
     -0.0718704    -0.00954695       -0.07912    -0.00282957      0.0588799     -0.0586491      0.0770755     -0.0954126    -0.00743165     0.00647389     0.00295019      0.0174613
     -0.0698238     -0.0112061     -0.0766667    -0.00649517      0.0588802     -0.0879744      0.0924599     -0.0179964    -0.00375869     0.00477027      0.0319724     0.00892353
     -0.0672421     -0.0144997     -0.0742133     -0.0089389        0.05888     -0.0586496       0.097298     -0.0845784      0.0117433      0.0185331     -0.0141257     -0.0198496
     -0.0687607     -0.0175385     -0.0729867     -0.0113826      0.0294399     -0.0586496      0.0514169     -0.0865771      0.0178193    -0.00646271     -0.0255746     -0.0168763
     -0.0666789     -0.0148945       -0.07176     -0.0126045      0.0294399     -0.0293248      0.0831934     -0.0138518      0.0147497     -0.0142471    -0.00817689      -0.010547
     -0.0615128     -0.0225313       -0.06808     -0.0162701        0.08832     -0.0879744      0.0594227     -0.0870506     0.00933657    -0.00608851     -0.0129172    -0.00340078
     -0.0614193     -0.0222594     -0.0668533      -0.017492      0.0294403     -0.0293244      0.0755004     -0.0690555     -0.0123165    -0.00514747     0.00611544      0.0252934
     -0.0585027     -0.0232105        -0.0644     -0.0199357      0.0588799     -0.0586496      0.0612564    -0.00928158     -0.0128247     0.00179003      0.0444713      0.0323496
     -0.0542428     -0.0242706     -0.0619467     -0.0211576      0.0588798     -0.0293248       0.113336     -0.0423275     -0.0116741      0.0255159      0.0202274     0.00956249
     -0.0565659     -0.0250326       -0.06072     -0.0223794      0.0294402     -0.0293248      0.0370943     -0.0278108     0.00220344      0.0164857    -0.00110286     -0.0152802
     -0.0497072     -0.0274461       -0.05704     -0.0248232        0.08832     -0.0586496      0.0992095     -0.0178099     0.00429151      0.0027902     -0.0294575     -0.0515546
      -0.048094     -0.0280819     -0.0545867      -0.026045      0.0588799     -0.0293248      0.0869809     -0.0378213      0.0171801     -0.0109339     -0.0736523     -0.0748515
     -0.0505131     -0.0272573       -0.05336     -0.0272669      0.0294402     -0.0293246      0.0241088      0.0108456      0.0223564     -0.0316649     -0.0760505     -0.0773771
     -0.0468575     -0.0231773     -0.0509067     -0.0272669      0.0588799              0       0.050304      0.0725352      0.0189563     -0.0347594     -0.0787037     -0.0903659
     -0.0441626     -0.0248003     -0.0484533     -0.0272669      0.0588803              0      0.0503892       0.011007      0.0217634     -0.0344445      -0.102028     -0.0857744
     -0.0430204     -0.0252535     -0.0472267     -0.0284887      0.0294397     -0.0293248      0.0693454      0.0705297      0.0232819     -0.0438284     -0.0695186     -0.0710166
     -0.0433155     -0.0240588         -0.046     -0.0284887      0.0294402              0      0.0215212      0.0645653      0.0233505     -0.0315956     -0.0725123     -0.0752698
     -0.0428516     -0.0275901     -0.0447733     -0.0297106      0.0294402     -0.0293248      0.0107505      0.0300596     0.00722823      -0.029274     -0.0780271     -0.0759723
      -0.044322     -0.0332391     -0.0447733     -0.0321543              0     -0.0586496    0.000506652     -0.0161302    0.000378107     -0.0329514     -0.0739167     -0.0606427
     -0.0461415     -0.0319544         -0.046     -0.0333762     -0.0294402     -0.0293248      0.0165932      0.0417787      0.0118181     -0.0302742     -0.0473684      -0.048995
     -0.0477838     -0.0335266     -0.0472267     -0.0333762     -0.0294402              0     0.00559494     -0.0301022      0.0275328      -0.016004     -0.0506225     -0.0208724
     -0.0531563     -0.0360435       -0.04968     -0.0358199     -0.0588799     -0.0586495     -0.0464013      0.0396502      0.0257295     -0.0151082     0.00887823    0.000660419
     -0.0511927     -0.0412839       -0.04968     -0.0370418              0     -0.0293248     -0.0306643     -0.0926749       0.010545      0.0101002    -0.00755806      0.0219274
     -0.0459113     -0.0419767       -0.04968     -0.0394855              0     -0.0586495      0.0907824      0.0151048     0.00242517     0.00752305      0.0514154       0.033133
     -0.0482293     -0.0459107       -0.04968     -0.0407074              0     -0.0293249    -0.00904639      -0.100613     0.00825915      0.0293794      0.0148525      0.0276728
     -0.0492573     -0.0465093     -0.0509067     -0.0431511     -0.0294401     -0.0586494       0.040321    -0.00123083      -0.017007      0.0178766      0.0404916      0.0141277
     -0.0476648     -0.0505661     -0.0509067     -0.0455949              0     -0.0586496       0.041122     -0.0749336     -0.0184814      0.0231595     -0.0122391     -0.0241737
     -0.0407761     -0.0472409     -0.0484533     -0.0455949      0.0588803              0       0.105805     -0.0234651     -0.0236271    -0.00559748     -0.0361074     -0.0405226
     -0.0440423     -0.0532511     -0.0484533     -0.0480386              0     -0.0586495      0.0498324     -0.0896203     -0.0215185     -0.0181332     -0.0449377     -0.0220926
     -0.0447264     -0.0549551     -0.0484533     -0.0504823              0     -0.0586494      0.0542864     -0.0457435     -0.0204844     -0.0212767    0.000753403      0.0169983
     -0.0423233     -0.0566846     -0.0472267      -0.052926      0.0294397     -0.0586496      0.0672819     -0.0307552    -0.00878825   -3.70744e-06      0.0332437      0.0327806
     -0.0414758     -0.0600471     -0.0472267     -0.0553698              0     -0.0586496       0.110391     -0.0525683     0.00336585      0.0181792      0.0323172      0.0238671
       -0.04473     -0.0669631     -0.0472267     -0.0590354              0     -0.0879741      0.0137424      -0.106578     0.00844345      0.0162936      0.0154166      0.0152144
     -0.0410743     -0.0758918         -0.046     -0.0651447      0.0294402      -0.146624      0.0735202      -0.118701     -0.0187676     0.00604831      0.0150118     0.00364447
     -0.0357025     -0.0755783     -0.0435467     -0.0675884      0.0588799     -0.0586497       0.101853      -0.114981     -0.0229078     0.00480889    -0.00772216    -0.00174193
     -0.0364335     -0.0744692       -0.04232     -0.0700321      0.0294402     -0.0586494      0.0642826     -0.0316036     -0.0275796    -0.00439502     0.00423861    -0.00898798
     -0.0343722      -0.076553     -0.0410933     -0.0724759      0.0294401     -0.0586495      0.0991763     -0.0507611     -0.0301928    -0.00134112     -0.0222147     -0.0312854
     -0.0331343     -0.0787656     -0.0398667     -0.0749196      0.0294397     -0.0586495      0.0941285     -0.0452778     -0.0187217     -0.0109787     -0.0403557     -0.0454225
     -0.0300863     -0.0863379     -0.0374133     -0.0798071      0.0588803      -0.117299      0.0916473     -0.0743686     -0.0113297     -0.0226084     -0.0504892     -0.0531154
     -0.0286138     -0.0831852     -0.0361867     -0.0810289      0.0294397     -0.0293248       0.120738     -0.0242555      -0.010104     -0.0271059     -0.0557419     -0.0524974
      -0.026637     -0.0852508     -0.0337333     -0.0834727      0.0588803     -0.0586495      0.0759623    -0.00954455    -0.00680759     -0.0293989     -0.0492533     -0.0504054
     -0.0238315     -0.0917896       -0.03128     -0.0871383      0.0588799     -0.0879743      0.0936187     -0.0619469     -0.0211693      -0.027104     -0.0515578     -0.0417896
     -0.0206812     -0.0888418     -0.0288267     -0.0883601      0.0588799     -0.0293248       0.106693      0.0153998     -0.0225567     -0.0269833     -0.0320212     -0.0362578
     -0.0179827     -0.0867867     -0.0263733     -0.0883601      0.0588803              0       0.112139      0.0225409     -0.0156676     -0.0180411     -0.0404945     -0.0428995
     -0.0186956     -0.0895831     -0.0251467      -0.089582      0.0294397     -0.0293248      0.0869953     0.00113919    -0.00951781      -0.021911     -0.0453042     -0.0432962
     -0.0123936     -0.0877683     -0.0214667      -0.089582        0.08832              0       0.116687       0.030785     -0.0075269     -0.0244328     -0.0412883     -0.0418631
     -0.0109376     -0.0872439     -0.0190133      -0.089582      0.0588803              0       0.104629      0.0348487    -0.00735834     -0.0238766     -0.0424377     -0.0435956
    -0.00984701     -0.0870734       -0.01656      -0.089582      0.0588799              0      0.0746758      0.0372259     -0.0077435     -0.0236595     -0.0447534      -0.046643
    -0.00658311     -0.0840277     -0.0141067     -0.0883601      0.0588799      0.0293248       0.105605      0.0588877    -0.00884142     -0.0239889     -0.0485324     -0.0502417
    -0.00460407     -0.0815412       -0.01288     -0.0871383      0.0294401      0.0293248       0.137942      0.0817244    -0.00117293     -0.0261631     -0.0519509      -0.059293
     0.00259792     -0.0785349    -0.00797335     -0.0846945        0.11776      0.0586497       0.112032      0.0649857    -0.00476422     -0.0293149     -0.0666353     -0.0594311
    0.000998307     -0.0779307    -0.00674667     -0.0822508      0.0294402      0.0586494        0.10309      0.0276878     -0.0325395     -0.0349231     -0.0522266      -0.019547
     0.00822662     -0.0770258    -0.00306667     -0.0810289        0.08832      0.0293248       0.147083      0.0635291     -0.0370884     -0.0270302       0.013134      0.0321169
      0.0186786     -0.0676611     0.00306665     -0.0761415         0.1472       0.117299       0.195775       0.113562     -0.0422902     0.00466179      0.0511007      0.0548353
      0.0192553     -0.0716446     0.00674665     -0.0749196        0.08832      0.0293249       0.148204      0.0385848     -0.0428804       0.025663      0.0585709      0.0564137
      0.0202429     -0.0724184         0.0092     -0.0736977      0.0588803      0.0293248       0.156314      0.0146711     -0.0372266       0.027688      0.0542569      0.0461974
       0.023543     -0.0721345        0.01288     -0.0724759        0.08832      0.0293248       0.131163    -0.00349375      -0.013271      0.0235256      0.0381389      0.0318689
      0.0247482     -0.0667475      0.0153333     -0.0700321      0.0588799      0.0586495       0.136122      0.0484575    -0.00549712      0.0147349      0.0255995     0.00831461
       0.035592     -0.0641642      0.0226933     -0.0675884        0.17664      0.0586494       0.137827      0.0290338     0.00577245     0.00846194    -0.00897159     -0.0145635
      0.0333034     -0.0634259      0.0251467     -0.0663666      0.0588799      0.0293248       0.109603      0.0370631      0.0023416     -0.0079558      -0.020156     -0.0248088
      0.0391079     -0.0581813      0.0300533     -0.0639228        0.11776      0.0586497       0.102219      0.0783328       0.013497     -0.0143576     -0.0294617     -0.0385467
      0.0410886     -0.0580617      0.0337333      -0.062701        0.08832      0.0293248      0.0886509      0.0563372      0.0181432     -0.0176404     -0.0476317     -0.0514094
      0.0503893     -0.0509865      0.0398667     -0.0590354         0.1472      0.0879741       0.130696      0.0994868      0.0279351     -0.0279037     -0.0551877     -0.0548214
      0.0504069     -0.0490633      0.0435467     -0.0565916        0.08832      0.0586496      0.0733214      0.0943202      0.0327008     -0.0309777     -0.0544547     -0.0505608
      0.0503627     -0.0489207          0.046     -0.0553698      0.0588803      0.0293245      0.0509044      0.0920069      0.0315418     -0.0309451     -0.0466663     -0.0495824
       0.061186     -0.0400636      0.0521333     -0.0504823         0.1472       0.117299       0.107277       0.125763      0.0316473      -0.027329     -0.0524985     -0.0495376
      0.0606074     -0.0403523      0.0545867     -0.0480386      0.0588799      0.0586494      0.0793117      0.0921059      0.0310918     -0.0285807      -0.046577     -0.0378746
      0.0616765     -0.0386718        0.05704     -0.0455949      0.0588799      0.0586495      0.0492156      0.0868513      0.0276148      -0.027292     -0.0291716     -0.0198415
      0.0651373      -0.037402      0.0594933     -0.0431511      0.0588803      0.0586496      0.0766177      0.0653287      0.0113766     -0.0162516     -0.0105113     0.00349283
      0.0767271     -0.0261832      0.0656267     -0.0370418         0.1472       0.146624       0.131455       0.138534     0.00452647    -0.00669779      0.0174966       0.021791
       0.076087     -0.0284515        0.06808     -0.0345981      0.0588799      0.0586496      0.0984299      0.0718994    -0.00705674     0.00666403      0.0260859      0.0287042
      0.0771338     -0.0287225      0.0705333     -0.0321543      0.0588804      0.0586494      0.0726823       0.028268      -0.012434      0.0112067       0.031323      0.0413642
      0.0815612     -0.0259882      0.0729867     -0.0297106      0.0588799      0.0586496       0.131378       0.052167     -0.0126181      0.0129206      0.0514054      0.0488405
      0.0834394     -0.0240956        0.07544     -0.0272669      0.0588799      0.0586496       0.100757      0.0334793    -0.00156322      0.0221919      0.0462742      0.0417991
      0.0872658     -0.0166553        0.07912     -0.0223794        0.08832       0.117299      0.0877616      0.0570588     -0.0112053      0.0202285       0.037324      0.0381193
      0.0893684     -0.0159743      0.0815733     -0.0199357      0.0588804      0.0586496       0.105024      0.0481235     -0.0158274       0.016105      0.0389152      0.0343046
      0.0913972     -0.0146164      0.0840267      -0.017492      0.0588799      0.0586496      0.0938903      0.0233698    -0.00522425      0.0162505      0.0296941      0.0312839
      0.0987231     -0.0087253      0.0889333     -0.0138264        0.11776       0.087974        0.11638      0.0624778    0.000354265       0.012843      0.0328741      0.0289383
      0.0985406    -0.00971545      0.0913866     -0.0126045      0.0588795      0.0293248      0.0920421      0.0387097     0.00469026      0.0130455      0.0250025      0.0143013
      0.0993529    -0.00939971        0.09384     -0.0113826      0.0588802      0.0293248      0.0632422      0.0196589      0.0126159      0.0103785     0.00359917    -0.00383913
      0.0978628    -0.00773733      0.0950666     -0.0101608      0.0294397      0.0293248      0.0302023      0.0304702      0.0176302    -0.00259711     -0.0112772     -0.0184426
       0.101757     -0.0060718        0.09752     -0.0089389      0.0588802      0.0293248      0.0573247      0.0336841      0.0238665    -0.00961233     -0.0256079     -0.0290467
        0.10662     0.00171376         0.1012     -0.0052733      0.0883201      0.0879744       0.058171      0.0868804       0.030548     -0.0164315     -0.0324857     -0.0342973
       0.104583    0.000868876       0.102427    -0.00405144      0.0294396      0.0293248      0.0214714      0.0622552      0.0298817     -0.0196223     -0.0361085     -0.0360724
       0.105043     0.00423896       0.103653    -0.00160772      0.0294406      0.0586491      0.0142358      0.0701785      0.0296873     -0.0210191     -0.0360357     -0.0313993
       0.106407     0.00474223        0.10488   -0.000385857      0.0294397      0.0293248       0.020089      0.0729311      0.0300946     -0.0211582      -0.026763     -0.0289301
       0.110545     0.00766762       0.107333     0.00205788      0.0588802      0.0586496      0.0363161      0.0634529      0.0304817     -0.0163723     -0.0310968     -0.0257876
        0.10821      0.0103909       0.107333     0.00450161              0      0.0586496      0.0142803      0.0738043      0.0268594     -0.0168671     -0.0204791     -0.0153718
       0.107484     0.00950448       0.107333     0.00572348              0      0.0293248    -0.00134558      0.0440582      0.0206588     -0.0131897     -0.0102644    -0.00252675
       0.109858      0.0153806        0.10856     0.00938908      0.0294397      0.0879744     0.00543908       0.067675       0.011024    -0.00773073     0.00521088      0.0160394
       0.113472      0.0169538       0.109787      0.0118328      0.0294397      0.0586496      0.0612197      0.0664352     0.00572476   -8.13127e-05      0.0268679      0.0300565
       0.111225      0.0153586       0.109787      0.0130547              0      0.0293243      0.0121514       0.023836      0.0112149      0.0104785       0.033246      0.0352201
       0.110743      0.0184306       0.109787      0.0154984              0      0.0586496      0.0128396      0.0320461     0.00551329      0.0141314      0.0371943      0.0370588
       0.110452      0.0211265       0.109787      0.0179421              0      0.0586496     0.00658468      0.0362136     0.00619194      0.0155879      0.0369225      0.0335989
       0.109386      0.0227685       0.109787       0.019164              0      0.0293248    -0.00962242      0.0571832     0.00802777      0.0157003      0.0302749      0.0220828
       0.109805       0.022955       0.109787      0.0203859              0      0.0293248    -0.00478409      0.0167843      0.0145179       0.013064      0.0138898      0.0116115
       0.110047      0.0235215       0.109787      0.0216077              0      0.0293248      0.0062878      0.0241967      0.0174138      0.0049523     0.00933266     0.00543833
        0.10667      0.0246572        0.10856      0.0228296     -0.0294397      0.0293248     -0.0240872      0.0177283      0.0230059     0.00196182     0.00154352    0.000930309
       0.104377      0.0258813       0.107333      0.0240515     -0.0294397      0.0293248     -0.0367804      0.0182946      0.0274323    -0.00188125    0.000317097     0.00287962
        0.10307       0.027512       0.106107      0.0252733     -0.0294405      0.0293248     -0.0338264      0.0284129      0.0299635    -0.00211443     0.00544214     0.00602007
       0.101746      0.0255716        0.10488      0.0252733     -0.0294397              0     -0.0382703    0.000609706       0.030163    -0.00057615       0.006598      0.0089879
      0.0969903      0.0248808       0.102427      0.0252733     -0.0588804              0     -0.0746344    -0.00700679      0.0265306    0.000413763      0.0113773      0.0142517
      0.0974485      0.0247305         0.1012      0.0252733     -0.0294396              0     -0.0461433    -0.00685446      0.0199604     0.00268577      0.0171256      0.0180664
      0.0974382      0.0246251      0.0999733      0.0252733     -0.0294397              0     -0.0243068    -0.00832522      0.0199805     0.00568234      0.0190072       0.018095
      0.0963103      0.0242337      0.0987466      0.0252733     -0.0294406              0     -0.0292228     -0.0172854      0.0213203     0.00673555      0.0171828      0.0183387
       0.092536      0.0242312      0.0962933      0.0252733     -0.0588793              0      -0.041464     -0.0146878      0.0169466     0.00648402       0.019495      0.0200963
      0.0868903      0.0233611      0.0926133      0.0252733     -0.0883201              0     -0.0676741     -0.0357934       0.011772     0.00654124      0.0206976      0.0301175
      0.0858893      0.0208266        0.09016      0.0240515     -0.0588802     -0.0293248     -0.0494114     -0.0374942     0.00485883     0.00695251       0.039537      0.0426002
      0.0866401      0.0219745      0.0889333      0.0240515     -0.0294397              0     -0.0301263     -0.0266795    0.000168299      0.0159416      0.0456634      0.0440655
      0.0832842      0.0187332        0.08648      0.0228296     -0.0588802     -0.0293248     -0.0351422     -0.0569497    -0.00109282      0.0198501      0.0424671      0.0423021
      0.0779024      0.0176422         0.0828      0.0216077     -0.0883201     -0.0293248     -0.0502535     -0.0455712     0.00488303      0.0186618      0.0421376      0.0349269
      0.0788791      0.0160117      0.0815733      0.0203859     -0.0294396     -0.0293248     -0.0330847     -0.0608505      0.0112351      0.0180197      0.0277171      0.0243053
      0.0781106      0.0145862      0.0803467       0.019164     -0.0294403     -0.0293248     -0.0262403     -0.0643685      0.0119595      0.0111167      0.0208931      0.0232005
      0.0723171      0.0169409      0.0766667       0.019164       -0.08832              0     -0.0355271     -0.0279412      0.0135958     0.00722252      0.0255084       0.025928
      0.0721637      0.0140444        0.07544      0.0179421     -0.0294401     -0.0293248     -0.0514335     -0.0570795      0.0163978     0.00854384      0.0263481      0.0322986
      0.0720998      0.0159257      0.0742133      0.0179421     -0.0294397              0     -0.0215069     -0.0224189     0.00691459     0.00958275       0.038249      0.0376682
      0.0711709       0.013516      0.0729867      0.0167203     -0.0294401     -0.0293248     -0.0216888     -0.0386369     0.00854215      0.0169991       0.037087      0.0317659
       0.070517      0.0145821        0.07176      0.0167203     -0.0294403              0    -0.00621755     -0.0309942      0.0103847      0.0174122      0.0264444       0.022584
      0.0652167     0.00899143      0.0693067      0.0142765     -0.0588799     -0.0586496      -0.057752     -0.0695495      0.0144343      0.0122868      0.0187235      0.0177898
      0.0622019      0.0125221      0.0668533      0.0142765     -0.0588799              0     -0.0551398     -0.0168687      0.0131988     0.00780748      0.0168567     0.00995827
      0.0626839      0.0126235      0.0656267      0.0142765     -0.0294401              0     -0.0319959       -0.03198      0.0181229     0.00685631     0.00306034     0.00670052
      0.0633467     0.00981463         0.0644      0.0130547     -0.0294401     -0.0293248     0.00899271     -0.0456786      0.0244856    0.000751126      0.0103407      0.0189023
      0.0539028       0.011325        0.06072      0.0130547       -0.08832              0      -0.104982     -0.0227077      0.0234408     0.00449406      0.0274644      0.0338335
      0.0556153      0.0120327      0.0594933      0.0130547     -0.0294397              0     -0.0470138     -0.0082316     0.00295184      0.0137328      0.0402026      0.0376992
      0.0556969      0.0116234      0.0582667      0.0130547     -0.0294402              0     -0.0295199     -0.0210397     0.00558517      0.0203656      0.0351954      0.0315876
      0.0549174      0.0112634        0.05704      0.0130547     -0.0294401              0     -0.0202329     -0.0277476       0.013071      0.0189584      0.0279794      0.0264287
      0.0479527      0.0089177        0.05336      0.0118328       -0.08832     -0.0293243     -0.0582531     -0.0333885      0.0189478      0.0146061      0.0248775      0.0187278
      0.0487758      0.0127324      0.0521333      0.0130547     -0.0294397      0.0293243     -0.0425059     -0.0135387      0.0189425       0.012796       0.012578      0.0134215
      0.0489162      0.0117247      0.0509067      0.0130547     -0.0294402              0     -0.0175598     -0.0240913      0.0100709     0.00647174      0.0142655      0.0206046
      0.0453322      0.0114889      0.0484533      0.0130547     -0.0588799              0     -0.0349934     -0.0245826     0.00560722     0.00718163      0.0269432      0.0349469
      0.0534143      0.0127899      0.0484533      0.0142765              0      0.0293248      0.0649818     -0.0245685   -0.000704075      0.0113927      0.0429511      0.0514393
      0.0549048      0.0146398      0.0472267      0.0142765     -0.0294402              0      0.0978993      0.0298293    -0.00937309      0.0218832      0.0599275      0.0448432
       0.058402      0.0177254      0.0472267      0.0142765              0              0       0.136051      0.0170925      -0.014638      0.0300789      0.0297608      0.0319872
      0.0541988      0.0112685          0.046      0.0142765     -0.0294397              0       0.100612     -0.0319048     -0.0201501      0.0295327      0.0342145      0.0285416
      0.0475072      0.0141702      0.0447733      0.0142765     -0.0294402              0      0.0361705    -0.00525861     -0.0212715      0.0235073      0.0228682       0.017817
      0.0474695      0.0165998      0.0447733      0.0154984              0      0.0293248      0.0419886      0.0123524      -0.013992      0.0205129      0.0127659     0.00701284
      0.0463294      0.0156214      0.0447733      0.0154984              0              0      0.0181941       0.001167    -0.00227084      0.0149621     0.00125933    -0.00432481
      0.0459724      0.0159719      0.0447733      0.0154984              0              0      0.0213878     0.00951811      0.0055984     0.00917767     -0.0099089     -0.0175575
      0.0456778      0.0156631      0.0447733      0.0154984              0              0      0.0168172    -0.00395673      0.0132619     0.00395607     -0.0252061     -0.0242578
      0.0451502      0.0153007      0.0447733      0.0154984              0              0     0.00551444     -0.0105329      0.0180375    -0.00291194     -0.0233096     -0.0119431
      0.0452253      0.0161893      0.0447733      0.0154984              0              0     0.00846206       0.016282      0.0156615    -0.00476302   -0.000576605     0.00359106
      0.0450978      0.0184014      0.0447733      0.0167203              0      0.0293248     0.00114711      0.0159605      0.0106588     0.00626122     0.00775862      0.0146251
      0.0452974       0.017044      0.0447733      0.0167203              0              0     0.00593502     0.00745972      0.0042623       0.011767      0.0214915      0.0222588
      0.0456199      0.0164622      0.0447733      0.0167203              0              0      0.0124269    -0.00193244       0.001479       0.016817       0.023026      0.0197349
      0.0458832      0.0184671      0.0447733      0.0179421              0      0.0293248      0.0181801    -0.00207723     0.00228009      0.0198647      0.0164433      0.0186043
      0.0431538      0.0170314      0.0435467      0.0179421     -0.0294401              0     0.00237844     -0.0158157     0.00463567      0.0179686      0.0207653      0.0246515
      0.0443046      0.0166226      0.0435467      0.0179421              0              0      0.0123005     -0.0198092      0.0057914      0.0177047      0.0285378      0.0322094
      0.0473815      0.0139223      0.0435467      0.0179421              0              0      0.0450191     -0.0558598      0.0025563      0.0215928       0.035881      0.0416417
      0.0453775      0.0144972      0.0435467      0.0179421              0              0      0.0284924     -0.0465126    -0.00224342       0.025624      0.0474024      0.0517325
       0.045747      0.0153543      0.0435467      0.0179421              0              0      0.0261683     -0.0371869    -0.00356772      0.0305616      0.0560632      0.0586071
      0.0453739       0.015264      0.0435467      0.0179421              0              0       0.027583     -0.0363111     -0.0036495      0.0354292       0.061151      0.0596776
       0.045046      0.0123627      0.0435467      0.0167203              0     -0.0293248      0.0206913     -0.0559741    -0.00249734      0.0382969      0.0582037      0.0525241
      0.0442813      0.0106544      0.0435467      0.0154984              0     -0.0293248     0.00547021     -0.0640516   -0.000119473       0.038125       0.046845      0.0402479
      0.0450735     0.00544293      0.0435467      0.0130547              0     -0.0586496       0.031863      -0.110884     0.00231573      0.0324677      0.0336509      0.0401621
      0.0444884      0.0104741      0.0435467      0.0130547              0              0      0.0109268     -0.0175104     0.00979349      0.0255382      0.0466723      0.0354476
      0.0431943     0.00882136      0.0435467      0.0118328              0     -0.0293243     -0.0155738     -0.0361701      0.0103967      0.0269517      0.0242229     0.00971699
      0.0437619     0.00648539      0.0435467      0.0106109              0     -0.0293248     0.00817951     -0.0650008     0.00710556      0.0238547    -0.00478866    -0.00488713
      0.0436172      0.0034732      0.0435467     0.00816721              0     -0.0586496     0.00179874     -0.0534138      0.0122202     0.00840269    -0.00498573    -0.00708519
      0.0405386     0.00370361        0.04232     0.00694534     -0.0294397     -0.0293248       -0.01788      -0.043533      0.0200659     0.00360023    -0.00918465    -0.00591746
      0.0419464     0.00283626        0.04232     0.00572348              0     -0.0293248    0.000157076     -0.0376083      0.0219612     0.00337731    -0.00265094     0.00364256
        0.03789     0.00373874      0.0410933     0.00572348     -0.0294401              0     -0.0555971     -0.0357883      0.0204698     0.00468229     0.00993586      0.0256724
      0.0410202     -0.0017271      0.0410933     0.00327974              0     -0.0586496      0.0142742     -0.0604774      0.0131085     0.00996135      0.0414085        0.05233
      0.0380941    -0.00126727      0.0398667     0.00205788     -0.0294402     -0.0293248     -0.0259131     -0.0260661      0.0144479      0.0232719       0.063252      0.0537863
      0.0392028    -0.00583435      0.0398667   -0.000385857              0     -0.0586496     -0.0108596     -0.0660853      0.0134185      0.0364541      0.0443206      0.0296221
      0.0420313    -0.00384213        0.03864    -0.00160772     -0.0294397     -0.0293248       0.102863    -0.00529086     0.00900409      0.0300909      0.0149236    -0.00202556
      0.0484248     -0.0084194        0.03864    -0.00405144              0     -0.0586491        0.10329      -0.080474     0.00964484      0.0137963     -0.0189743    -0.00891263
      0.0411459     -0.0106027      0.0374133     -0.0052733     -0.0294402     -0.0293248      0.0636511     -0.0180827   -0.000676895    -0.00240482     0.00114727     -0.0111567
      0.0446058    -0.00994905      0.0374133    -0.00649517              0     -0.0293248      0.0919278     -0.0683647     0.00164947     0.00573539     -0.0234619    -0.00891771
      0.0468776      -0.016725      0.0374133    -0.00771704              0     -0.0293248       0.118329     -0.0916892     0.00222585      0.0037763     0.00562859     0.00477505
       0.047893     -0.0121802      0.0374133     -0.0101608              0     -0.0586496       0.126187     -0.0236285   -0.000883127     0.00619386     0.00391912     0.00194693
      0.0450911     -0.0157608      0.0361867     -0.0138264     -0.0294401     -0.0879744       0.117086     -0.0204437    -0.00546816      0.0130678   -2.61738e-05    -0.00445747
      0.0477666     -0.0169066      0.0374133     -0.0150482      0.0294401     -0.0293248       0.130844     -0.0267494    -0.00508454      0.0103272    -0.00888932    -0.00838293
       0.048453       -0.01972      0.0374133     -0.0162701              0     -0.0293248       0.134641     -0.0402149    -0.00547686       0.005486    -0.00787658     -0.0075091
      0.0462998     -0.0239861      0.0374133     -0.0199357              0      -0.087974       0.118011     -0.0474161    -0.00717774     0.00413834    -0.00714162    -0.00697982
      0.0495363     -0.0252663        0.03864     -0.0211576      0.0294402     -0.0293248       0.140561     -0.0501986    -0.00741627     0.00464939    -0.00681799    -0.00512569
      0.0521494     -0.0255092      0.0398667     -0.0223794      0.0294397     -0.0293248       0.143618     -0.0267803    -0.00750497     0.00487851    -0.00343331      -0.010925
      0.0456422     -0.0250839      0.0398667     -0.0248232              0     -0.0586496       0.079578    -0.00895815     -0.0121546     0.00653921     -0.0184164     -0.0251547
       0.048647     -0.0300062        0.04232     -0.0272669      0.0588803     -0.0586494      0.0732459     -0.0292055    -0.00819197    0.000957715     -0.0318931     -0.0378975
      0.0486839     -0.0296208      0.0435467     -0.0284887      0.0294397     -0.0293248      0.0693442    -0.00921509    -0.00777938    -0.00663258     -0.0439019     -0.0481559
      0.0499532     -0.0298926      0.0447733     -0.0297106      0.0294401     -0.0293248      0.0751666     0.00487235    -0.00340762     -0.0126722     -0.0524099     -0.0563586
      0.0504287     -0.0308252          0.046     -0.0309325      0.0294402     -0.0293248       0.055802     0.00559819     0.00232289     -0.0171718     -0.0603073     -0.0605037
      0.0510208      -0.034161      0.0472267     -0.0333762      0.0294397     -0.0586495      0.0446423     0.00332487     0.00193784     -0.0209781     -0.0607003     -0.0643054
      0.0558007     -0.0370743        0.04968     -0.0358199      0.0588804     -0.0586495      0.0830768    -0.00852187    -0.00152733     -0.0223528     -0.0679106     -0.0688351
      0.0556907     -0.0337692      0.0509067     -0.0358199      0.0294397              0      0.0610387      0.0318644   -0.000104333     -0.0252119     -0.0697594     -0.0682418
      0.0559115     -0.0356838      0.0521333     -0.0370418      0.0294402     -0.0293248       0.042532      0.0240998   -0.000503088     -0.0265312     -0.0667243     -0.0634623
      0.0600454     -0.0406153      0.0545867     -0.0394855      0.0588799     -0.0586495      0.0691922     -0.0115847    -0.00166216     -0.0264024     -0.0602006     -0.0511195
      0.0567091     -0.0367237      0.0545867     -0.0394855              0              0       0.026141      0.0546628    0.000848388     -0.0237373     -0.0420381      -0.046298
      0.0583061     -0.0402033      0.0558133     -0.0407074      0.0294401     -0.0293249      0.0298712     0.00293427     0.00681922     -0.0161902     -0.0505584     -0.0457042
      0.0566428     -0.0377607      0.0558133     -0.0407074              0              0      0.0135232       0.056416      0.0144258      -0.016002     -0.0408498     -0.0492619
       0.058668     -0.0410325        0.05704     -0.0419293      0.0294397     -0.0293246      0.0183751      0.0111352      0.0202415     -0.0137829     -0.0576735     -0.0592699
      0.0577462      -0.039826        0.05704     -0.0419293              0              0      0.0162751      0.0301064      0.0215999     -0.0199943     -0.0608661     -0.0593931
      0.0599028     -0.0396102      0.0582667     -0.0419293      0.0294401              0       0.015953      0.0299683      0.0216986     -0.0226064     -0.0579204     -0.0510381
      0.0589695     -0.0366059      0.0582667     -0.0407074              0      0.0293246      0.0107163      0.0542942      0.0167438     -0.0224384     -0.0441554     -0.0361561
      0.0594429     -0.0379815      0.0582667     -0.0407074              0              0       0.020193      0.0393831     0.00990078     -0.0172477     -0.0281569     -0.0225189
       0.062825     -0.0357963      0.0594933     -0.0394855      0.0294402      0.0293249      0.0441116      0.0500077     0.00267038    -0.00687994     -0.0168811     -0.0142732
      0.0615231     -0.0346261      0.0594933     -0.0382637              0      0.0293248      0.0219347      0.0481492    -0.00561812    -0.00142087     -0.0116655     -0.0116025
      0.0619774     -0.0368255      0.0594933     -0.0382637              0              0      0.0380554      0.0170252     -0.0126488    0.000884044     -0.0115398    -0.00972537
      0.0651339     -0.0340288        0.06072     -0.0370418      0.0294397      0.0293248      0.0599957        0.04369     -0.0134566     0.00159179    -0.00791095      -0.011828
      0.0667602     -0.0327925      0.0619467     -0.0358199      0.0294402      0.0293248      0.0638563      0.0356474     -0.0114013     0.00232207     -0.0157449     -0.0169721
      0.0680658     -0.0345899      0.0631733     -0.0358199      0.0294401              0      0.0656186      0.0141381    -0.00994733     0.00134419     -0.0181992     -0.0164966
      0.0661237     -0.0343131      0.0631733     -0.0358199              0              0      0.0400798       0.027243    -0.00789192    -0.00123883     -0.0147943     -0.0193328
       0.071383     -0.0347263      0.0656267     -0.0358199      0.0588799              0      0.0737105      0.0126413    -0.00680103   -0.000725639     -0.0238711     -0.0248453
      0.0719344     -0.0347347      0.0668533     -0.0358199      0.0294401              0      0.0700239      0.0150422    -0.00504198    -0.00373412     -0.0258195     -0.0252936
      0.0723875     -0.0346403        0.06808     -0.0358199      0.0294397              0      0.0526509      0.0166601    -0.00278022    -0.00524355     -0.0247677     -0.0232425
      0.0729677     -0.0343937      0.0693067     -0.0358199      0.0294401              0      0.0423245      0.0225821    -0.00226548    -0.00526406     -0.0217174     -0.0221432
      0.0741458     -0.0317801      0.0705333     -0.0345981      0.0294403      0.0293249        0.04684      0.0335418    -0.00217011    -0.00465466      -0.022569     -0.0197052
      0.0785732     -0.0324869      0.0729867     -0.0345981      0.0588799              0      0.0761549      0.0350055     0.00488624    -0.00433971     -0.0168417     -0.0204134
      0.0773482     -0.0357343      0.0742133     -0.0358199      0.0294401     -0.0293249      0.0308243     0.00680399      0.0115419    -0.00184847     -0.0239852     -0.0295086
      0.0788492     -0.0347748        0.07544     -0.0358199      0.0294397              0      0.0517118      0.0142774      0.0112266    -0.00373412      -0.035032     -0.0377657
      0.0789803     -0.0342964      0.0766667     -0.0358199      0.0294401              0      0.0196874      0.0216545      0.0132583    -0.00890495     -0.0404991       -0.04083
      0.0830313     -0.0368685        0.07912     -0.0370418      0.0588799     -0.0293248      0.0461054     0.00669248      0.0124931     -0.0130035     -0.0411606     -0.0402199
      0.0830632     -0.0354327      0.0803467     -0.0370418      0.0294401              0      0.0326502      0.0248578      0.0121861     -0.0138053      -0.039279     -0.0381728
      0.0839759     -0.0347529      0.0815733     -0.0370418      0.0294403              0      0.0308129      0.0365647      0.0165105     -0.0134719     -0.0370663     -0.0393174
      0.0848953     -0.0377591         0.0828     -0.0382637      0.0294396     -0.0293248      0.0241826      0.0109118      0.0189868     -0.0125557     -0.0415685     -0.0428412
      0.0827314      -0.036402         0.0828     -0.0382637              0              0     -0.0057959       0.029161      0.0187518     -0.0134781     -0.0441134     -0.0456394
      0.0826331     -0.0360286         0.0828     -0.0382637              0              0    0.000413014      0.0318566      0.0172688     -0.0150039     -0.0471653     -0.0472234
      0.0825734     -0.0358262         0.0828     -0.0382637              0              0    -0.00292618      0.0356176       0.017003     -0.0165544     -0.0472816      -0.046967
      0.0834331     -0.0360381         0.0828     -0.0382637              0              0      0.0173037      0.0295307      0.0166212     -0.0171863     -0.0466525     -0.0432822
      0.0827194     -0.0365378         0.0828     -0.0382637              0              0    -0.00984276      0.0206619      0.0131783     -0.0171496     -0.0399118     -0.0311919
       0.083323     -0.0356877         0.0828     -0.0382637              0              0     0.00919355      0.0467907     0.00177727     -0.0146315     -0.0224725     -0.0249865
      0.0843252     -0.0332653         0.0828     -0.0370418              0      0.0293248      0.0268932      0.0489742   -5.49805e-05    -0.00598408     -0.0275008     -0.0298222
      0.0840039     -0.0346526         0.0828     -0.0370418              0              0      0.0123409      0.0346454   -3.60262e-05    -0.00661625     -0.0321436     -0.0355634
      0.0840838      -0.034816         0.0828     -0.0370418              0              0      0.0175189      0.0329267    -0.00219729    -0.00978018     -0.0389832     -0.0428143
      0.0852815     -0.0335346         0.0828     -0.0358199              0      0.0293248      0.0463404      0.0118726    -0.00375512     -0.0130201     -0.0466453       -0.03114
      0.0814402     -0.0346099      0.0815733     -0.0358199     -0.0294396              0    -0.00492218      0.0170138   -0.000263001     -0.0173743     -0.0156343   -0.000254345
      0.0820457     -0.0313936      0.0815733     -0.0345981              0      0.0293249     0.00161796      0.0509831    -0.00623157    -0.00377513      0.0151258      0.0171375
      0.0834803     -0.0307363      0.0815733     -0.0333762              0      0.0293246      0.0361428       0.032267    -0.00747755      0.0126588      0.0191512      0.0183983
      0.0832833     -0.0359719      0.0815733     -0.0345981              0     -0.0293246      0.0237986     -0.0160678    0.000396584       0.014745      0.0176458      0.0141487
      0.0829748     -0.0356731      0.0815733     -0.0345981              0              0      0.0197821     -0.0170775     0.00376818      0.0142726      0.0106516     0.00953865
      0.0828588     -0.0382692      0.0815733     -0.0358199              0     -0.0293249      0.0183393      -0.030214     0.00337253      0.0115278     0.00842571     0.00694275
      0.0826055     -0.0368666      0.0815733     -0.0358199              0              0      0.0130106     -0.0144482     0.00321755     0.00919818     0.00545979     0.00497293
      0.0826527     -0.0361775      0.0815733     -0.0358199              0              0      0.0168624    -0.00309481     0.00334177     0.00801002     0.00448608      0.0023737
      0.0818376     -0.0385864      0.0815733     -0.0370418              0     -0.0293248    -0.00252824     -0.0146535     0.00631616     0.00736569    0.000261784    -0.00538899
      0.0787987     -0.0398689      0.0803467     -0.0382637     -0.0294403     -0.0293248     -0.0166208     -0.0154039     0.00831745     0.00589489     -0.0110391     -0.0185559
      0.0801937     -0.0439193      0.0803467     -0.0407074              0     -0.0586496     0.00407029       -0.03669      0.0149594     0.00120519     -0.0260726     -0.0318982
       0.080514     -0.0351583        0.07912     -0.0407074     -0.0294401              0       0.062896       0.133178      0.0221419    -0.00602103     -0.0377238     -0.0566345
      0.0800112     -0.0394495        0.07912     -0.0419293              0     -0.0293246      -0.014331    -0.00606051      0.0228711     -0.0138176     -0.0755448     -0.0777782
      0.0761917      -0.043391      0.0778933     -0.0431511     -0.0294397     -0.0293248     -0.0182257   -0.000973194      0.0137645     -0.0314032     -0.0800116     -0.0773798
      0.0773374     -0.0408433      0.0778933     -0.0431511              0              0    -0.00672306      0.0351475      0.0142008     -0.0351155     -0.0747475     -0.0697882
       0.078555     -0.0399471      0.0778933     -0.0431511              0              0       0.018351      0.0460477      0.0146066     -0.0318427     -0.0648286     -0.0588776
      0.0784786     -0.0428299      0.0778933      -0.044373              0     -0.0293248     0.00633738      0.0269014      0.0151436     -0.0268933     -0.0529262     -0.0476051
      0.0759199     -0.0421524      0.0766667      -0.044373     -0.0294401              0    -0.00560414      0.0317109     0.00997028     -0.0212767      -0.042284     -0.0360803
       0.077233     -0.0425056      0.0766667      -0.044373              0              0     0.00522912      0.0252174     0.00084505     -0.0144496     -0.0298767     -0.0222271
      0.0783386     -0.0421648      0.0766667      -0.044373              0              0      0.0272578      0.0391695    -0.00445726    -0.00832595     -0.0145774      -0.016366
      0.0790031     -0.0429765      0.0766667      -0.044373              0              0      0.0366181      0.0173631     -0.0045084   -0.000880969     -0.0181546     -0.0181658
      0.0787802     -0.0407855      0.0766667     -0.0431511              0      0.0293248      0.0276779       0.025765    -0.00414386    0.000832784     -0.0181771     -0.0134435
      0.0816263       -0.04207      0.0778933     -0.0431511      0.0294401              0      0.0478939      0.0145926    -0.00506046   -0.000521076    -0.00871019    -0.00424662
      0.0832124      -0.042011        0.07912     -0.0431511      0.0294397              0       0.052113      0.0218128    -0.00579205     0.00165914    0.000216961     -0.0026384
      0.0813017     -0.0392183        0.07912     -0.0419293              0      0.0293248      0.0285237      0.0368831    -0.00256708     0.00755166    -0.00549402     -0.0114277
      0.0832978     -0.0375629      0.0803467     -0.0407074      0.0294401      0.0293246      0.0365797      0.0402912     0.00363014     0.00590335     -0.0173613     -0.0231744
      0.0847301      -0.038569      0.0815733     -0.0407074      0.0294403              0      0.0434888      0.0325124      0.0107068   -0.000398409     -0.0289875     -0.0371276
      0.0822437     -0.0356087      0.0815733     -0.0394855              0      0.0293249     0.00522135      0.0519191       0.017891    -0.00649132     -0.0452677     -0.0522752
      0.0816415     -0.0369732      0.0815733     -0.0394855              0              0     0.00352302      0.0296796      0.0212283     -0.0136497     -0.0592829     -0.0586618
      0.0812089     -0.0340649      0.0815733     -0.0382637              0      0.0293248    -0.00548622      0.0544206      0.0233465     -0.0210804     -0.0580397     -0.0536605
       0.080514     -0.0320732      0.0815733     -0.0370418              0      0.0293248     -0.0201231      0.0672009      0.0243168     -0.0227944     -0.0492816     -0.0450417
      0.0813494     -0.0306136      0.0815733     -0.0358199              0      0.0293248     0.00483324       0.071487      0.0231064     -0.0182068     -0.0408018     -0.0394964
      0.0785715     -0.0329523      0.0803467     -0.0358199     -0.0294403              0     -0.0197202      0.0366596      0.0247564     -0.0134822     -0.0381907     -0.0341548
      0.0795442     -0.0305464      0.0803467     -0.0345981              0      0.0293249     -0.0136554      0.0561244      0.0231591     -0.0113653     -0.0301195     -0.0288233
      0.0777403     -0.0295718        0.07912     -0.0333762     -0.0294401      0.0293246     -0.0116782      0.0459307      0.0157113    -0.00867976     -0.0275271     -0.0230018
      0.0765926     -0.0315058      0.0778933     -0.0333762     -0.0294397              0     -0.0128213      0.0250899      0.0109504    -0.00607003     -0.0184767     -0.0139671
      0.0783339     -0.0288251      0.0778933     -0.0321543              0      0.0293248      0.0055084      0.0478365     0.00540111    -0.00176657    -0.00945758     -0.0108812
      0.0764756     -0.0307582      0.0766667     -0.0321543     -0.0294401              0     0.00422285      0.0165191     0.00054655     0.00283741      -0.012305     -0.0119132
      0.0753136     -0.0314926        0.07544     -0.0321543     -0.0294401              0      0.0057743     0.00770439   -4.62782e-05     0.00238954     -0.0115211    -0.00943094
      0.0737497     -0.0287899      0.0742133     -0.0309325     -0.0294397      0.0293248    -0.00393979      0.0256926    -0.00034454     0.00216233     -0.0073407    -0.00428021
      0.0728238     -0.0295915      0.0729867     -0.0309325     -0.0294401              0     0.00574587      0.0234991    -0.00269845     0.00249778    -0.00121981    -0.00471764
      0.0710427     -0.0305679        0.07176     -0.0309325     -0.0294403              0      -0.010169    0.000576384    -0.00355234     0.00532244    -0.00821571    -0.00713938
      0.0729508      -0.027637        0.07176     -0.0297106              0      0.0293248      0.0215454      0.0263597    -0.00302222     0.00419961    -0.00606304    -0.00542212
      0.0734879     -0.0285341        0.07176     -0.0297106              0              0      0.0285233      0.0189371     0.00409362     0.00394784    -0.00478123    -0.00782588
      0.0701196     -0.0321105      0.0705333     -0.0309325     -0.0294396     -0.0293248     -0.0031003      -0.015158     0.00846908     0.00442659     -0.0108706     -0.0115736
      0.0707001     -0.0305888      0.0705333     -0.0309325              0              0   -0.000888779     0.00923295     0.00957689     0.00364124     -0.0122764     -0.0159334
      0.0743516     -0.0332688        0.07176     -0.0321543      0.0294396     -0.0293248      0.0374206     -0.0133963     0.00951872     0.00205992     -0.0195906      -0.020614
      0.0760921     -0.0320439      0.0729867     -0.0321543      0.0294403              0      0.0407972    0.000462592      0.0122679   -0.000463617     -0.0216375     -0.0190682
       0.074272     -0.0310961      0.0729867     -0.0321543              0              0      0.0172148      0.0197634      0.0151041    -0.00289561     -0.0164987     -0.0181601
      0.0704869     -0.0284437        0.07176     -0.0309325     -0.0294403      0.0293248      -0.017557      0.0279159      0.0147564    -0.00138844     -0.0198216     -0.0170984
      0.0687157     -0.0291739      0.0705333     -0.0309325     -0.0294396              0     -0.0205252      0.0291661      0.0131373    -0.00165607      -0.014375     -0.0170041
       0.071156     -0.0271867      0.0705333     -0.0297106              0      0.0293248       0.018721       0.026253      0.0139094   -8.76308e-05     -0.0196333      -0.016154
      0.0677579     -0.0289556      0.0693067     -0.0297106     -0.0294403              0     -0.0253391     0.00616837      0.0151162   -0.000126374     -0.0126747    -0.00495976
      0.0695669      -0.028669      0.0693067     -0.0297106              0              0     0.00810603      0.0217167      0.0114176    0.000509727     0.00275517     0.00175047
      0.0698352     -0.0324305      0.0693067     -0.0309325              0     -0.0293248      0.0045487     -0.0207529     0.00923762     0.00908552     0.00074625     0.00214863
      0.0700951     -0.0309474      0.0693067     -0.0309325              0              0      0.0125725     0.00610881     0.00923071     0.00944768     0.00355101    -0.00118414
      0.0736791     -0.0341086      0.0705333     -0.0321543      0.0294403     -0.0293248      0.0472642     -0.0282023      0.0115591     0.00960325     -0.0059187    -0.00554789
      0.0748898     -0.0356164        0.07176     -0.0333762      0.0294396     -0.0293248      0.0363627     -0.0261842      0.0141924     0.00731848    -0.00517734    -0.00482823
      0.0763917     -0.0366618      0.0729867     -0.0345981      0.0294403     -0.0293246      0.0443016     -0.0224745      0.0124385     0.00563525    -0.00447914    -0.00564451
      0.0776082     -0.0350283      0.0742133     -0.0345981      0.0294401              0      0.0408929     -0.0054714      0.0108978     0.00584792    -0.00680989    -0.00680659
      0.0760173     -0.0342181      0.0742133     -0.0345981              0              0      0.0247747     0.00864325     0.00909278     0.00545918    -0.00680328     -0.0095732
      0.0781368     -0.0371383        0.07544     -0.0358199      0.0294397     -0.0293249      0.0307604     -0.0161151     0.00944207     0.00520157     -0.0123431     -0.0131573
      0.0769884      -0.038585        0.07544     -0.0370418              0     -0.0293248      0.0247201     -0.0155766      0.0110358     0.00255107     -0.0139714     -0.0155589
      0.0762734     -0.0398026        0.07544     -0.0382637              0     -0.0293248       0.011151     -0.0161278      0.0167489     0.00133406     -0.0171463     -0.0185817
      0.0760211     -0.0404451        0.07544     -0.0394855              0     -0.0293248     0.00949453    -0.00292654      0.0181178   -2.80261e-05     -0.0200171     -0.0265677
       0.075797     -0.0416745        0.07544     -0.0407074              0     -0.0293249     0.00422142    -0.00922007      0.0184363    -0.00147845     -0.0331183     -0.0374811
      0.0731108     -0.0427296      0.0742133     -0.0419293     -0.0294397     -0.0293246     -0.0086451    -0.00660549       0.018484    -0.00780834     -0.0418439     -0.0435772
      0.0742487      -0.043142      0.0742133     -0.0431511              0     -0.0293248    0.000368999      0.0104503      0.0181962     -0.0122346     -0.0453107     -0.0503518
       0.074591     -0.0451104      0.0742133      -0.044373              0     -0.0293248      0.0043669     -0.0145419      0.0149886     -0.0138443     -0.0553926     -0.0483458
      0.0719906     -0.0428073      0.0729867      -0.044373     -0.0294401              0    -0.00854702      0.0276766      0.0132311     -0.0181005     -0.0412987       -0.03681
      0.0734875      -0.044855      0.0729867     -0.0455949              0     -0.0293249       0.010049       0.019918      0.0132857      -0.013118     -0.0323213     -0.0335008
      0.0738604     -0.0442777      0.0729867     -0.0455949              0              0      0.0127281      0.0161736      0.0132619    -0.00757123     -0.0346796     -0.0317196
      0.0738869       -0.04666      0.0729867     -0.0468167              0     -0.0293248       0.011709      0.0107689      0.0109455    -0.00800694       -0.02876     -0.0299697
      0.0739152      -0.045192      0.0729867     -0.0468167              0              0      0.0123853      0.0271238     0.00951204    -0.00655867     -0.0311793     -0.0350939
      0.0774305     -0.0479481      0.0742133     -0.0480386      0.0294401     -0.0293248      0.0470753     0.00479711     0.00958202    -0.00680639     -0.0390084     -0.0413156
      0.0757798     -0.0467625      0.0742133     -0.0480386              0              0      0.0183053      0.0173175       0.011392     -0.0102342     -0.0436227     -0.0420589
      0.0786943     -0.0457686        0.07544     -0.0480386      0.0294397              0      0.0456469      0.0372526      0.0102739     -0.0128849      -0.040495     -0.0426682
       0.077239     -0.0461193        0.07544     -0.0480386              0              0      0.0228605      0.0228863      0.0100882     -0.0124555     -0.0448416     -0.0411568
       0.079803     -0.0460948      0.0766667     -0.0480386      0.0294401              0      0.0400293      0.0281119     0.00752959     -0.0128665     -0.0374724     -0.0331635
      0.0816535     -0.0462863      0.0778933     -0.0480386      0.0294401              0      0.0502337      0.0242597     0.00699279    -0.00968815     -0.0288544     -0.0236914
      0.0826564     -0.0464511        0.07912     -0.0480386      0.0294397              0      0.0420942      0.0242159     0.00715146    -0.00526811     -0.0185284     -0.0155053
      0.0808693      -0.046863        0.07912     -0.0480386              0              0      0.0232933      0.0165764     0.00724516   -8.92997e-05     -0.0124823    -0.00997735
      0.0830369     -0.0471373      0.0803467     -0.0480386      0.0294401              0      0.0324508      0.0137939      0.0109148     0.00299274    -0.00747241    -0.00659518
      0.0816607     -0.0470698      0.0803467     -0.0480386              0              0      0.0203264      0.0171591      0.0150071     0.00514029    -0.00571794    -0.00900607
      0.0837129     -0.0468226      0.0815733     -0.0480386      0.0294403              0      0.0243595      0.0215602      0.0204782     0.00578271      -0.012294     -0.0202001
       0.081221     -0.0498055      0.0815733     -0.0492604              0     -0.0293246     -0.0147073    -0.00449437      0.0211924     0.00292741      -0.028106     -0.0339191
      0.0844719     -0.0482135         0.0828     -0.0492604      0.0294396              0      0.0282958      0.0159829      0.0235293    -0.00502683     -0.0397323      -0.043652
      0.0822357     -0.0475416         0.0828     -0.0492604              0              0     -0.0136077      0.0239756      0.0342347     -0.0112016     -0.0475722     -0.0482816
       0.081877     -0.0469398         0.0828     -0.0492604              0              0     -0.0089506      0.0346038      0.0357278     -0.0147973     -0.0489907     -0.0496397
      0.0783115     -0.0494402      0.0815733     -0.0504823     -0.0294396     -0.0293248     -0.0457919      0.0214198      0.0371219     -0.0153495     -0.0502887     -0.0523008
      0.0798469     -0.0480305      0.0815733     -0.0504823              0              0     -0.0204537      0.0374086      0.0343575     -0.0161288     -0.0543126     -0.0566283
       0.083471     -0.0479605         0.0828     -0.0504823      0.0294396              0      0.0071774       0.033267      0.0332784     -0.0184094     -0.0589442     -0.0567008
      0.0827289     -0.0452151         0.0828     -0.0492604              0      0.0293248   -0.000644727      0.0504043      0.0286937     -0.0206797     -0.0544572     -0.0471005
      0.0828345     -0.0460859         0.0828     -0.0492604              0              0    0.000591574      0.0481119       0.022464     -0.0195772     -0.0397424     -0.0360989
      0.0831516     -0.0438039         0.0828     -0.0480386              0      0.0293246     0.00419515      0.0565316      0.0159106     -0.0122551     -0.0324554     -0.0296863
       0.083696      -0.045607         0.0828     -0.0480386              0              0       0.013484      0.0334137      0.0100746    -0.00785352     -0.0269173     -0.0244514
      0.0878515     -0.0434765      0.0840267     -0.0468167      0.0294403      0.0293248      0.0586401      0.0426214     0.00670311    -0.00487973     -0.0219855     -0.0190914
      0.0851793     -0.0455637      0.0840267     -0.0468167              0              0    -0.00147758      0.0125495     0.00443814    -0.00267256     -0.0161971    -0.00884204
      0.0865133     -0.0422945      0.0840267     -0.0455949              0      0.0293248      0.0489454      0.0519042    -0.00446596    0.000366437    -0.00148705    -0.00484644
      0.0888591     -0.0436425      0.0852533     -0.0455949      0.0294401              0      0.0421004      0.0304389     0.00432918     0.00739013    -0.00820588     -0.0168403
       0.087507     -0.0447247      0.0852533     -0.0455949              0              0      0.0325858     0.00682861     0.00408194     0.00554322     -0.0254743     -0.0275767
      0.0902933      -0.044565        0.08648     -0.0455949      0.0294397              0      0.0535622      0.0146789     0.00582192    -0.00349916     -0.0296795      -0.030084
      0.0880169     -0.0442014        0.08648     -0.0455949              0              0      0.0137552      0.0205015     0.00726721    -0.00632168     -0.0304884     -0.0301469
       0.091045     -0.0437236      0.0877067     -0.0455949      0.0294401              0      0.0488766      0.0299909     0.00731001    -0.00632347     -0.0298053     -0.0323638
      0.0896755     -0.0463022      0.0877067     -0.0468167              0     -0.0293248      0.0283425      0.0149495      0.0133027    -0.00623764     -0.0349225     -0.0408383
       0.088561     -0.0454446      0.0877067     -0.0468167              0              0     0.00688775      0.0167765      0.0139264    -0.00811518     -0.0467542     -0.0467902
      0.0888908      -0.047623      0.0877067     -0.0480386              0     -0.0293248      0.0218066      0.0121378      0.0126481     -0.0140671      -0.046827     -0.0473448
      0.0887472     -0.0490419      0.0877067     -0.0492604              0     -0.0293246      0.0145789     0.00879508      0.0148315     -0.0148853     -0.0478628     -0.0477381
      0.0887438      -0.046918      0.0877067     -0.0492604              0              0      0.0158219      0.0398549      0.0153515      -0.014832     -0.0476133     -0.0517856
      0.0889083     -0.0499218      0.0877067     -0.0504823              0     -0.0293248      0.0181494     0.00750908      0.0139794     -0.0145724     -0.0559577     -0.0538639
      0.0892977     -0.0484697      0.0877067     -0.0504823              0              0      0.0258176      0.0305997       0.011813     -0.0172967     -0.0517704     -0.0488981
      0.0882171     -0.0483155      0.0877067     -0.0504823              0              0    -0.00463606       0.029093     0.00928709     -0.0168631      -0.046026     -0.0395061
      0.0913034      -0.048053      0.0889333     -0.0504823      0.0294401              0      0.0296671      0.0381101     0.00436792     -0.0139239     -0.0329863     -0.0299455
      0.0898616     -0.0480317      0.0889333     -0.0504823              0              0      0.0118582      0.0386293       0.012418    -0.00741769     -0.0269047     -0.0283793
      0.0898351     -0.0487079      0.0889333     -0.0504823              0              0       0.022142      0.0226782      0.0262495     -0.0042416      -0.029854     -0.0289627
       0.088673     -0.0516631      0.0889333     -0.0517042              0     -0.0293249    -0.00681511     0.00692333      0.0356015    -0.00534786     -0.0280714     -0.0292757
      0.0856823     -0.0508072      0.0877067     -0.0517042     -0.0294401              0     -0.0213093      0.0111051       0.033708     -0.0054114     -0.0304799      -0.028224
      0.0871072     -0.0508803      0.0877067     -0.0517042              0              0    -0.00627353     0.00858312      0.0310849    -0.00605561     -0.0259679     -0.0193098
      0.0873114     -0.0507403      0.0877067     -0.0517042              0              0    -0.00947937      0.0152489      0.0247222    -0.00492669     -0.0126518     -0.0076616
      0.0849244     -0.0511423        0.08648     -0.0517042     -0.0294401              0       -0.01796     0.00688065      0.0174989     0.00149153    -0.00267139     0.00254345
      0.0869435     -0.0511655        0.08648     -0.0517042              0              0      0.0117268      0.0116493      0.0162717     0.00805293     0.00775814     0.00723457
      0.0877186     -0.0513036        0.08648     -0.0517042              0              0      0.0207217     0.00848924      0.0162786      0.0130598     0.00671148     0.00187874
      0.0846856     -0.0545118      0.0852533      -0.052926     -0.0294397     -0.0293248    -0.00705963     -0.0188842      0.0144994      0.0132869    -0.00295388    -0.00762266
      0.0860275     -0.0534348      0.0852533      -0.052926              0              0      0.0104471    -0.00894753     0.00884244     0.00853955     -0.0122915     -0.0127306
      0.0873253     -0.0554762      0.0852533     -0.0541479              0     -0.0293248      0.0373513     -0.0122291     0.00762877     0.00346123     -0.0131695     -0.0152662
      0.0870519     -0.0541865      0.0852533     -0.0541479              0              0       0.022453    -0.00170167     0.00953433     0.00280856      -0.017363     -0.0160846
      0.0845329      -0.053359      0.0840267     -0.0541479     -0.0294401              0      0.0153506      0.0147559       0.006214     0.00136064     -0.0148065     -0.0164002
      0.0856162     -0.0533189      0.0840267     -0.0541479              0              0       0.021271      0.0110005     0.00585267     0.00193547     -0.0179939     -0.0181828
      0.0860896     -0.0563159      0.0840267     -0.0553698              0     -0.0293249      0.0300999     -0.0103647     0.00252209     0.00126647     -0.0183717     -0.0170325
      0.0835971     -0.0549554         0.0828     -0.0553698     -0.0294403              0      0.0187754     0.00792405      0.0023416      0.0010805     -0.0156934     -0.0149682
      0.0840401     -0.0569646         0.0828     -0.0565916              0     -0.0293245      0.0118789     0.00529385     0.00351915     0.00143241      -0.014243     -0.0204003
      0.0842882     -0.0568048         0.0828     -0.0565916              0              0      0.0215108     -0.0129943     0.00361476     0.00187813     -0.0265574     -0.0198171
      0.0843576     -0.0546268         0.0828     -0.0565916              0              0       0.025419      0.0449369      0.0125628    -0.00252546     -0.0130764     -0.0236747
      0.0805352     -0.0550959      0.0815733     -0.0565916     -0.0294396              0     -0.0144227       0.015637      0.0204069     0.00400733     -0.0342732     -0.0383019
      0.0824328     -0.0577881      0.0815733     -0.0578135              0     -0.0293249      0.0249386     0.00541857      0.0240063     -0.0042087     -0.0423305     -0.0458716
      0.0789693     -0.0567274      0.0803467     -0.0578135     -0.0294403              0     -0.0196248      0.0114883      0.0295168    -0.00951232     -0.0494126     -0.0453338
      0.0797866     -0.0531708      0.0803467     -0.0565916              0      0.0293249     -0.0110757      0.0448578        0.02371     -0.0123204     -0.0412551     -0.0350812
      0.0776758     -0.0531757        0.07912     -0.0565916     -0.0294401              0     -0.0142049      0.0588048      0.0193007    -0.00949789     -0.0289077      -0.034738
      0.0761511     -0.0537943      0.0778933     -0.0565916     -0.0294397              0     -0.0200196      0.0398343      0.0191438    -0.00361766      -0.040568     -0.0467062
      0.0748885     -0.0547244      0.0766667     -0.0565916     -0.0294401              0     -0.0185377      0.0195163      0.0200507    -0.00955309     -0.0528445      -0.049909
       0.073487     -0.0508284        0.07544     -0.0553698     -0.0294401      0.0293245     -0.0224378      0.0680546      0.0217396     -0.0158956     -0.0469733     -0.0499068
      0.0757155      -0.052111        0.07544     -0.0553698              0              0      0.0108693      0.0438478      0.0218351     -0.0145847     -0.0528405     -0.0535051
      0.0700719      -0.047111      0.0729867      -0.052926     -0.0588799      0.0586496     -0.0352867      0.0699284      0.0217396     -0.0155213     -0.0541699     -0.0481137
      0.0696015     -0.0496882        0.07176      -0.052926     -0.0294403              0     -0.0272896      0.0435704      0.0166843      -0.016276     -0.0420576     -0.0346741
      0.0719137     -0.0476371        0.07176     -0.0517042              0      0.0293248     0.00473921      0.0539703      0.0131355    -0.00983943     -0.0272906     -0.0209059
      0.0702563     -0.0460876      0.0705333     -0.0504823     -0.0294396      0.0293249     0.00669665      0.0629004      0.0137801    -0.00202836     -0.0145212     -0.0153324
      0.0686709     -0.0458138      0.0693067     -0.0492604     -0.0294403      0.0293248    -0.00369491      0.0393608      0.0148792      0.0043038     -0.0161438     -0.0131285
       0.066806     -0.0472577        0.06808     -0.0492604     -0.0294401              0     -0.0185743      0.0330357      0.0117482      0.0043038     -0.0101129     -0.0138981
      0.0691156     -0.0479764        0.06808     -0.0492604              0              0      0.0198215      0.0170977     0.00724361     0.00563322     -0.0176837     -0.0206319
      0.0696761     -0.0459186        0.06808     -0.0480386              0      0.0293246       0.023677      0.0190102      0.0093399     0.00331174     -0.0235799     -0.0176538
      0.0669974     -0.0435163      0.0668533     -0.0468167     -0.0294397      0.0293248     0.00958634      0.0477849      0.0112794    0.000589478      -0.011728     -0.0116228
      0.0651879      -0.045215      0.0656267     -0.0468167     -0.0294401              0    -0.00112359      0.0213361      0.0121538     0.00620185     -0.0115174     -0.0118475
      0.0668823      -0.042886      0.0656267     -0.0455949              0      0.0293248      0.0203574      0.0346112       0.010884     0.00727974     -0.0121776     -0.0128433
      0.0645399     -0.0442556         0.0644     -0.0455949     -0.0294401              0     0.00694361      0.0184941     0.00880835     0.00719391     -0.0135089     -0.0146209
      0.0657253     -0.0445043         0.0644     -0.0455949              0              0      0.0173976      0.0166465     0.00641689     0.00612413     -0.0157329     -0.0179797
      0.0661751     -0.0441815         0.0644     -0.0455949              0              0      0.0256501      0.0237431     0.00501904     0.00502979     -0.0202265     -0.0258611
      0.0636309      -0.041095      0.0631733      -0.044373     -0.0294397      0.0293249      0.0145883      0.0431844     0.00760803      0.0017656     -0.0314955     -0.0364917
       0.064405     -0.0424009      0.0631733      -0.044373              0              0      0.0166205      0.0241367      0.0122236    -0.00427009      -0.041488     -0.0415544
      0.0620677     -0.0425878      0.0619467      -0.044373     -0.0294401              0      0.0110713      0.0236692      0.0128578    -0.00912763     -0.0416214     -0.0384587
      0.0627252     -0.0390567      0.0619467     -0.0431511              0      0.0293248     0.00735453      0.0595248      0.0142709    -0.00951029     -0.0352956     -0.0367251
      0.0639163        -0.0406      0.0619467     -0.0431511              0              0      0.0366654      0.0331458      0.0123807     -0.0065179     -0.0381549     -0.0370815
      0.0609053     -0.0378752        0.06072     -0.0419293     -0.0294402      0.0293248      0.0052653      0.0563181       0.013664    -0.00651385     -0.0360084     -0.0371369
      0.0624378     -0.0397511        0.06072     -0.0419293              0              0      0.0276038      0.0252165     0.00811264     -0.0064155     -0.0382652     -0.0337575
      0.0598053     -0.0399272      0.0594933     -0.0419293     -0.0294397              0     0.00607122      0.0310886     0.00468514    -0.00706185     -0.0292496     -0.0272198
      0.0616532     -0.0368441      0.0594933     -0.0407074              0      0.0293246      0.0350594      0.0549461    0.000669574    -0.00389792       -0.02519     -0.0275696
       0.061388     -0.0385632      0.0594933     -0.0407074              0              0      0.0199383      0.0274444    0.000342225    -0.00240256     -0.0299493     -0.0298788
      0.0618176      -0.041886      0.0594933     -0.0419293              0     -0.0293246      0.0373065     0.00473034    0.000342225    -0.00240256     -0.0298084     -0.0295679
      0.0612869     -0.0406493      0.0594933     -0.0419293              0              0      0.0233645      0.0205694    0.000342225    -0.00240256     -0.0293274     -0.0298231
      0.0611407     -0.0405639      0.0594933     -0.0419293              0              0      0.0273322       0.017862    0.000342225    -0.00240256     -0.0303189     -0.0282065
      0.0606817     -0.0399114      0.0594933     -0.0419293              0              0      0.0175717      0.0350126    0.000342225    -0.00240256      -0.026094     -0.0302174
      0.0630347     -0.0433244        0.06072     -0.0431511      0.0294397     -0.0293248      0.0265827    -0.00230389    0.000342225    -0.00240256     -0.0343408     -0.0338174
      0.0650224     -0.0421945      0.0619467     -0.0431511      0.0294402              0      0.0429001      0.0137324    0.000342225    -0.00240256      -0.033294     -0.0305329
      0.0627208     -0.0414736      0.0619467     -0.0431511              0              0     0.00385396      0.0275091    0.000342225    -0.00240256     -0.0277719       -0.02791
      0.0630889     -0.0446357      0.0619467      -0.044373              0     -0.0293248      0.0242327     -0.0016875    0.000342225    -0.00240256     -0.0280482     -0.0259708
      0.0690713     -0.0432781         0.0644      -0.044373      0.0588799              0      0.0607091      0.0194027    0.000342225    -0.00240256     -0.0238936     -0.0244371
       0.066625     -0.0435165         0.0644      -0.044373              0              0      0.0294822     0.00809704    0.000342225    -0.00240256     -0.0249805     -0.0204433
      0.0689633     -0.0460437      0.0656267     -0.0455949      0.0294401     -0.0293249      0.0403782     0.00202641    0.000342225    -0.00240256     -0.0159056     -0.0160016
      0.0680741     -0.0421324      0.0656267      -0.044373              0      0.0293249      0.0344744      0.0277363    0.000342225    -0.00240256     -0.0160973     -0.0148559
       0.071044     -0.0459784      0.0668533     -0.0455949      0.0294401     -0.0293249      0.0569004   -0.000717492    0.000342225    -0.00240256     -0.0136146     -0.0140964
      0.0732552     -0.0452782        0.06808     -0.0455949      0.0294397              0      0.0739993     0.00369843    0.000342225    -0.00240256     -0.0145782     -0.0131173
       0.071095     -0.0420237        0.06808      -0.044373              0      0.0293249      0.0364065      0.0309678    0.000342225    -0.00240256     -0.0116565      -0.011189
       0.074021     -0.0435654      0.0693067      -0.044373      0.0294401              0      0.0665141     0.00706016    0.000342225    -0.00240256     -0.0107217    -0.00646495
       0.076167     -0.0434138      0.0705333      -0.044373      0.0294403              0      0.0802686      0.0191773    0.000342225    -0.00240256    -0.00220845    -0.00457823
      0.0768618     -0.0440319        0.07176      -0.044373      0.0294396              0       0.061417     0.00140445    0.000342225    -0.00240256    -0.00694837    -0.00606931
      0.0749584     -0.0432356        0.07176      -0.044373              0              0       0.041556       0.025047    0.000342225    -0.00240256    -0.00519036     -0.0137801
      0.0779195     -0.0430975      0.0729867      -0.044373      0.0294403              0      0.0709177      0.0188122    0.000342225    -0.00240256     -0.0223691     -0.0311319
       0.081638     -0.0405517        0.07544     -0.0431511      0.0588799      0.0293248      0.0747866      0.0269629    0.000342225    -0.00240256     -0.0398949     -0.0396794
      0.0802078     -0.0414394      0.0766667     -0.0431511      0.0294401              0      0.0341063      0.0214048    0.000342225    -0.00240256     -0.0394641     -0.0345815
      0.0784806     -0.0409451      0.0766667     -0.0431511              0              0      0.0328212      0.0360844    0.000342225    -0.00240256     -0.0296987     -0.0294306
      0.0795919     -0.0378505      0.0778933     -0.0419293      0.0294401      0.0293248      0.0157749      0.0577879    0.000342225    -0.00240256     -0.0291626     -0.0327979
      0.0840015     -0.0363655      0.0803467     -0.0407074      0.0588799      0.0293246      0.0507839      0.0567233    0.000342225    -0.00240256     -0.0364332     -0.0397388
      0.0830314     -0.0380438      0.0815733     -0.0407074      0.0294403              0     0.00946268      0.0360618    0.000342225    -0.00240256     -0.0430441     -0.0444357
      0.0840594     -0.0390191         0.0828     -0.0407074      0.0294396              0       0.015498      0.0171514    0.000342225    -0.00240256     -0.0458274     -0.0389282
      0.0857029     -0.0359075      0.0840267     -0.0394855      0.0294403      0.0293249      0.0223914      0.0488868    0.000342225    -0.00240256     -0.0320281     -0.0264494
      0.0869064     -0.0370015      0.0852533     -0.0394855      0.0294401              0      0.0156515      0.0380824    0.000342225    -0.00240256     -0.0208706     -0.0199876
      0.0889362     -0.0382203        0.08648     -0.0394855      0.0294397              0      0.0322094      0.0137231    0.000342225    -0.00240256     -0.0191047     -0.0145436
      0.0903648     -0.0382965      0.0877067     -0.0394855      0.0294401              0       0.028522      0.0205834    0.000342225    -0.00240256    -0.00998243    -0.00984989
       0.095573     -0.0390079        0.09016     -0.0394855      0.0588799              0      0.0722732     0.00268729    0.000342225    -0.00240256    -0.00971733    -0.00558184
      0.0984766     -0.0389201      0.0926133     -0.0394855      0.0588802              0      0.0692342      0.0113432    0.000342225    -0.00240256    -0.00144637    -0.00130987
      0.0984043     -0.0388879        0.09384     -0.0394855      0.0294397              0      0.0591174      0.0106133    0.000342225    -0.00240256    -0.00117351    -0.00397105
       0.102948     -0.0393705      0.0962933     -0.0394855      0.0588804              0      0.0921781    -0.00156142    0.000342225    -0.00240256    -0.00676864    -0.00603492
       0.102176     -0.0362595        0.09752     -0.0382637      0.0294396      0.0293248      0.0545058      0.0262349    0.000340556    -0.00240256    -0.00530109    -0.00589881
       0.109451     -0.0414213         0.1012     -0.0394855      0.0883201     -0.0293248       0.108484     -0.0349532    0.000340556    -0.00240256    -0.00649658     0.00440121
       0.109293     -0.0389477       0.103653     -0.0394855      0.0588802              0      0.0507966      0.0246619    0.000342225    -0.00240256      0.0152984     0.00727749
        0.11066     -0.0362015        0.10488     -0.0382637      0.0294397      0.0293248      0.0962128      0.0225547    0.000340556    -0.00240256   -0.000742187    -0.00633748
       0.109509     -0.0377592       0.106107     -0.0382637      0.0294397              0      0.0291471     0.00389909    0.000340556    -0.00240256     -0.0119327     -0.0140045
       0.113081     -0.0377754        0.10856     -0.0382637      0.0588802              0      0.0562135     0.00620016    0.000340556    -0.00240256     -0.0160767     -0.0162546
       0.113046     -0.0366303       0.109787     -0.0382637      0.0294397              0      0.0432565        0.03245    0.000342225    -0.00240256     -0.0164322     -0.0259256
        0.11628     -0.0370668        0.11224     -0.0382637      0.0588802              0      0.0466217      0.0116796    0.000340556    -0.00240256     -0.0354189     -0.0379932
       0.115578     -0.0366309       0.113467     -0.0382637      0.0294397              0      0.0209829      0.0247766    0.000342225    -0.00240256     -0.0405668     -0.0424113
       0.116606     -0.0362774       0.114693     -0.0382637      0.0294406              0      0.0245519       0.028069    0.000340556    -0.00240256     -0.0442558     -0.0443658
       0.117569     -0.0359119        0.11592     -0.0382637      0.0294397              0      0.0173805      0.0354971    0.000340556    -0.00240256     -0.0444762     -0.0453406
       0.118769     -0.0362452       0.117147     -0.0382637      0.0294396              0      0.0176938      0.0250449    0.000340556    -0.00240256     -0.0462048     -0.0419664
       0.119709     -0.0359956       0.118373     -0.0382637      0.0294406              0     0.00966339      0.0350755    0.000340556    -0.00240256     -0.0377286      -0.035388
       0.121545     -0.0362283         0.1196     -0.0382637      0.0294397              0      0.0265453      0.0283333    0.000340556    -0.00240256     -0.0330475     -0.0300806
       0.122973     -0.0370659       0.120827     -0.0382637      0.0294397              0      0.0263228      0.0118952    0.000340556    -0.00240256     -0.0271136     -0.0185346
       0.123614     -0.0370483       0.122053     -0.0382637      0.0294406              0      0.0105974      0.0204389    0.000340556    -0.00240256    -0.00995595     -0.0052645
       0.122937     -0.0369089       0.122053     -0.0382637              0              0      0.0193033      0.0249838    0.000340556    -0.00240256    -0.00057268    -0.00363685
       0.122065     -0.0377879       0.122053     -0.0382637              0              0    -0.00525511      0.0034011    0.000340556    -0.00240256    -0.00670128    -0.00685576
       0.122899     -0.0373601       0.122053     -0.0382637              0              0      0.0201898      0.0187259    0.000340556    -0.00240256    -0.00701024     -0.0134599
       0.121338     -0.0377146       0.122053     -0.0382637              0              0     -0.0273643     0.00422062    0.000340556    -0.00240256     -0.0199095     -0.0212609
       0.122661     -0.0371099       0.122053     -0.0382637              0              0      0.0194963      0.0198119    0.000342225    -0.00240256     -0.0226123     -0.0264577
       0.122535     -0.0366824       0.122053     -0.0382637              0              0     0.00641874      0.0244846    0.000340556    -0.00240256      -0.030303     -0.0351485
       0.119215     -0.0364513       0.120827     -0.0382637     -0.0294406              0     -0.0188728      0.0261744    0.000340556    -0.00240256     -0.0399939     -0.0436516
       0.120366     -0.0365642       0.120827     -0.0382637              0              0    -0.00511226      0.0205221    0.000340556    -0.00240256     -0.0473092     -0.0450888
       0.117866     -0.0354245         0.1196     -0.0382637     -0.0294397              0      -0.019103      0.0491565    0.000340556    -0.00240256     -0.0428676     -0.0485463
       0.119165     -0.0357092         0.1196     -0.0382637              0              0    -0.00628686      0.0329481    0.000340556    -0.00240256     -0.0542254     -0.0549726
       0.119494     -0.0388166         0.1196     -0.0394855              0     -0.0293248    -0.00291643      0.0112146    0.000340556    -0.00240256     -0.0557205     -0.0520845
       0.116104     -0.0374843       0.118373     -0.0394855     -0.0294397              0     -0.0344517       0.029607    0.000340556    -0.00240256     -0.0484481     -0.0430914
       0.118504     -0.0361116       0.118373     -0.0394855              0              0      0.0146655      0.0596219    0.000340556    -0.00240256     -0.0377346     -0.0448462
        0.11828     -0.0341845       0.118373     -0.0382637              0      0.0293248    -0.00436435      0.0469001    0.000340556    -0.00240256     -0.0519579     -0.0506481
       0.118128     -0.0350401       0.118373     -0.0382637              0              0    -0.00408938      0.0491001    0.000340556    -0.00240256     -0.0493385     -0.0508388
        0.11861     -0.0357612       0.118373     -0.0382637              0              0     0.00644213      0.0309758    0.000340556    -0.00240256     -0.0523393     -0.0482757
       0.118741     -0.0354928       0.118373     -0.0382637              0              0     0.00525798      0.0436169    0.000340556    -0.00240256     -0.0442124     -0.0436279
       0.119086      -0.035929       0.118373     -0.0382637              0              0      0.0116109      0.0307756    0.000340556    -0.00240256     -0.0430434     -0.0394682
       0.119548     -0.0359411       0.118373     -0.0382637              0              0      0.0187879      0.0354827    0.000340556    -0.00240256     -0.0358933     -0.0345409
       0.118851     -0.0365061       0.118373     -0.0382637              0              0    -0.00274675      0.0220136    0.000340556    -0.00240256     -0.0331887     -0.0279358
       0.117376     -0.0363911       0.117147     -0.0382637     -0.0294406              0      0.0194663      0.0302533    0.000340556    -0.00240256     -0.0226831     -0.0216694
        0.11863     -0.0369062       0.117147     -0.0382637              0              0      0.0226403      0.0176784    0.000340556    -0.00240256     -0.0206557     -0.0182786
       0.118356     -0.0374038       0.117147     -0.0382637              0              0       0.012071      0.0104083    0.000340556    -0.00240256     -0.0159015     -0.0114423
        0.11871     -0.0366828       0.117147     -0.0382637              0              0      0.0228063      0.0315539    0.000340556    -0.00240256     -0.0069829     -0.0129995
       0.117669     -0.0375082       0.117147     -0.0382637              0              0    -0.00397247     0.00498126    0.000342225    -0.00240256     -0.0190161     -0.0184732
       0.118519     -0.0366754       0.117147     -0.0382637              0              0      0.0308712      0.0306678    0.000340556    -0.00240256     -0.0179292     -0.0253696
       0.117328     -0.0367557       0.117147     -0.0382637              0              0    -0.00245358      0.0197032    0.000340556    -0.00240256     -0.0328102     -0.0372833
       0.116399     -0.0363848       0.117147     -0.0382637              0              0     -0.0119454      0.0282434    0.000340556    -0.00240256     -0.0417561     -0.0458164
       0.119118     -0.0363503       0.118373     -0.0382637      0.0294406              0     0.00940834      0.0240306    0.000340556    -0.00240256     -0.0498767     -0.0488508
       0.113892     -0.0350543       0.117147     -0.0382637     -0.0294406              0     -0.0489637      0.0559132    0.000340556    -0.00240256     -0.0478249     -0.0556283
       0.115398     -0.0358778       0.117147     -0.0382637              0              0     -0.0151402      0.0241573    0.000340556    -0.00240256     -0.0634321     -0.0605329
       0.115182     -0.0350448       0.117147     -0.0382637              0              0     -0.0304645       0.052901    0.000340556    -0.00240256     -0.0576334     -0.0597623
       0.115511     -0.0353382       0.117147     -0.0382637              0              0     -0.0211614      0.0374151    0.000340556    -0.00240256      -0.061891     -0.0586514
       0.115381     -0.0361147       0.117147     -0.0382637              0              0     -0.0300614      0.0238283    0.000340556    -0.00240256     -0.0554124     -0.0432924
       0.116382     -0.0357038       0.117147     -0.0382637              0              0    -0.00511668       0.041955    0.000340556    -0.00240256     -0.0311722     -0.0250441
       0.116609     -0.0366519       0.117147     -0.0382637              0              0    -0.00920201      0.0192703    0.000340556    -0.00240256     -0.0189161     -0.0102801
        0.11704      -0.037437       0.117147     -0.0382637              0              0    -0.00046536      0.0113008    0.000340556    -0.00240256    -0.00164353     0.00595236
       0.117742     -0.0377568       0.117147     -0.0382637              0              0      0.0115495      0.0106778    0.000340556    -0.00240256      0.0135479      0.0151691
       0.117901     -0.0389226       0.117147     -0.0382637              0              0     0.00882023     -0.0142879    0.000340556    -0.00240256      0.0167899      0.0218539
       0.118411     -0.0385472       0.117147     -0.0382637              0              0      0.0195234     0.00376064    0.000340556    -0.00240256      0.0269175      0.0217328
       0.118369     -0.0387666       0.117147     -0.0382637              0              0      0.0137902    -0.00678179    0.000340556    -0.00240256      0.0165477     0.00967169
        0.11846     -0.0388716       0.117147     -0.0382637              0              0      0.0180771     -0.0100451    0.000340556    -0.00240256     0.00279522    -0.00187012
       0.118542     -0.0383786       0.117147     -0.0382637              0              0      0.0215771   -0.000660442    0.000340556    -0.00240256    -0.00653497     -0.0108973
       0.117629     -0.0375924       0.117147     -0.0382637              0              0     0.00121885      0.0129718    0.000340556    -0.00240256     -0.0152596     -0.0218762
       0.117176     -0.0370394       0.117147     -0.0382637              0              0   -0.000137032       0.018781    0.000340556    -0.00240256     -0.0284927     -0.0348693
       0.116908     -0.0359951       0.117147     -0.0382637              0              0    -0.00105407      0.0383974    0.000340556    -0.00240256     -0.0412458     -0.0522094
