      -0.113629      0.0693075       -0.10856      0.0179421     -0.0608255       0.616385     -0.0608255       0.616385     5.0639e-05   -5.73399e-06   -1.17563e-06      0.0124664
     -0.0906298      0.0103137       -0.10856      0.0179421   -0.000608255     0.00616385       0.224666     -0.0832901     5.0639e-05   -5.73399e-06      0.0249324      0.0341854
     -0.0981591      0.0156025       -0.10856      0.0167203   -6.08255e-06     -0.0289699      0.0902192      0.0454911      -0.018086     0.00822865       0.043438      0.0214586
      -0.104447      0.0166573      -0.107333      0.0167203      0.0291455   -0.000289699     -0.0135251     -0.0125812     -0.0474751      0.0198419   -0.000522695     -0.0172598
     -0.0996818      0.0158758      -0.106107      0.0167203       0.029437   -2.89699e-06       0.110305     -0.0164542     -0.0606796     0.00728987     -0.0339973     -0.0430178
     -0.0914671      0.0151507      -0.102427      0.0167203      0.0877311   -2.89699e-08       0.150082     -0.0429487      -0.040806     -0.0145519     -0.0520379     -0.0352993
     -0.0950855      0.0211059      -0.102427      0.0179421    0.000877311      0.0290315       0.117186      0.0594733      -0.021304     -0.0239213     -0.0185608     -0.0169306
     -0.0945693      0.0224286        -0.1012       0.019164      0.0291545      0.0293219      0.0881968       0.034912     -0.0138794     -0.0169224     -0.0152996    -0.00812654
      -0.094371      0.0226372     -0.0999733      0.0203859      0.0294371      0.0293247       0.063324      0.0212493     -0.0189585    -0.00382425   -0.000953677       0.011229
     -0.0848036      0.0211897     -0.0950667      0.0203859       0.116877    0.000293247       0.117998      0.0157493     -0.0350843    -0.00252963      0.0234108      0.0280628
     -0.0805853       0.022896     -0.0926133      0.0216077      0.0594602      0.0290345       0.188668      0.0146189     -0.0437458      0.0104111      0.0327139      0.0333972
     -0.0807615      0.0209786     -0.0889333      0.0216077      0.0880314    0.000290345      0.0528412     -0.0101361      -0.037627      0.0198195        0.03408      0.0346403
     -0.0708258      0.0262719     -0.0840267      0.0228296       0.117463      0.0290345       0.202172      0.0757382     -0.0340632      0.0212246      0.0352011     0.00260639
     -0.0707517      0.0246401     -0.0803467      0.0240515      0.0886114      0.0293219      0.0971145     -0.0293017      -0.034244      0.0212676     -0.0299898     -0.0295341
     -0.0677711      0.0262875     -0.0766667      0.0240515       0.088323    0.000293219       0.118772      0.0542832      -0.010186     0.00880336     -0.0290776     -0.0483526
     -0.0592264      0.0303385     -0.0705333      0.0264952       0.146611      0.0580656       0.137343      0.0218809     -0.0045357     -0.0225694     -0.0676286      -0.056815
     -0.0609809      0.0325179       -0.06808       0.027717      0.0597572      0.0296122      0.0955888      0.0713675      0.0106234     -0.0246495     -0.0459995     -0.0411346
      -0.056662      0.0342329        -0.0644      0.0289389      0.0880345      0.0293277       0.101977      0.0734938      0.0161215     -0.0306546     -0.0362698     -0.0354185
     -0.0531493      0.0333078     -0.0594933      0.0301608       0.117463      0.0293248      0.0369442      0.0230577      0.0138175     -0.0185608     -0.0345673      -0.016928
     -0.0533819      0.0360608       -0.05704      0.0313826      0.0594657      0.0293248      0.0329006      0.0802473    -0.00150027     -0.0167139    0.000712395    -0.00281164
     -0.0474007      0.0362775       -0.05336      0.0326045      0.0880315      0.0293249      0.0819948      0.0428415     -0.0104417    -0.00951232    -0.00633463    -0.00564556
     -0.0392801      0.0337369     -0.0472267      0.0338264       0.146608      0.0293248      0.0972471     -0.0240343      0.0151331     0.00188206    -0.00495609      0.0167823
     -0.0438889      0.0352847         -0.046      0.0350482      0.0306119      0.0293248     0.00338731     -0.0022926      0.0186088    -0.00257255      0.0385194       0.059751
     -0.0554744      0.0341329     -0.0509067      0.0350482      -0.116276    0.000293248     -0.0322449    -0.00377365    -0.00336661     0.00646566      0.0809822      0.0855536
     -0.0634234      0.0366172     -0.0558133       0.037492      -0.117745      0.0580661      -0.101111     -0.0346644     -0.0149124       0.030678       0.090126       0.104493
     -0.0654205      0.0348468     -0.0594933       0.037492     -0.0886143    0.000580661     -0.0650404     -0.0237918     -0.0207072      0.0489567        0.11886       0.113203
     -0.0679642       0.032437     -0.0631733       0.037492     -0.0883229    5.80661e-06     -0.0518179     -0.0817198     -0.0351864      0.0547615       0.107545       0.106716
     -0.0666789      0.0299566     -0.0656267       0.037492     -0.0591748    5.80661e-08      0.0122985      -0.125638     -0.0369197      0.0625582       0.105886       0.120265
     -0.0754693      0.0276784       -0.07176      0.0350482       -0.14632     -0.0580631     -0.0171776     -0.0610984     -0.0388408      0.0546266       0.134645       0.112442
     -0.0778489      0.0272739     -0.0742133      0.0350482     -0.0597543   -0.000580631     -0.0794064      -0.137215     -0.0441108      0.0599075        0.09024      0.0945773
     -0.0777475      0.0290069     -0.0766667      0.0350482     -0.0588888   -5.80631e-06     0.00395702     -0.0747336      -0.063962      0.0618158      0.0989151      0.0944409
     -0.0769075      0.0213411       -0.07912      0.0313826     -0.0588803     -0.0870947      0.0641976      -0.131171      -0.068278      0.0466664      0.0899668      0.0819283
      -0.078116      0.0213989       -0.07912      0.0301608   -0.000588803     -0.0299025     -0.0229966      -0.126453     -0.0506966       0.051493      0.0738902      0.0768065
     -0.0781207      0.0192782     -0.0803467       0.027717     -0.0291514     -0.0583621       0.062572      -0.101547     -0.0478691      0.0428499      0.0797229      0.0723782
     -0.0764811      0.0192723     -0.0803467      0.0264952   -0.000291514     -0.0296152      0.0647956      -0.100699     -0.0480105      0.0377669      0.0650349      0.0606189
     -0.0796416      0.0166164     -0.0803467      0.0240515   -2.91514e-06     -0.0583588     -0.0111429     -0.0897299     -0.0243072      0.0376587      0.0562029      0.0462651
     -0.0725762     0.00857338     -0.0778933       0.019164      0.0582914       -0.11671       0.084893      -0.132166     -0.0286823      0.0316149      0.0363278      0.0255895
     -0.0727413     0.00802641     -0.0766667      0.0167203      0.0297284     -0.0592302      0.0461379      -0.120335     -0.0203767      0.0240492      0.0148516      0.0159736
     -0.0699934     0.00761809     -0.0742133      0.0142765      0.0585885     -0.0586554      0.0437376     -0.0781025     -0.0165792      0.0128839      0.0170956      0.0144668
     -0.0687952     0.00637655     -0.0729867      0.0118328      0.0297314     -0.0586492      0.0658256     -0.0624816     -0.0191053      0.0100266      0.0118375     0.00485277
      -0.059953    -0.00677318     -0.0693067     0.00572348      0.0877339      -0.145744       0.141712      -0.176809     -0.0173974      0.0111822    -0.00213104      0.0152125
      -0.060255    -0.00682009     -0.0668533     0.00205788      0.0591689     -0.0885521      0.0599933     -0.0928187     -0.0216072     0.00417291      0.0325561      0.0345869
      -0.056282     -0.0070937        -0.0644   -0.000385857      0.0588827     -0.0589486       0.111571     -0.0821462     -0.0477207      0.0126814      0.0366178      0.0354962
     -0.0553258     -0.0132951     -0.0619467    -0.00405144      0.0588798     -0.0876837      0.0550062        -0.1263     -0.0639333       0.022141      0.0343747       0.042798
     -0.0360638     -0.0263697       -0.05336     -0.0113826       0.204608      -0.175066       0.230141      -0.187434     -0.0684107      0.0205927      0.0512223      0.0595698
     -0.0372734     -0.0261808       -0.04968     -0.0150482      0.0894828     -0.0888453        0.15339      -0.131158     -0.0555935      0.0249346      0.0679178       0.066432
     -0.0356551     -0.0244454         -0.046      -0.017492      0.0883317     -0.0589511       0.133025     -0.0667838     -0.0394627      0.0342656      0.0649471      0.0417452
     -0.0346006     -0.0334111       -0.04232     -0.0223794      0.0883202      -0.116716      0.0809154      -0.151774     -0.0243802      0.0356032      0.0185428     0.00918627
     -0.0504996     -0.0409589     -0.0374133     -0.0309325       0.117466      -0.204388      -0.121807      -0.151458     -0.0148883      0.0181484   -0.000170676      0.0166221
      -0.045149     -0.0380432     -0.0398667     -0.0333762     -0.0571168     -0.0601069     -0.0458126     -0.0199967   -0.000160481     0.00235652      0.0334163      0.0152173
     -0.0479416     -0.0390763       -0.04232     -0.0358199     -0.0588622      -0.058664     -0.0885482     -0.0302593    -0.00648549      0.0128943    -0.00298454     -0.0267035
     -0.0466999     -0.0429891     -0.0447733     -0.0382637     -0.0588797     -0.0586497     0.00429905      -0.070603     -0.0379733     0.00913082     -0.0504223     -0.0558386
      -0.045397     -0.0578249         -0.046     -0.0455949     -0.0297346      -0.174776     0.00422616      -0.168205      -0.053519     -0.0176525     -0.0612538     -0.0423846
     -0.0424378     -0.0542267     -0.0472267     -0.0480386     -0.0294431     -0.0598108      0.0962402      -0.069297     -0.0751482      -0.028368     -0.0235145    -0.00550718
     -0.0399653     -0.0551926     -0.0472267     -0.0504823   -0.000294431      -0.058661       0.093684     -0.0529944     -0.0871322     -0.0156113      0.0125003      0.0269566
     -0.0378174     -0.0568678     -0.0472267      -0.052926   -2.94431e-06     -0.0586497       0.138715     -0.0291958      -0.104277     0.00497686      0.0414124      0.0375676
     -0.0333114      -0.072414     -0.0447733     -0.0602572      0.0582916      -0.174776       0.133968      -0.156806       -0.11639      0.0192755      0.0337238      0.0349793
     -0.0330577     -0.0707064     -0.0435467      -0.062701      0.0297282     -0.0598106       0.137525     -0.0914823      -0.121038      0.0210835      0.0362349      0.0297284
     -0.0267436     -0.0708904     -0.0398667     -0.0651447      0.0877341     -0.0586612       0.171517      -0.059647      -0.112409      0.0184696      0.0232224      0.0060091
     -0.0258222     -0.0716145     -0.0374133     -0.0675884      0.0591688     -0.0586498        0.15759     -0.0372225     -0.0819574      0.0129206     -0.0112035     -0.0370606
     -0.0160192     -0.0761798       -0.03128      -0.071254        0.14632     -0.0876809       0.204252     -0.0564246     -0.0532227    -0.00131048     -0.0629175     -0.0850175
     -0.0153519     -0.0760131        -0.0276     -0.0724759         0.0889     -0.0299083       0.163439     -0.0664347     -0.0272557      -0.025527      -0.107118      -0.100438
     -0.0142608     -0.0728309       -0.02392     -0.0736977      0.0883258     -0.0293306       0.119199      0.0336531     -0.0136376     -0.0487453     -0.0937581     -0.0948319
     -0.0109094     -0.0756883     -0.0190133     -0.0749196       0.117466     -0.0293248      0.0748773     -0.0356817      -0.013252     -0.0501586     -0.0959055     -0.0648626
      0.0118418     -0.0765976    -0.00797335     -0.0773633       0.263485     -0.0583563       0.269566       0.052209     -0.0182358     -0.0451701     -0.0338195     -0.0345532
      0.0153672     -0.0787918   -0.000613346     -0.0798071       0.177508     -0.0586466       0.179557       0.038896    -0.00549533     -0.0165502     -0.0352862     -0.0543123
      0.0156228     -0.0814211     0.00429333     -0.0810289       0.118358      -0.029618       0.134812     -0.0167902     -0.0167908     -0.0134229      -0.073338     -0.0737269
       0.023834      -0.082051      0.0104267     -0.0822508       0.146911     -0.0293277       0.175533     0.00926381      -0.023073     -0.0299306     -0.0741158     -0.0714997
      0.0479001     -0.0826852        0.02392     -0.0834727       0.322071     -0.0293248       0.289579      0.0157969     -0.0230561     -0.0382977     -0.0688828     -0.0629772
      0.0436312       -0.08276      0.0300533     -0.0834727       0.148949   -0.000293248       0.123859    -0.00595727      -0.029722     -0.0341255     -0.0570713     -0.0313998
       0.049777      -0.078585      0.0361867     -0.0834727       0.147217   -2.93248e-06       0.183098       0.114014     -0.0406778     -0.0296053    -0.00572883      -0.025544
       0.056645     -0.0797669      0.0435467     -0.0834727       0.176346   -2.93248e-08       0.142912      0.0466693     -0.0118803    -0.00323106      -0.045362     -0.0617393
      0.0606163     -0.0821718        0.04968     -0.0834727       0.147492   -2.93248e-10       0.134181    0.000254583     0.00327895     -0.0190781     -0.0781166     -0.0745804
      0.0783273     -0.0815517        0.06072     -0.0846945       0.263785     -0.0290313       0.224324      0.0743614      0.0202858     -0.0404742     -0.0710429     -0.0899688
        0.07677     -0.0796587        0.06808     -0.0834727       0.177511       0.028741      0.0310497      0.0627939      0.0318142     -0.0426831      -0.108895      -0.115788
      0.0820076     -0.0816035      0.0729867     -0.0834727       0.118358     0.00028741       0.135702   -0.000558954      0.0247768     -0.0508274       -0.12268      -0.115136
       0.105525     -0.0737266        0.08648     -0.0798071       0.321785      0.0870974       0.219449      0.0638288      0.0177631     -0.0644612      -0.107592     -0.0828203
       0.104846     -0.0701636      0.0926133     -0.0785852       0.148946      0.0299025       0.124696       0.133047     0.00739322     -0.0615672     -0.0580482     -0.0491158
       0.109956     -0.0679457      0.0987466     -0.0761415       0.147217      0.0583619       0.134854       0.100291    -0.00293889     -0.0350723     -0.0401835     -0.0281713
       0.116238     -0.0660966        0.10488     -0.0736977       0.147201      0.0586468       0.138088        0.10262   -0.000825192     -0.0213342     -0.0161587     -0.0118817
       0.119999     -0.0679551       0.109787     -0.0724759       0.118054       0.029618       0.130928      0.0532896     0.00445173     -0.0129155    -0.00760471     -0.0014985
       0.139051     -0.0594124       0.120827     -0.0675884       0.263491       0.116422       0.217893       0.096533     0.00434074    -0.00584306     0.00460815      0.0120802
       0.141234     -0.0585791        0.12696     -0.0651447       0.148363      0.0592274       0.171878      0.0900578    -0.00665596    -0.00193025      0.0195522      0.0144014
       0.144504     -0.0579664       0.133093      -0.062701       0.147212      0.0586553        0.11075      0.0495411     -0.0244845     0.00710582     0.00925159     0.00948334
       0.147971     -0.0516515          0.138     -0.0590354       0.118054      0.0876809       0.118042       0.105058     -0.0361139     0.00682567     0.00971508    -0.00646501
       0.169431     -0.0407746       0.150267      -0.052926       0.292636       0.146034       0.226747       0.156299     -0.0252667     0.00388049     -0.0226455     -0.0450462
       0.167034     -0.0430797       0.155173     -0.0504823        0.11951      0.0595235       0.149913      0.0766327     -0.0022042    -0.00659574      -0.067447     -0.0737415
       0.169167     -0.0442622       0.161307     -0.0492604       0.146922      0.0296268      0.0634341      0.0554506       0.016316     -0.0288731     -0.0800353     -0.0713565
       0.180636     -0.0375754       0.168667     -0.0468167       0.176343      0.0583591       0.175574       0.145151      0.0224761     -0.0400241     -0.0626767     -0.0785745
       0.196249     -0.0248805       0.180933     -0.0394855        0.29322       0.174773       0.140072       0.161514       0.040933     -0.0315789     -0.0944723     -0.0840252
       0.193995     -0.0312818        0.18584     -0.0382637       0.119514      0.0307792      0.0980688      0.0750201      0.0358436     -0.0373081     -0.0735755     -0.0494843
       0.198562     -0.0254642       0.190747     -0.0345981       0.117777      0.0874024       0.102965       0.120273      0.0392831     -0.0319431     -0.0253941    -0.00790136
       0.215646     -0.0166221        0.20056     -0.0284887       0.234343       0.146032       0.189768       0.142775      0.0412041    -0.00972093      0.0095911      0.0269804
       0.205169     -0.0210046       0.203013      -0.026045      0.0606348      0.0595232     -0.0370719      0.0391652      0.0273983      0.0108938      0.0443697      0.0705299
       0.213096      -0.018978        0.20792     -0.0236013       0.117188      0.0586583      0.0593886      0.0835888    -0.00248017      0.0258654      0.0966902      0.0866065
         0.2182     -0.0134133       0.210373     -0.0199357      0.0594626      0.0876812      0.0939258       0.078269      0.0133811      0.0548903      0.0765243      0.0711637
       0.221389     -0.0125803       0.214053      -0.017492      0.0880312      0.0589399      0.0880312      0.0589399      0.0387071      0.0475089       0.065804       0.046176
       0.250681     -0.0174428        0.22632      -0.017492       0.292337    0.000589399       0.292337    0.000589399      0.0565269      0.0382129      0.0265474      0.0145578
       0.237859     -0.0142413       0.228773     -0.0162701      0.0612141       0.029037       0.156832      0.0196548      0.0548618      0.0197766     0.00256824    -0.00639455
       0.228824     -0.0162459       0.228773     -0.0162701    0.000612141     0.00029037    0.000612141     0.00029037       0.064173     0.00536536     -0.0153574     -0.0276562
       0.228774     -0.0162699       0.228773     -0.0162701    6.12141e-06     2.9037e-06    6.12141e-06     2.9037e-06      0.0770805    -0.00336195     -0.0399551     -0.0345426
       0.228773     -0.0162701       0.228773     -0.0162701    6.12141e-08     2.9037e-08    6.12141e-08     2.9037e-08       0.077827     -0.0165194     -0.0291303     -0.0347215
       0.233661     -0.0165652       0.228773     -0.0162701    6.12141e-10     2.9037e-10       0.117313    -0.00708172      0.0740008     -0.0127723     -0.0403127     -0.0225514
       0.228773     -0.0162701       0.228773     -0.0162701    6.12141e-12     2.9037e-12    6.12141e-12     2.9037e-12      0.0621738     -0.0155357    -0.00479002     0.00379372
       0.231566     -0.0164387       0.228773     -0.0162701    6.12141e-14     2.9037e-14      0.0335181    -0.00202336      0.0585075    -0.00648309      0.0123782      0.0296412
       0.217725      0.0633299       0.223867      0.0167203      -0.116582       0.783851     -0.0736963       0.559316      0.0543999     0.00723861      0.0469041      0.0510802
       0.222043      0.0305039       0.223867      0.0167203    -0.00116582     0.00783851     -0.0218888       0.165403      0.0472922      0.0201079      0.0552549      0.0529923
       0.223345      0.0206631       0.223867      0.0167203   -1.16582e-05    7.83851e-05    -0.00626227      0.0473141      0.0366995      0.0290724      0.0507293      0.0511055
       0.223718      0.0178468       0.223867      0.0167203   -1.16582e-07    7.83851e-07     -0.0017893      0.0135189      0.0248861      0.0271008      0.0514817      0.0553851
       0.223824      0.0170421       0.223867      0.0167203   -1.16582e-09    7.83851e-09   -0.000511228     0.00386254      0.0238857       0.026618      0.0592885      0.0634761
       0.223854      0.0168122       0.223867      0.0167203   -1.16582e-11    7.83851e-11   -0.000146063     0.00110359      0.0212896      0.0295594      0.0676641      0.0729814
       0.223863      0.0167465       0.223867      0.0167203   -1.16582e-13    7.83851e-13   -4.17322e-05    0.000315309      0.0122735      0.0339322      0.0782981      0.0763535
       0.223866      0.0167278       0.223867      0.0167203   -1.16582e-15    7.83851e-15   -1.19204e-05    9.00839e-05     0.00769672      0.0388797      0.0744095      0.0821776
       0.223866      0.0167224       0.223867      0.0167203   -1.16582e-17    7.83851e-17   -3.40494e-06    2.57384e-05       0.010008      0.0394544      0.0899463       0.101816
       0.223867      0.0167209       0.223867      0.0167203   -1.16582e-19    7.83851e-19   -9.73393e-07    7.35293e-06      0.0156547       0.045576       0.113686       0.108603
       0.223867      0.0167204       0.223867      0.0167203   -1.16582e-21    7.83851e-21   -2.74123e-07     2.1035e-06      0.0156328      0.0577334       0.103518       0.107657
       0.235713      0.0786689       0.228773      0.0423794       0.116582       0.609662      0.0832728       0.435473      0.0147156      0.0586721       0.111795       0.111327
       0.230825      0.0531107       0.228773      0.0423794     0.00116582     0.00609662       0.024625       0.128776      0.0142265      0.0564365       0.110858       0.106958
        0.22936      0.0454491       0.228773      0.0423794    1.16582e-05    6.09662e-05     0.00704403      0.0368366      0.0142265      0.0564365       0.103058      0.0965238
       0.228941      0.0432565       0.228773      0.0423794    1.16582e-07    6.09662e-07     0.00201266      0.0105252      0.0142265      0.0564365      0.0899892      0.0836754
       0.228821        0.04263       0.228773      0.0423794    1.16582e-09    6.09662e-09    0.000575046      0.0030072      0.0142265      0.0564365      0.0773621      0.0732827
       0.228787       0.042451       0.228773      0.0423794    1.16582e-11    6.09662e-11      0.0001643    0.000859197      0.0142265      0.0564365      0.0692034      0.0688272
       0.228777      0.0423999       0.228773      0.0423794    1.16582e-13    6.09662e-13    4.69323e-05    0.000245484      0.0142265      0.0564365      0.0684509      0.0680337
       0.228774      0.0423853       0.228773      0.0423794    1.16582e-15    6.09661e-15     1.3411e-05    7.01391e-05      0.0142265      0.0564365      0.0676165      0.0674443
       0.228774      0.0423811       0.228773      0.0423794    1.16582e-17    6.09661e-17    3.83382e-06    2.00433e-05      0.0142265      0.0564365      0.0672722      0.0644135
       0.228773      0.0423799       0.228773      0.0423794    1.16582e-19    6.09661e-19    1.09715e-06    5.73353e-06      0.0142265      0.0564365      0.0615544      0.0563087
       0.228773      0.0423796       0.228773      0.0423794    1.16582e-21    6.09661e-21    3.13471e-07    1.63904e-06      0.0142265      0.0564365      0.0510626      0.0530281
       0.228773      0.0423795       0.228773      0.0423794    1.16582e-23    6.09661e-23    9.01171e-08    4.69183e-07      0.0142265      0.0564365      0.0549932       0.059444
       0.228773      0.0423794       0.228773      0.0423794    1.16582e-25    6.09661e-25    2.92935e-08    1.32723e-07      0.0142265      0.0564365      0.0638947      0.0640035
       0.228773      0.0423794       0.228773      0.0423794    1.16582e-27    6.09661e-27    1.45746e-08    3.93473e-08      0.0142265      0.0564365      0.0641122      0.0635233
       0.228773      0.0423794       0.228773      0.0423794    1.16582e-29    6.09661e-29    6.60187e-09    1.47878e-08      0.0142265      0.0564365      0.0629349      0.0572324
       0.228773      0.0423794       0.228773      0.0423794    1.16582e-31    6.09661e-31    2.77268e-09    1.04301e-08      0.0142265      0.0564365      0.0515299      0.0487952
       0.228773      0.0423794       0.228773      0.0423794    1.16582e-33    6.09661e-33   -9.42382e-11    4.75291e-09      0.0142265      0.0564365       0.046061      0.0433264
       0.228773      0.0423794       0.228773      0.0423794    1.16582e-35    6.09661e-35    3.07559e-09    1.35798e-09      0.0142265      0.0564365      0.0405922      0.0378575
       0.228773      0.0423794       0.228773      0.0423794    1.16582e-37    6.09661e-37    1.00755e-08   -5.81704e-09      0.0142265      0.0564365      0.0351229      0.0323887
       0.228773      0.0423794       0.228773      0.0423794    1.16582e-39    6.09661e-39    9.08375e-09    4.41869e-14      0.0142265      0.0564365       0.029654      0.0269198
       0.228773      0.0423794       0.228773      0.0423794    1.16588e-41    6.09663e-41    1.05733e-08    3.98896e-09      0.0142265      0.0564365      0.0241852       0.021451
       0.228773      0.0423794       0.228773      0.0423794    1.16308e-43    6.09565e-43    6.12346e-09    5.57188e-09      0.0142265      0.0564365      0.0187163      0.0164485
       0.228773      0.0423794       0.228773      0.0423794     1.4013e-45    5.60519e-45    1.74956e-09    5.58092e-09      0.0142265      0.0564365      0.0141807      0.0131326
       0.228773      0.0423794       0.228773      0.0423794              0              0    1.38631e-09    2.03777e-09      0.0142265      0.0564365       0.012085     0.00764847
       0.228773      0.0423794       0.228773      0.0423794              0              0    5.82549e-09   -2.07708e-09      0.0142265      0.0564365      0.0032115     0.00290823
       0.228773      0.0423794       0.228773      0.0423794              0              0    1.27449e-08   -2.36632e-09      0.0142265      0.0564365     0.00260544     0.00293207
       0.228773      0.0423794       0.228773      0.0423794              0              0    1.16193e-08    2.10341e-10      0.0142265      0.0564365     0.00325918     0.00784826
       0.228773      0.0423794       0.228773      0.0423794              0              0    1.35138e-08      8.038e-09      0.0142265      0.0564365      0.0124369     0.00851154
       0.228773      0.0423794       0.228773      0.0423794              0              0    7.18522e-09    1.29338e-08      0.0142265      0.0564365     0.00458622   -0.000494636
       0.228773      0.0423794       0.228773      0.0423794              0              0    2.80053e-10    1.00389e-08      0.0142265      0.0564365    -0.00557544    -0.00686667
       0.228773      0.0423794       0.228773      0.0423794              0              0    2.73931e-09    3.31148e-09      0.0142265      0.0564365    -0.00815795     -0.0118392
       0.228773      0.0423794       0.228773      0.0423794              0              0     4.3284e-09    -8.2673e-10      0.0142265      0.0564365     -0.0155205     -0.0133076
       0.228773      0.0423794       0.228773      0.0423794              0              0    6.55529e-09    8.71834e-10      0.0142265      0.0564365     -0.0110945      -0.009381
       0.228773      0.0423794       0.228773      0.0423794              0              0    7.19155e-09    1.35714e-09      0.0142265      0.0564365    -0.00766754    -0.00966335
       0.228773      0.0423794       0.228773      0.0423794              0              0    3.49518e-09    3.04705e-09      0.0142265      0.0564365     -0.0116592     -0.0114661
       0.228773      0.0423794       0.228773      0.0423794              0              0     1.1219e-10    3.08667e-09      0.0142265      0.0564365     -0.0112731     -0.0068481
       0.228773      0.0423794       0.228773      0.0423794              0              0    -8.5438e-10    2.37777e-09      0.0142265      0.0564365    -0.00242314    0.000424862
       0.228773      0.0423794       0.228773      0.0423794              0              0    1.08554e-09   -1.97994e-09      0.0142265      0.0564365     0.00327301     0.00975132
       0.228773      0.0423794       0.228773      0.0423794              0              0    8.73127e-09   -2.33856e-09      0.0142265      0.0564365      0.0162292       0.021275
       0.228773      0.0423794       0.228773      0.0423794              0              0    1.60823e-09   -8.89773e-10      0.0142265      0.0564365      0.0263209      0.0315351
       0.228773      0.0423794       0.228773      0.0423794              0              0    2.67558e-09    2.40508e-09      0.0142265      0.0564365      0.0367494      0.0423689
       0.228773      0.0423794       0.228773      0.0423794              0              0    3.26447e-09     4.2329e-09      0.0142265      0.0564365      0.0479879       0.046381
       0.228773      0.0423794       0.228773      0.0423794              0              0    4.62724e-11     1.2094e-09      0.0142265      0.0564365      0.0447741      0.0411153
       0.228773      0.0423794       0.228773      0.0423794              0              0    1.32223e-11   -9.84104e-10      0.0142265      0.0564365       0.037456      0.0325289
       0.228773      0.0423794       0.228773      0.0423794              0              0    1.33343e-09   -1.16761e-09      0.0142265      0.0564365      0.0276017      0.0231104
       0.228773      0.0423794       0.228773      0.0423794              0              0    7.47245e-09    -7.7682e-10      0.0142265      0.0564365      0.0186191      0.0230021
       0.228773      0.0423794       0.228773      0.0423794              0              0    9.22646e-09    4.04401e-09      0.0142265      0.0564365      0.0273857       0.031301
       0.228773      0.0423794       0.228773      0.0423794              0              0    2.19292e-09    2.04187e-09      0.0142265      0.0564365      0.0352163      0.0405478
       0.228773      0.0423794       0.228773      0.0423794              0              0    4.17228e-09    1.46982e-09      0.0142265      0.0564365      0.0458794      0.0472555
       0.228773      0.0423794       0.228773      0.0423794              0              0    3.05651e-10   -2.44872e-10      0.0142265      0.0564365      0.0486321      0.0445838
       0.228773      0.0423794       0.228773      0.0423794              0              0     9.7376e-10    2.58934e-09      0.0142265      0.0564365      0.0405359      0.0320983
       0.228773      0.0423794       0.228773      0.0423794              0              0    3.38073e-09   -1.46619e-10      0.0142265      0.0564365      0.0236611      0.0194783
       0.228773      0.0423794       0.228773      0.0423794              0              0    1.16031e-08   -8.45225e-10      0.0142265      0.0564365      0.0152955     0.00768948
       0.228773      0.0423794       0.228773      0.0423794              0              0     1.3066e-08    5.52033e-09      0.0142265      0.0564365    8.39233e-05    -0.00607306
       0.228773      0.0423794       0.228773      0.0423794              0              0    9.05174e-09     1.1328e-08      0.0142265      0.0564365     -0.0122298     -0.0107209
       0.228773      0.0423794       0.228773      0.0423794              0              0    1.69978e-09     8.9984e-09      0.0142265      0.0564365    -0.00921192    -0.00864392
       0.228773      0.0423794       0.228773      0.0423794              0              0   -4.00785e-10    4.12223e-09      0.0142265      0.0564365    -0.00807592    -0.00624666
       0.228773      0.0423794       0.228773      0.0423794              0              0    6.69995e-09   -1.48152e-09      0.0142265      0.0564365    -0.00441732    -0.00522114
       0.228773      0.0423794       0.228773      0.0423794              0              0    9.00575e-09    -3.0826e-09      0.0142265      0.0564365    -0.00602511    -0.00362659
       0.228773      0.0423794       0.228773      0.0423794              0              0    7.00524e-09    1.88936e-09      0.0142265      0.0564365    -0.00122817     0.00263071
       0.228773      0.0423794       0.228773      0.0423794              0              0    3.99598e-09    3.19912e-09      0.0142265      0.0564365     0.00648975     0.00975704
       0.228773      0.0423794       0.228773      0.0423794              0              0    4.02262e-09    8.89194e-09      0.0142265      0.0564365      0.0130248       0.018477
       0.228773      0.0423794       0.228773      0.0423794              0              0   -6.23547e-10     6.1971e-09      0.0142265      0.0564365      0.0239291      0.0253839
       0.228773      0.0423794       0.228773      0.0423794              0              0    2.65059e-10    8.84168e-10      0.0142265      0.0564365      0.0268388      0.0317407
       0.228773      0.0423794       0.228773      0.0423794              0              0    6.61318e-09   -3.29312e-09      0.0142265      0.0564365       0.036643      0.0360498
       0.228773      0.0423794       0.228773      0.0423794              0              0    6.32165e-09    1.67149e-10      0.0142265      0.0564365      0.0354562      0.0353489
       0.228773      0.0423794       0.228773      0.0423794              0              0    8.01123e-09    4.92314e-09      0.0142265      0.0564365      0.0352411      0.0371099
       0.228773      0.0423794       0.228773      0.0423794              0              0    9.15879e-09    1.11574e-08      0.0142265      0.0564365      0.0389781       0.037221
       0.228773      0.0423794       0.228773      0.0423794              0              0    3.50323e-09    4.51749e-09      0.0142265      0.0564365      0.0354633      0.0367894
       0.228773      0.0423794       0.228773      0.0423794              0              0    2.77379e-09     2.4403e-09      0.0142265      0.0564365      0.0381155      0.0383258
       0.228773      0.0423794       0.228773      0.0423794              0              0    1.12493e-09   -1.96207e-09      0.0142265      0.0564365      0.0385361      0.0382409
       0.228773      0.0423794       0.228773      0.0423794              0              0    5.64001e-09    -3.2199e-09      0.0142265      0.0564365      0.0379453      0.0379601
       0.228773      0.0423794       0.228773      0.0423794              0              0    1.31351e-08    1.73933e-09      0.0142265      0.0564365      0.0379748      0.0353532
       0.228773      0.0423794       0.228773      0.0423794              0              0    9.51471e-09    6.70199e-09      0.0142265      0.0564365      0.0327315      0.0343037
       0.228773      0.0423794       0.228773      0.0423794              0              0    4.04814e-09    9.00633e-09      0.0142265      0.0564365      0.0358753      0.0349021
       0.228773      0.0423794       0.228773      0.0423794              0              0     2.7018e-10    7.22702e-09      0.0142265      0.0564365      0.0339284      0.0278082
       0.228773      0.0423794       0.228773      0.0423794              0              0   -8.09243e-10    2.50808e-09      0.0142265      0.0564365      0.0216875      0.0185866
       0.228773      0.0423794       0.228773      0.0423794              0              0    8.76831e-10   -1.94271e-09      0.0142265      0.0564365      0.0154853      0.0131812
       0.228773      0.0423794       0.228773      0.0423794              0              0    2.02339e-09   -1.44149e-09      0.0142265      0.0564365      0.0108767      0.0127044
       0.228773      0.0423794       0.228773      0.0423794              0              0   -3.08319e-10    3.13589e-11      0.0142265      0.0564365      0.0145316       0.011148
       0.228773      0.0423794       0.228773      0.0423794              0              0    1.39391e-09    8.95392e-10      0.0142265      0.0564365     0.00776386     0.00409746
       0.228773      0.0423794       0.228773      0.0423794              0              0    1.72791e-09    4.68799e-09      0.0142265      0.0564365    0.000431061    -0.00430667
       0.228773      0.0423794       0.228773      0.0423794              0              0    1.38013e-09    2.66908e-09      0.0142265      0.0564365    -0.00904416     -0.0113367
       0.228773      0.0423794       0.228773      0.0423794              0              0    2.16719e-09   -1.01027e-09      0.0142265      0.0564365     -0.0136294     -0.0156788
       0.228773      0.0423794       0.228773      0.0423794              0              0    3.97588e-10   -1.17508e-09      0.0142265      0.0564365     -0.0177282     -0.0205739
       0.228773      0.0423794       0.228773      0.0423794              0              0    1.07508e-08    1.10471e-09      0.0142265      0.0564365     -0.0234195     -0.0232071
       0.228773      0.0423794       0.228773      0.0423794              0              0     1.1936e-08    8.29353e-09      0.0142265      0.0564365     -0.0229948     -0.0251019
       0.228773      0.0423794       0.228773      0.0423794              0              0    8.50729e-09    9.46106e-09      0.0142265      0.0564365     -0.0272089      -0.022013
       0.228773      0.0423794       0.228773      0.0423794              0              0    3.31709e-09    7.13533e-09      0.0142265      0.0564365      -0.016817     -0.0152495
       0.228773      0.0423794       0.228773      0.0423794              0              0    9.47744e-10    2.65804e-10      0.0142265      0.0564365      -0.013682    -0.00911913
       0.228773      0.0423794       0.228773      0.0423794              0              0    2.70847e-09   -8.10492e-10      0.0142265      0.0564365    -0.00455636   -0.000451059
       0.228773      0.0423794       0.228773      0.0423794              0              0    1.14111e-08   -1.56122e-09      0.0142265      0.0564365     0.00365448     0.00672626
       0.228773      0.0423794       0.228773      0.0423794              0              0    1.38975e-08    2.35174e-09      0.0142265      0.0564365     0.00979805      0.0109906
       0.228773      0.0423794       0.228773      0.0423794              0              0    1.08406e-08    6.87696e-09      0.0142265      0.0564365      0.0121832      0.0165558
       0.228773      0.0423794       0.228773      0.0423794              0              0     5.3134e-09    6.39702e-09      0.0142265      0.0564365      0.0209284      0.0153694
       0.228773      0.0423794       0.228773      0.0423794              0              0    4.17742e-09    5.59507e-09      0.0142265      0.0564365     0.00980949       0.011487
       0.228773      0.0423794       0.228773      0.0423794              0              0    2.07998e-09    7.12161e-10      0.0142265      0.0564365      0.0131636      0.0110569
       0.228773      0.0423794       0.228773      0.0423794              0              0    7.96276e-09   -6.82961e-10      0.0142265      0.0564365     0.00894976     0.00932646
       0.228773      0.0423794       0.228773      0.0423794              0              0    7.59368e-09   -1.95131e-10      0.0142265      0.0564365     0.00970316      0.0102444
       0.228773      0.0423794       0.228773      0.0423794              0              0    8.37466e-09     3.9332e-09      0.0142265      0.0564365      0.0107851     0.00770473
       0.228773      0.0423794       0.228773      0.0423794              0              0    5.27368e-09    2.89664e-09      0.0142265      0.0564365     0.00462437      0.0028677
       0.228773      0.0423794       0.228773      0.0423794              0              0     2.3932e-09   -5.88195e-11      0.0142265      0.0564365     0.00111103     -0.0021219
       0.228773      0.0423794       0.228773      0.0423794              0              0    5.11594e-09    7.58821e-10      0.0142265      0.0564365    -0.00535475     -0.0103429
       0.228773      0.0423794       0.228773      0.0423794              0              0    2.29273e-09   -1.55606e-09      0.0142265      0.0564365     -0.0153312     -0.0157609
       0.228773      0.0423794       0.228773      0.0423794              0              0     9.5194e-09   -3.10389e-09      0.0142265      0.0564365     -0.0161906      -0.015432
       0.228773      0.0423794       0.228773      0.0423794              0              0     4.4927e-09   -4.43613e-10      0.0142265      0.0564365     -0.0146734    -0.00754595
       0.228773      0.0423794       0.228773      0.0423794              0              0    7.04545e-09    6.07829e-09      0.0142265      0.0564365   -0.000417862   -0.000464131
       0.228773      0.0423794       0.228773      0.0423794              0              0    4.45068e-09    4.39596e-09      0.0142265      0.0564365   -0.000510442   -0.000649393
       0.228773      0.0423794       0.228773      0.0423794              0              0    3.93093e-09    4.37236e-09      0.0142265      0.0564365   -0.000788345    -0.00109401
       0.228773      0.0423794       0.228773      0.0423794              0              0    2.00956e-09    8.06032e-10      0.0142265      0.0564365    -0.00139966    -0.00448475
       0.228773      0.0423794       0.228773      0.0423794              0              0   -2.30675e-09    2.00316e-09      0.0142265      0.0564365    -0.00756983    -0.00805727
       0.228773      0.0423794       0.228773      0.0423794              0              0    2.00022e-09   -7.57318e-10      0.0142265      0.0564365     -0.0085448    -0.00981183
       0.228773      0.0423794       0.228773      0.0423794              0              0    4.11723e-09    3.32936e-09      0.0142265      0.0564365     -0.0110789     -0.0129872
