      -0.139217      0.0911545      -0.117147      0.0252733      -0.264845       0.790574      -0.264845       0.790574   -8.53789e-05    1.28627e-05   -1.17563e-06     0.00787354
      -0.103111      0.0139475      -0.117147      0.0252733    -0.00264845     0.00790574       0.178772      -0.208932   -8.53789e-05    1.28627e-05      0.0157466      0.0468478
      -0.109012      0.0230008      -0.117147      0.0252733   -2.64845e-05    7.90574e-05      0.0726865      0.0767537      -0.013939      0.0048499      0.0779486      0.0571809
      -0.112978      0.0251002       -0.11592      0.0252733      0.0291454    7.90574e-07      0.0020275     -0.0212744     -0.0372384       0.029905      0.0364132      0.0246534
      -0.111452      0.0216807       -0.11592      0.0240515    0.000291454     -0.0290316      0.0817274     -0.0215794     -0.0491406      0.0278841      0.0128927    -0.00654701
      -0.110155       0.015504      -0.114693      0.0216077      0.0291484     -0.0583534      0.0461788      -0.100577     -0.0358666     0.00627958     -0.0259864     -0.0211316
      -0.106454      0.0247969      -0.113467      0.0228296       0.029437       0.028448       0.123732      0.0524965     -0.0240599    -0.00797631     -0.0162762     -0.0335217
       -0.10572      0.0251834       -0.11224      0.0240515      0.0294401       0.029316      0.0912232     -0.0191879    -0.00519016    -0.00973715     -0.0507675     -0.0328575
      -0.105349      0.0246217      -0.111013      0.0240515      0.0294399     0.00029316      0.0705258      0.0110739    -0.00866761       -0.01772     -0.0149456    0.000897408
      -0.102904      0.0245971      -0.109787      0.0240515      0.0294399     2.9316e-06      0.0972207      0.0109562     -0.0280788     -0.0134986      0.0167398      0.0269976
      -0.104894      0.0237838       -0.10856      0.0240515      0.0294403     2.9316e-08     0.00421783    -0.00108743     -0.0428272     0.00734519      0.0372553      0.0437365
     -0.0918828      0.0219172      -0.103653      0.0228296       0.116877     -0.0290315       0.170353      0.0105466     -0.0538295      0.0178275      0.0502176      0.0322046
     -0.0918888      0.0183658        -0.1012      0.0216077        0.05946     -0.0293219       0.114565     -0.0523169     -0.0374567      0.0243192      0.0141892     0.00517559
     -0.0870461      0.0198984       -0.09752      0.0216077      0.0880314   -0.000293219       0.147279     -0.0228938     -0.0128314       0.021055    -0.00383804     -0.0105011
     -0.0879014      0.0180039     -0.0950667      0.0203859      0.0591714     -0.0290345      0.0828196     -0.0327288     0.00331828     0.00131582      -0.017164     -0.0182035
     -0.0830021       0.024109     -0.0913867      0.0216077      0.0880286      0.0287412       0.112605      0.0441322     0.00782642    -0.00428642     -0.0192431     -0.0302554
     -0.0805516      0.0227042     -0.0877067      0.0216077       0.088317    0.000287412      0.0738283     0.00429844     0.00884578    -0.00667537     -0.0412682     -0.0394621
     -0.0807522      0.0240409     -0.0852533      0.0216077      0.0591744    2.87412e-06      0.0422311       0.045713     0.00662467     -0.0138012     -0.0376563     -0.0461362
     -0.0759792      0.0223067        -0.0828      0.0216077      0.0588828    2.87412e-08       0.114345     -0.0101006     0.00773773     -0.0173211     -0.0546157     -0.0380279
     -0.0682969      0.0261112     -0.0766667      0.0228296       0.146317      0.0290316      0.0681271       0.050499      0.0226139     -0.0206409     -0.0214404     -0.0126185
     -0.0680775      0.0288676     -0.0742133      0.0240515      0.0597544      0.0293218      0.0883471      0.0762331      0.0210408     -0.0156174    -0.00379672     -0.0108952
     -0.0667149      0.0288046       -0.07176      0.0252733      0.0588886      0.0293248      0.0591466      0.0385863      0.0218522    -0.00177671     -0.0179923     -0.0192541
     -0.0651997       0.025464     -0.0693067      0.0252733      0.0588799    0.000293248      0.0427453     -0.0123463       0.025249    -0.00461162     -0.0205162    -0.00582635
     -0.0573548       0.028842        -0.0644      0.0264952       0.117171       0.029034      0.0752751      0.0376445      0.0199961    -0.00928105      0.0088644      0.0138659
      -0.059752      0.0307847     -0.0631733       0.027717      0.0303174      0.0293219      0.0429152      0.0457749      0.0182421    0.000466812      0.0188675      0.0132661
     -0.0591075      0.0310548     -0.0619467      0.0289389      0.0294484      0.0293248      0.0421235      0.0205913      0.0237798     0.00973212     0.00766563     0.00535727
      -0.053899      0.0250916       -0.06072      0.0289389      0.0294403    0.000293248       0.134264     -0.0926278      0.0306179     0.00807952      0.0030489      0.0157495
      -0.054849      0.0286691     -0.0594933      0.0313826      0.0294401       0.058066      0.0209389     -0.0252415      0.0258676     0.00363086      0.0284514      0.0394478
     -0.0563073      0.0321818     -0.0594933      0.0326045    0.000294401      0.0296123      0.0614598     -0.0123068     0.00943205        0.01144      0.0504441      0.0630393
     -0.0544611      0.0318027     -0.0582667      0.0326045      0.0291483    0.000296123      0.0395699    7.19707e-05     0.00166306      0.0243498       0.075634      0.0738153
     -0.0521932      0.0282031       -0.05704      0.0326045      0.0294372    2.96123e-06      0.0644285     -0.0852968    -0.00916853      0.0355744      0.0719981      0.0884767
     -0.0551095      0.0271206       -0.05704      0.0313826    0.000294372     -0.0290316     0.00396612     -0.0295788     -0.0218597      0.0425714       0.104956      0.0946903
     -0.0515931      0.0276992     -0.0558133      0.0313826      0.0291487   -0.000290316      0.0643455     -0.0523831     -0.0242746      0.0502742      0.0844259      0.0704527
     -0.0536165       0.025295     -0.0558133      0.0301608    0.000291487     -0.0290344      0.0267657     -0.0602886    -0.00966265      0.0509471       0.056478      0.0370655
     -0.0557357      0.0237706     -0.0558133      0.0289389    2.91487e-06     -0.0293219    -0.00354266      -0.074385     0.00850651      0.0346479      0.0176535     0.00634575
     -0.0547957      0.0222095     -0.0558133      0.0264952    2.91487e-08     -0.0583564      0.0370841     -0.0373711      0.0222984       0.017083    -0.00496288     -0.0280601
     -0.0568735      0.0240043     -0.0558133      0.0264952    2.91487e-10   -0.000583564     -0.0236106     -0.0560713      0.0379452     0.00348173     -0.0511575     -0.0445251
      -0.057772      0.0243958       -0.05704      0.0252733     -0.0291458     -0.0290369       0.017237     0.00332263      0.0298102     -0.0201049     -0.0378945     -0.0382376
     -0.0572547      0.0285139       -0.05704      0.0252733   -0.000291458   -0.000290369       -0.01605      0.0657291      0.0210578     -0.0159181     -0.0385809     -0.0577558
      -0.057316       0.021708       -0.05704      0.0240515   -2.91458e-06     -0.0290345     -0.0211947     -0.0733743    -0.00475755     -0.0110994     -0.0769302      -0.049671
     -0.0517775      0.0169888       -0.05704      0.0203859   -2.91458e-08      -0.087385        0.11233     -0.0126169     -0.0260252     -0.0245044     -0.0224111     -0.0158642
     -0.0566411      0.0197089       -0.05704      0.0203859   -2.91458e-10    -0.00087385     -0.0514902     -0.0160641     -0.0223829     -0.0148609    -0.00931755      0.0045023
     -0.0542549      0.0165389       -0.05704       0.019164   -2.91458e-12     -0.0290403        0.05916     -0.0370124     -0.0352208     0.00413834      0.0183229      0.0345035
     -0.0553249      0.0128866     -0.0582667      0.0167203     -0.0291457     -0.0583535       0.063259     -0.0304726     -0.0246103      0.0115013       0.050684      0.0471005
     -0.0531881      0.0104193       -0.05704      0.0154984      0.0288542     -0.0296151      0.0471325     -0.0785408       0.010666       0.030944      0.0435162      0.0497389
     -0.0591773      0.0101292     -0.0582667      0.0142765     -0.0288572     -0.0293277     -0.0239716     -0.0410345      0.0105993      0.0344392      0.0559611      0.0482845
     -0.0573712     0.00535955     -0.0582667      0.0118328   -0.000288572     -0.0583559       0.023215     -0.0881646     0.00453851      0.0342368      0.0406079      0.0366387
     -0.0516935     0.00159108     -0.0558133     0.00938908      0.0582886     -0.0586466      0.0496386      -0.109263      0.0124318      0.0324739      0.0326695      0.0383277
     -0.0562874    0.000521681       -0.05704     0.00694534     -0.0285629     -0.0586496       0.023898     -0.0695936      0.0186834      0.0262048      0.0439858      0.0370026
     -0.0559028   -0.000473655       -0.05704     0.00572348   -0.000285629     -0.0296181      0.0177095      -0.096907      0.0192663      0.0283525      0.0300188      0.0389676
     -0.0555927   -0.000958819       -0.05704     0.00450161   -2.85629e-06     -0.0293277      0.0200091     -0.0701692      0.0101034      0.0250473      0.0479164      0.0549541
     -0.0546807    -0.00548743       -0.05704     0.00205788   -2.85629e-08     -0.0583564      0.0351658      -0.103259    -0.00175753       0.027477      0.0619917      0.0723853
      -0.052046     -0.0106628     -0.0558133    -0.00160772      0.0291458     -0.0876782      0.0392841      -0.104126     -0.0120898      0.0365666      0.0827794      0.0800352
     -0.0500822     -0.0106538     -0.0545867    -0.00405144      0.0294367     -0.0589394      0.0559905     -0.0637473     -0.0194685      0.0455128      0.0772896      0.0523434
     -0.0486263     -0.0183836       -0.05336    -0.00771704      0.0294402      -0.087684      0.0616427      -0.162024     -0.0169847      0.0477135      0.0273976      0.0273504
     -0.0508135     -0.0180371       -0.05336     -0.0101608    0.000294402     -0.0589399      0.0343363     -0.0903123    -0.00719645       0.034417      0.0273051      0.0201259
     -0.0498424     -0.0275698     -0.0521333     -0.0162701      0.0291486      -0.145747        0.02361      -0.136029     0.00968096      0.0241759      0.0129461     0.00436878
     -0.0512466     -0.0236114     -0.0521333     -0.0187138    0.000291486     -0.0595201      0.0210783     -0.0338948      0.0216576      0.0221389    -0.00420892     -0.0342546
     -0.0496679     -0.0267353     -0.0509067     -0.0211576      0.0291483     -0.0586583      0.0141938     -0.0933871      0.0342381      0.0134688        -0.0643     -0.0634942
     -0.0496864     -0.0368177     -0.0509067     -0.0272669    0.000291483      -0.145744      0.0346956      -0.116699       0.038213     -0.0104427      -0.062686     -0.0517893
     -0.0515993     -0.0369134       -0.05336     -0.0297106     -0.0582881     -0.0595205       0.100545      -0.113347      0.0343575     -0.0212872     -0.0408927     -0.0255384
      -0.053817     -0.0375589     -0.0558133     -0.0309325     -0.0588739     -0.0296268      0.0374269     -0.0718597      0.0137816    -0.00917257     -0.0101838     0.00316811
      -0.061455     -0.0395792     -0.0582667     -0.0333762     -0.0588802     -0.0583593     -0.0669039       -0.08526    -0.00984874     0.00978111      0.0165195      0.0363922
     -0.0669844     -0.0497207     -0.0619467     -0.0407074     -0.0880257      -0.174773     -0.0662998     -0.0648457     -0.0328529      0.0230757      0.0562654      0.0366831
     -0.0633191     -0.0533275     -0.0631733      -0.044373     -0.0300255     -0.0888421     0.00876152      -0.121166     -0.0428156      0.0403747      0.0171022     0.00666046
     -0.0604778     -0.0581059        -0.0644     -0.0480386      -0.029446     -0.0879831      0.0894717      -0.141278     -0.0333339      0.0339383    -0.00378156     0.00341892
     -0.0673334      -0.057273     -0.0668533     -0.0504823     -0.0585855     -0.0589427     -0.0208851     -0.0778891      -0.018444      0.0156348      0.0106192      0.0135913
     -0.0729166     -0.0649149       -0.07176     -0.0565916      -0.117168      -0.145747      0.0371988     -0.0708498     -0.0236355        0.01876      0.0165634    -0.00837026
     -0.0694747     -0.0679408       -0.07176     -0.0602572    -0.00117168     -0.0885521      0.0156199       -0.10509     -0.0267921      0.0268737     -0.0333044     -0.0437538
     -0.0724075     -0.0714447     -0.0729867     -0.0639228     -0.0291572     -0.0879799    -0.00525656       -0.10004     -0.0390163      0.0103294     -0.0542018     -0.0520505
     -0.0704112     -0.0733517     -0.0742133     -0.0675884     -0.0294371     -0.0879745       0.083348     -0.0615302     -0.0492701    -0.00732578     -0.0498999     -0.0471344
      -0.067527     -0.0817526     -0.0729867     -0.0736977      0.0288512      -0.146037       0.061335     -0.0861643      -0.034382    -0.00686349     -0.0443689     -0.0457423
     -0.0705783     -0.0849077     -0.0742133     -0.0773633      -0.028857     -0.0885549       0.068473      -0.107001     -0.0273767    -0.00350524     -0.0471155     -0.0287511
     -0.0677786     -0.0853276     -0.0742133     -0.0810289    -0.00028857     -0.0879801       0.116643     -0.0180179     -0.0212407    -0.00293864     -0.0103855     -0.0194205
     -0.0750393     -0.0902356       -0.07544     -0.0859164     -0.0291486      -0.117006     -0.0343889     -0.0244371     -0.0144027     0.00827788     -0.0284542     -0.0573999
     -0.0709398     -0.0989207       -0.07544     -0.0920257   -0.000291486      -0.146328      0.0906764     -0.0746583     -0.0334021      0.0105032     -0.0863456      -0.110244
     -0.0684146      -0.101684     -0.0742133     -0.0969132      0.0291428       -0.11759       0.067145     -0.0424037       -0.03098     -0.0162351      -0.134142      -0.156131
     -0.0687699       -0.10618     -0.0729867      -0.100579       0.029437     -0.0882703      0.0387563      -0.106276      -0.022937     -0.0429059      -0.178119      -0.159774
     -0.0633757      -0.103485       -0.07176      -0.103023      0.0294399     -0.0589457       0.155711      0.0162228     -0.0193593     -0.0635288      -0.141428      -0.119612
     -0.0649288      -0.108423     -0.0705333      -0.106688      0.0294401     -0.0876838      0.0528892     -0.0201855     0.00587318     -0.0514164     -0.0977972     -0.0674712
     -0.0662464      -0.108655     -0.0705333      -0.109132    0.000294401     -0.0589401      0.0670941      0.0390806    -0.00150027     -0.0274109      -0.037146     -0.0282345
     -0.0643245       -0.10928     -0.0693067      -0.110354      0.0291483     -0.0296209      0.0567664      0.0259413     -0.0144232   -0.000132334     -0.0193231     -0.0190057
     -0.0616761      -0.115318       -0.06808      -0.112797      0.0294372     -0.0583593      0.0935591     -0.0332365     -0.0185224      0.0147903     -0.0186887     -0.0135989
     -0.0581865      -0.122846     -0.0668533      -0.117685      0.0294403       -0.11671       0.138177      -0.036347     -0.0175729      0.0151461    -0.00850938     -0.0241311
     -0.0604761      -0.120726     -0.0656267      -0.118907      0.0294396     -0.0301984      0.0332964     -0.0205972     -0.0156604      0.0172076     -0.0397527     -0.0530583
     -0.0606762       -0.12521     -0.0656267       -0.12135    0.000294396     -0.0583652      0.0820219     -0.0622023     -0.0277657     0.00911437     -0.0663635     -0.0601205
     -0.0590027      -0.121288        -0.0644      -0.122572      0.0291488     -0.0296152      0.0634097        0.05327     -0.0276803     -0.0109501     -0.0538776     -0.0721178
      -0.057118      -0.127069     -0.0631733      -0.126238      0.0294372     -0.0873907      0.0918374     0.00125722     -0.0168162     -0.0105634      -0.090359      -0.106758
     -0.0566523      -0.125368     -0.0631733       -0.12746    0.000294372     -0.0299054       0.119583      0.0395375    -0.00480857     -0.0177652      -0.123158      -0.135229
     -0.0564549      -0.129142     -0.0619467      -0.128682      0.0291482     -0.0293306      0.0573943     -0.0444053     0.00356684     -0.0378357        -0.1473      -0.121181
     -0.0628475      -0.129016     -0.0631733      -0.131125     -0.0288538     -0.0583564     -0.0198459      0.0715062     -0.0147949       -0.04977     -0.0950582     -0.0936275
     -0.0516954      -0.128913       -0.06072      -0.133569      0.0580025     -0.0586463       0.156067       0.102936     -0.0392325     -0.0459002      -0.092195      -0.113812
      -0.050019      -0.132589     -0.0582667      -0.134791      0.0588711      -0.029618      0.0818814     0.00299833     -0.0340497     -0.0249052      -0.135428      -0.131399
     -0.0478301      -0.127876       -0.05704      -0.134791      0.0297344    -0.00029618       0.150695       0.129002     -0.0335877     -0.0428139      -0.127375      -0.140746
     -0.0482062       -0.12762     -0.0558133      -0.134791      0.0294431    -2.9618e-06      0.0862321      0.0864914     -0.0330882     -0.0490582      -0.154117      -0.156223
     -0.0392069      -0.126762     -0.0521333      -0.133569      0.0877312      0.0290315       0.196871      0.0727842     -0.0358087     -0.0527952      -0.158329      -0.139406
     -0.0394082      -0.123461       -0.04968      -0.132347      0.0591684      0.0293218       0.103396       0.135853     -0.0393557     -0.0609087      -0.120483      -0.110821
     -0.0317326      -0.120926         -0.046      -0.129904      0.0880285      0.0583559       0.214921       0.102917     -0.0533761      -0.047109       -0.10116     -0.0771457
     -0.0284793      -0.115149       -0.04232      -0.126238      0.0883171      0.0876781       0.159498       0.159649       -0.06176     -0.0278771     -0.0531324     -0.0410137
     -0.0122637      -0.106815     -0.0337333       -0.12135       0.204902       0.117003       0.288642       0.207369     -0.0667353     -0.0105187     -0.0288944      -0.036679
     -0.0108259      -0.108572     -0.0300533      -0.118907      0.0894859      0.0592333       0.268275        0.12696     -0.0676729     0.00662314     -0.0444642     -0.0495532
    -0.00983929      -0.108678     -0.0251467      -0.116463       0.117477      0.0586552       0.156346      0.0908425     -0.0632019      0.0036106     -0.0546422     -0.0535414
    -0.00424777      -0.105525       -0.02024      -0.114019       0.117757      0.0586494       0.222593       0.120926     -0.0661574     -0.0054809     -0.0524406      -0.058825
      0.0175891     -0.0965784    -0.00797335      -0.109132       0.292633       0.116713       0.317462       0.167146     -0.0480497    -0.00598408     -0.0652097     -0.0767418
      0.0143783     -0.0982857    -0.00306667      -0.105466       0.119509      0.0882619       0.222318      0.0351305      -0.029959    -0.00854672     -0.0882736     -0.0564618
      0.0196825     -0.0924221     0.00306665      -0.103023       0.146923      0.0589455       0.218076       0.189382     -0.0139681     -0.0192071     -0.0246471     -0.0350496
      0.0238992     -0.0903124         0.0092      -0.100579       0.147198      0.0586525       0.175636       0.133562    0.000304555    -0.00204886     -0.0454518      -0.058885
      0.0463414     -0.0809005      0.0226933     -0.0944695       0.322073       0.145744       0.288637       0.166904     0.00586138     0.00648211      -0.072318     -0.0807776
       0.045959     -0.0846132      0.0288267     -0.0932476       0.148949       0.030489       0.222078       0.110787      0.0103523     -0.0124492     -0.0892377     -0.0940023
      0.0505714     -0.0826735      0.0361867     -0.0908039       0.176363      0.0583678       0.153768      0.0939906      0.0161199     -0.0250403     -0.0987672     -0.0893582
      0.0568434     -0.0809051      0.0435467     -0.0883601       0.176637      0.0586467        0.14896      0.0847437     0.00999436     -0.0292659     -0.0799482     -0.0572553
      0.0783956     -0.0691681        0.05704     -0.0834727       0.322368       0.116713        0.25065        0.22075      0.0106048     -0.0251261     -0.0345635     -0.0471129
      0.0810932     -0.0697464      0.0631733     -0.0810289       0.148952      0.0592302       0.261777        0.14759      0.0261659    -0.00488163      -0.059665     -0.0772016
       0.077687     -0.0728282        0.06808     -0.0785852       0.118072      0.0586553      0.0804712      0.0309689      0.0430824    -0.00441111      -0.094738     -0.0695813
      0.0813759     -0.0724976      0.0729867     -0.0773633       0.117763      0.0296181      0.0974701      0.0673992      0.0264952     -0.0253308     -0.0444219     -0.0210308
        0.10316     -0.0585478      0.0840267      -0.071254       0.263488       0.145454       0.248407       0.176526      0.0151418    -0.00600053     0.00236034     0.00494146
       0.100786     -0.0622104      0.0889333     -0.0688103       0.119217      0.0595174       0.124878      0.0644633      0.0175994      0.0214987     0.00752306      0.0224051
       0.103514     -0.0597788        0.09384     -0.0663666       0.117774      0.0586582       0.107174       0.104411     0.00889859      0.0287228      0.0372868       0.023797
       0.108965     -0.0612238      0.0987466     -0.0651447        0.11776      0.0296183       0.129451      0.0491916     0.00349197      0.0364827      0.0103073    -0.00617697
        0.11153     -0.0601141       0.103653      -0.062701       0.117761      0.0583592       0.072137     0.00441554      0.0150767      0.0347688     -0.0226612     -0.0124133
       0.128489     -0.0523226       0.113467     -0.0590354       0.234342       0.087678       0.188814      0.0951193      0.0234577      0.0151358    -0.00216709     -0.0043116
       0.117071     -0.0536371       0.117147     -0.0578135      0.0897802      0.0299083      -0.091604      0.0703247      0.0394671       0.016772    -0.00645729     -0.0136177
       0.127046     -0.0486736       0.122053     -0.0565916       0.117481      0.0293307       0.102969       0.119256      0.0573587      0.0249346     -0.0207778     -0.0384578
       0.133866     -0.0497384       0.125733     -0.0553698      0.0886114      0.0293246       0.116804      0.0615767      0.0701997      0.0180871     -0.0561376     -0.0674862
       0.137832     -0.0502752       0.131867     -0.0541479       0.146614      0.0293249      0.0327748      0.0358667      0.0758108     0.00284551     -0.0788344     -0.0723887
       0.140349     -0.0481471       0.135547      -0.052926      0.0889027      0.0293248      0.0652745      0.0624711      0.0610606     -0.0109069     -0.0659425     -0.0573876
       0.139627     -0.0469548          0.138     -0.0517042      0.0591808      0.0293248    -0.00233856      0.0577657       0.055037    -0.00957764     -0.0488324     -0.0340205
       0.146148     -0.0420952        0.14168     -0.0492604      0.0880284      0.0583564      0.0621515       0.104109      0.0461416     0.00255703     -0.0192097     -0.0176333
       0.142521     -0.0445469       0.142907     -0.0480386      0.0300258      0.0296149     -0.0371134      0.0268492      0.0442126      0.0172301     -0.0160569     0.00138521
       0.145126     -0.0426219       0.144133     -0.0468167      0.0294465      0.0293277      0.0245311      0.0730976      0.0342161      0.0229282      0.0188265      0.0143623
       0.142188     -0.0468336       0.144133     -0.0468167    0.000294465    0.000293277     -0.0424701     -0.0178242      0.0366498      0.0333962     0.00990057      0.0196366
       0.144248     -0.0433665        0.14536     -0.0455949      0.0291481      0.0290345     -0.0229245       0.044175       0.037732      0.0381515      0.0293727      0.0197783
       0.144611     -0.0464959        0.14536     -0.0455949    0.000291481    0.000290345     0.00472934     -0.0291431      0.0389867      0.0398265      0.0101848      0.0157151
        0.14385     -0.0487731        0.14536     -0.0468167    2.91481e-06     -0.0290286     -0.0218506     -0.0134447      0.0471967      0.0384337      0.0212455       0.015286
       0.141864     -0.0484812        0.14536     -0.0468167    2.91481e-08   -0.000290286     -0.0681277     -0.0313703      0.0411582      0.0383621     0.00932598      0.0119328
       0.143422     -0.0481008        0.14536     -0.0468167    2.91481e-10   -2.90286e-06     -0.0184686     -0.0180973      0.0285197      0.0377426      0.0145388       0.017838
       0.139127     -0.0496625       0.142907     -0.0480386     -0.0582914     -0.0290316     -0.0338456     -0.0079619      0.0297029      0.0361676      0.0211372      0.0118122
       0.139271     -0.0496984        0.14168     -0.0492604     -0.0297284     -0.0293217     -0.0213231      0.0160611       0.033529      0.0396057     0.00248623     -0.0261597
        0.13788     -0.0580066        0.14168     -0.0517042   -0.000297284     -0.0583564     -0.0903071      -0.123149      0.0226395      0.0353657     -0.0548057     -0.0336766
       0.139301     -0.0582873       0.140453     -0.0553698     -0.0291481     -0.0876782       0.014877      0.0194808      0.0013648       0.011172     -0.0125472     -0.0378359
       0.142602     -0.0570756        0.14168     -0.0553698      0.0288537   -0.000876782    -0.00219288      -0.057092     0.00553713     0.00760065     -0.0631238     -0.0487822
       0.138341     -0.0559683       0.140453     -0.0565916     -0.0288566       -0.02904     -0.0278822      0.0383868      0.0133283     0.00414847     -0.0344435     -0.0425099
       0.139258     -0.0636293       0.140453     -0.0602572   -0.000288566     -0.0873851     -0.0131694     -0.0435149      0.0153837    -0.00112237     -0.0505772      -0.050286
       0.135634     -0.0659488       0.139227     -0.0639228     -0.0291491     -0.0879682      -0.051374      0.0119445      0.0241204     0.00448583     -0.0499949     -0.0741871
       0.133979     -0.0718154          0.138     -0.0675884     -0.0294367     -0.0879744     -0.0470105       -0.06704      0.0298594    -0.00121654     -0.0983811     -0.0992947
        0.13583     -0.0694503          0.138     -0.0688103   -0.000294367     -0.0299113     -0.0238142    -0.00239866      0.0346848     -0.0167546      -0.100208     -0.0949638
       0.134759     -0.0715649       0.136773      -0.071254     -0.0291485      -0.058362    -0.00905563     0.00669673      0.0362921     -0.0270016     -0.0897192     -0.0844819
       0.132678     -0.0722006       0.135547     -0.0724759     -0.0294377     -0.0296151     -0.0433766    0.000372649      0.0306707     -0.0211439     -0.0792443     -0.0610611
       0.126216     -0.0771505       0.133093     -0.0761415     -0.0585847     -0.0873909      -0.121198      0.0184417     0.00914047     -0.0155112      -0.042878     -0.0427119
       0.129731     -0.0764599       0.131867     -0.0773633     -0.0297321     -0.0299053    -3.8296e-05      0.0249559     -0.0156281    -0.00017966     -0.0425478      -0.050426
       0.131376     -0.0750442       0.131867     -0.0773633   -0.000297321   -0.000299053      -0.008735       0.033875     -0.0108251      0.0121782     -0.0583047     -0.0641368
       0.124094     -0.0853631       0.128187     -0.0822508     -0.0874399      -0.116129     -0.0287051     -0.0223841      0.0102093     0.00669085      -0.069969     -0.0817243
       0.122763     -0.0870759        0.12696     -0.0846945     -0.0300196     -0.0592242     -0.0688324     -0.0324387      0.0117979    -0.00313891     -0.0934794     -0.0894602
       0.120369     -0.0846048       0.124507     -0.0859164     -0.0585918     -0.0296238     -0.0396305      0.0363313     0.00778875     -0.0109544     -0.0854423     -0.0890038
       0.117223     -0.0891054       0.122053     -0.0883601     -0.0588764     -0.0583595     -0.0668744     -0.0137521    -0.00160089     -0.0171718     -0.0925661       -0.08053
       0.121152     -0.0884345       0.122053      -0.089582   -0.000588764     -0.0296151    -0.00636211      0.0291741    -0.00370255     -0.0149813     -0.0684939     -0.0611758
       0.119409     -0.0892103       0.120827     -0.0908039     -0.0291521     -0.0293277      -0.014847       0.032679    -0.00660005     -0.0131326     -0.0538576     -0.0514153
        0.11755     -0.0930164         0.1196     -0.0932476     -0.0294369     -0.0583561     -0.0268351      0.0222276    -0.00398519    -0.00139643     -0.0489729      -0.056851
       0.119379     -0.0940293         0.1196     -0.0944695   -0.000294369     -0.0296151     0.00126817     0.00837028    -0.00304773     0.00340806     -0.0647293     -0.0676221
       0.120119     -0.0977132         0.1196     -0.0969132   -2.94369e-06     -0.0583594      0.0118713   -0.000190709    -0.00103977     0.00171016     -0.0705151      -0.073221
       0.122479      -0.096968       0.120827     -0.0981351      0.0291453     -0.0296151      0.0141115      0.0278427     0.00180635     -0.0049472      -0.075927     -0.0804135
       0.121209     -0.0973475       0.120827     -0.0993569    0.000291453     -0.0293275     0.00273973      0.0372351   -0.000543858    -0.00765921        -0.0849     -0.0898691
       0.123932     -0.0957363       0.122053     -0.0993569      0.0291492   -0.000293275      0.0233911      0.0499694      -0.002862      -0.011177     -0.0948384     -0.0942744
       0.122511      -0.094941       0.122053     -0.0993569    0.000291492   -2.93275e-06      0.0058612      0.0639446   -0.000300194     -0.0161636     -0.0937109     -0.0913382
       0.124625     -0.0968116        0.12328      -0.100579      0.0291481     -0.0290316      0.0135648      0.0651241     0.00472078     -0.0199452     -0.0889657     -0.0921481
       0.119995     -0.0922517       0.122053     -0.0993569     -0.0288537      0.0287412     -0.0286973       0.104451     0.00701353     -0.0187203     -0.0953302      -0.102704
       0.124379     -0.0962144        0.12328     -0.0993569      0.0288566    0.000287412      0.0215357      0.0131343     0.00966046     -0.0183948      -0.110078     -0.0886474
       0.120431     -0.0934433       0.122053     -0.0981351     -0.0288566      0.0290342     -0.0198647      0.0625838      0.0126072     -0.0235554     -0.0672148     -0.0427939
       0.119448     -0.0912957       0.122053     -0.0969132   -0.000288566      0.0293219      -0.054609      0.0828374      0.0128201     -0.0205079     -0.0183731    -0.00379701
       0.123549     -0.0896028        0.12328     -0.0956913      0.0291423      0.0293249     0.00649378      0.0995221     0.00446341      0.0124278      0.0107794     0.00114822
        0.12051     -0.0888688       0.122053     -0.0944695     -0.0288538      0.0293248    -0.00942289      0.0844273     0.00558672      0.0317376    -0.00848283     -0.0321322
       0.121536     -0.0907713       0.122053     -0.0932476   -0.000288537      0.0293248    0.000303869     0.00383959      0.0174377      0.0348383     -0.0557813     -0.0521624
       0.117736     -0.0950186       0.120827     -0.0944695     -0.0291491     -0.0287383     -0.0500536    -0.00927924      0.0197456      0.0135772     -0.0485429     -0.0360823
       0.123939     -0.0894933       0.122053     -0.0932476      0.0288547      0.0287441        0.03834      0.0616403     0.00914202   -0.000539553     -0.0236209     -0.0229343
       0.121246     -0.0883888       0.122053     -0.0920257    0.000288547       0.029319     -0.0375994      0.0417701    -0.00146618       0.014146     -0.0222475     -0.0161849
       0.119948     -0.0894928       0.120827     -0.0920257     -0.0291434     0.00029319     0.00374483      0.0439133    -0.00944283      0.0256035      -0.010122     -0.0149231
       0.124722     -0.0934008       0.122053     -0.0932476      0.0288548     -0.0290286      0.0407483   -0.000285748     -0.0136321      0.0265485     -0.0197241     -0.0235639
       0.122963     -0.0955082       0.122053     -0.0944695    0.000288548     -0.0293218     0.00793276     -0.0108641   -0.000285054      0.0277165     -0.0274038     -0.0290237
       0.122422     -0.0991221       0.122053     -0.0969132    2.88548e-06     -0.0583564     0.00348579     -0.0168431   -0.000813509      0.0225173     -0.0306436     -0.0367445
       0.124656       -0.10234        0.12328     -0.0993569      0.0291452     -0.0586464     0.00890636     -0.0357789      -0.003261      0.0194859     -0.0428451     -0.0431542
       0.126668      -0.101277       0.124507      -0.100579      0.0294368      -0.029618      0.0295482     0.00211538    -0.00281098      0.0159579     -0.0434638     -0.0476137
       0.127173      -0.102134       0.125733      -0.101801      0.0294404     -0.0293277      0.0106702     -0.0016966     0.00307295      0.0118979     -0.0517635     -0.0513049
       0.129118      -0.106355        0.12696      -0.104244      0.0294399     -0.0583561      0.0372127     -0.0237076      0.0114873      0.0109142     -0.0508471     -0.0466157
       0.129703      -0.105586       0.128187      -0.105466      0.0294396     -0.0296151      0.0141536      0.0114254      0.0178739     0.00704848     -0.0423849     -0.0438078
       0.130858       -0.10639       0.129413      -0.106688      0.0294406     -0.0293277      0.0152987      0.0119217      0.0201033     0.00876878     -0.0452306     -0.0481411
       0.132143       -0.10807        0.13064       -0.10791      0.0294396     -0.0293248      0.0125775   -0.000514542      0.0125833      0.0112578     -0.0510517     -0.0485582
       0.133244      -0.105983       0.131867       -0.10791      0.0294399   -0.000293248     0.00797568      0.0324922     0.00451658     0.00918399     -0.0460647     -0.0453234
       0.136413      -0.108888       0.133093      -0.109132      0.0294406     -0.0290346      0.0576777     0.00385095     0.00016651     0.00809168     -0.0445822     -0.0402108
       0.133979      -0.107411       0.133093      -0.109132    0.000294406   -0.000290346     0.00437157      0.0285565     0.00204847     0.00962375     -0.0358389     -0.0333826
       0.135483      -0.108595        0.13432      -0.110354      0.0291481     -0.0290344      0.0019068      0.0448246   -0.000313784      0.0129309     -0.0309264     -0.0446437
       0.135397      -0.107257        0.13432      -0.110354    0.000291481   -0.000290344      0.0234227      0.0478161    -0.00860253      0.0170501     -0.0583603      -0.074474
       0.135824       -0.11111       0.135547      -0.111576      0.0291481     -0.0290344     -0.0193974     -0.0052274    -0.00551071      0.0133768     -0.0905879     -0.0858912
       0.135936      -0.109891       0.135547      -0.112797    0.000291481     -0.0293219      0.0227704      0.0673364     0.00157616    -0.00753654     -0.0811943     -0.0949239
       0.134532      -0.110059       0.135547      -0.114019    2.91481e-06     -0.0293247     -0.0184741      0.0671326      0.0096297     -0.0151593      -0.108653      -0.125487
        0.13607      -0.109296       0.136773      -0.114019      0.0291463   -0.000293247     -0.0194693      0.0553821      0.0220976     -0.0148853      -0.142321       -0.14358
       0.132004      -0.108494       0.135547      -0.114019     -0.0288548   -2.93247e-06     -0.0462862      0.0746741      0.0190637     -0.0361954      -0.144839      -0.138263
       0.135257       -0.10683       0.136773      -0.114019      0.0288577   -2.93247e-08     -0.0271016       0.110191      0.0191916     -0.0462767       -0.13169      -0.128561
       0.137989      -0.106885          0.138      -0.114019      0.0294341   -2.93247e-10     0.00472862      0.0998277      0.0223394     -0.0425849      -0.125432      -0.121492
       0.135719      -0.106062          0.138      -0.112797    0.000294341      0.0290315     -0.0420043      0.0762192      0.0255542     -0.0357065      -0.117552     -0.0973945
       0.136499      -0.103943          0.138      -0.111576    2.94341e-06      0.0293218    -0.00974862       0.112464      0.0251467      -0.032984     -0.0772378     -0.0650651
       0.139317      -0.103601       0.139227      -0.111576      0.0291452    0.000293218    -0.00502475       0.137263       0.021554     -0.0218862     -0.0528925     -0.0666049
        0.13657      -0.107215       0.139227      -0.110354    0.000291452      0.0290345     -0.0584037    -0.00656258      0.0143118   -0.000265372     -0.0803187     -0.0489782
        0.13971      -0.102236       0.139227      -0.109132    2.91452e-06      0.0293219      0.0344986       0.133816     0.00277111   -9.56178e-05     -0.0176364     -0.0266184
       0.139328      -0.100872       0.139227      -0.106688    2.91452e-08      0.0583564    -0.00392016      0.0505445     0.00225816     0.00088011     -0.0356047     -0.0240613
       0.139496     -0.0981207       0.140453      -0.105466      0.0291462      0.0296151     -0.0459775       0.133146     0.00518093      0.0217461     -0.0125189     -0.0378503
       0.143534     -0.0966412       0.140453      -0.103023    0.000291462       0.058359      0.0888908      0.0590314     -0.0144522      0.0118551     -0.0631798     -0.0706848
       0.145763     -0.0944843       0.142907      -0.100579      0.0582936      0.0586466      0.0020578      0.0676635    -0.00948563       0.011988     -0.0781896      -0.069329
       0.144421     -0.0969398       0.142907      -0.100579    0.000582936    0.000586466       0.032971      0.0470218    -0.00763788     -0.0120036       -0.06047     -0.0482909
       0.146861     -0.0994685       0.144133      -0.101801      0.0291521     -0.0290257      0.0336854        0.04803      -0.020266     -0.0104102      -0.036112     -0.0361955
       0.142105     -0.0870873       0.142907     -0.0969132     -0.0288547       0.115836     -0.0121253       0.129244     -0.0136442     0.00123583       -0.03628     -0.0413355
       0.142829     -0.0886249       0.142907     -0.0956913   -0.000288547      0.0301901     -0.0023021      0.0983205     -0.0179821     0.00876676     -0.0463912     -0.0570308
        0.14844     -0.0920477        0.14536     -0.0956913      0.0582885    0.000301901      0.0310784      0.0410806     -0.0203375     0.00590729     -0.0676707     -0.0676076
       0.156539     -0.0970595        0.14904     -0.0969132      0.0880198     -0.0290287       0.110858     -0.0150488     -0.0185309    -0.00230886     -0.0675433     -0.0509163
        0.15523     -0.0936235       0.151493     -0.0969132      0.0591716   -0.000290287      0.0166926      0.0681238     -0.0112138    -0.00926472     -0.0342895     -0.0362589
       0.153788     -0.0944554        0.15272     -0.0969132      0.0297369   -2.90287e-06     0.00379812         0.0283    -0.00632694    -0.00166239     -0.0382296     -0.0342765
       0.158317     -0.0930365       0.155173     -0.0969132      0.0585891   -2.90287e-08      0.0485491      0.0749486    -0.00631514     0.00959085     -0.0303232     -0.0470165
        0.16236      -0.097621       0.158853     -0.0981351      0.0880225     -0.0290315      0.0294526     -0.0042113      0.0139829     0.00807332       -0.06371     -0.0648679
       0.162906      -0.100047       0.161307      -0.100579      0.0591709     -0.0583532      0.0115241      0.0363793      0.0315656      0.0051056     -0.0660258     -0.0838591
       0.165712      -0.101712        0.16376      -0.101801      0.0588831     -0.0296151      0.0278995     -0.0132692       0.032798     -0.0075406      -0.101692      -0.100024
       0.169866      -0.104208        0.16744      -0.104244      0.0880258      -0.058359      0.0106984      0.0166121      0.0366721     -0.0132326     -0.0983563     -0.0972298
       0.169813      -0.103478       0.168667      -0.105466      0.0300254     -0.0296151      0.0214916      0.0355779      0.0330058     -0.0298773     -0.0961039     -0.0954948
       0.172749      -0.103223        0.17112      -0.105466      0.0585917   -0.000296151      0.0038082      0.0156999      0.0241668     -0.0260978     -0.0948849      -0.073445
       0.171881      -0.101582       0.172347      -0.105466      0.0297314   -2.96151e-06     -0.0276629      0.0669255      0.0158524     -0.0249153     -0.0520059     -0.0390583
       0.172508     -0.0982412       0.172347      -0.104244    0.000297314      0.0290315      0.0190451      0.0926998    -0.00194683     -0.0154437     -0.0261108     -0.0281551
       0.173052      -0.101325       0.173573      -0.104244      0.0291492    0.000290315      -0.030918      0.0341558    0.000403856     0.00521194     -0.0302004     -0.0267829
       0.172691      -0.101904       0.173573      -0.104244    0.000291492    2.90315e-06    -0.00339396      0.0385038     0.00290904     0.00956629     -0.0233661     -0.0264294
        0.17863      -0.105163       0.176027      -0.105466      0.0582933     -0.0290315      0.0342421     0.00869555     0.00133607     0.00805687      -0.029493     -0.0336589
       0.178362       -0.10626       0.177253      -0.106688      0.0297292     -0.0293218     0.00533655      0.0188522     0.00904176     0.00880336     -0.0378247     -0.0487412
       0.179358      -0.104398        0.17848      -0.106688      0.0294428   -0.000293218     0.00508221      0.0354564     0.00582883     0.00454937     -0.0596582     -0.0697509
       0.185034      -0.106426        0.18216       -0.10791       0.087731     -0.0290345      0.0104356      0.0248871    -0.00151208    -0.00273205     -0.0798437     -0.0837303
       0.185889      -0.102449       0.183387      -0.106688      0.0300228      0.0287412       0.045589      0.0497248    -0.00356951     -0.0139916     -0.0876161     -0.0836401
       0.185547       -0.10452       0.184613       -0.10791      0.0294465     -0.0287441     0.00259771      0.0626939     0.00252209     -0.0233383     -0.0796644     -0.0837275
       0.191139      -0.103968       0.188293       -0.10791       0.087731   -0.000287441      0.0204746      0.0515162      0.0134887     -0.0235739      -0.087791     -0.0846119
       0.190001      -0.103007        0.18952       -0.10791      0.0300228   -2.87441e-06    0.000571284      0.0780488      0.0120413     -0.0227229     -0.0814326     -0.0845163
       0.188033       -0.10249        0.18952      -0.106688    0.000300228      0.0290315     -0.0174353      0.0328029      0.0138839     -0.0245432     -0.0876002     -0.0688108
       0.189876     -0.0993493       0.190747      -0.105466      0.0291482      0.0293218     -0.0177402      0.0970946      0.0189425     -0.0233568     -0.0500212     -0.0440521
       0.188368      -0.101662       0.190747      -0.105466    0.000291482    0.000293218     -0.0360775      0.0490789      0.0187891     -0.0130712     -0.0380837     -0.0302745
        0.18786     -0.0999118       0.190747      -0.104244    2.91482e-06      0.0290345     -0.0454968       0.060126      0.0143815     0.00254296     -0.0224655      -0.018406
       0.181757     -0.0956321       0.188293      -0.101801     -0.0582907      0.0583532     -0.0909182      0.0837254      0.0094795     0.00679289     -0.0143466     -0.0166048
       0.181428      -0.094992       0.187067      -0.100579     -0.0297291      0.0296151     -0.0750416       0.083796     0.00603995      0.0140129     -0.0188633     -0.0329902
        0.18299     -0.0950843       0.187067     -0.0993569   -0.000297291      0.0293277     -0.0599398      0.0466916     0.00705252      0.0151479     -0.0471173     -0.0518241
       0.184085     -0.0950164       0.187067     -0.0993569   -2.97291e-06    0.000293277     -0.0346605      0.0747315      0.0118571     0.00786458     -0.0565305     -0.0737381
        0.17831     -0.0922842        0.18584     -0.0969132     -0.0291452      0.0580658      -0.130044      0.0265312      0.0194386    -0.00495948     -0.0909464     -0.0721903
       0.182233     -0.0884889        0.18584     -0.0956913   -0.000291452      0.0296124     -0.0165251       0.126772      0.0231287     -0.0131121     -0.0534344      -0.062102
         0.1808     -0.0915941        0.18584     -0.0956913   -2.91452e-06    0.000296124     -0.0861165      0.0401507      0.0375873     -0.0124471      -0.070772     -0.0645468
        0.18239     -0.0862508        0.18584     -0.0932476   -2.91452e-08       0.058066     -0.0276395      0.0975881      0.0488076   -6.08087e-05     -0.0583218     -0.0581208
       0.178574     -0.0934308       0.184613     -0.0944695     -0.0291452     -0.0284509     -0.0934521    -0.00254091      0.0417034    -0.00672044       -0.05792     -0.0389463
        0.18093     -0.0846145       0.184613     -0.0920257   -0.000291452      0.0577785     -0.0437279       0.127085      0.0352881   -0.000291836     -0.0199717      -0.029247
       0.175066     -0.0859978        0.18216     -0.0908039     -0.0582947      0.0296091      -0.107604      0.0476737      0.0196379     0.00696467     -0.0385234     -0.0339498
       0.173846     -0.0855381       0.179707      -0.089582     -0.0588744      0.0293276     -0.0627763      0.0524789     0.00503955      0.0142666     -0.0293753     -0.0249299
       0.173886     -0.0838057        0.17848     -0.0883601     -0.0297339      0.0293248     -0.0681741       0.065806    -0.00375357     0.00669264     -0.0204845     -0.0226105
       0.171011     -0.0863328       0.176027     -0.0883601     -0.0585891    0.000293248     -0.0572509      0.0225742    -0.00434497      0.0127407     -0.0247369      -0.022402
       0.174972     -0.0862699       0.176027     -0.0883601   -0.000585891    2.93248e-06    -0.00538725      0.0371116    -0.00605276      0.0145304     -0.0200669     -0.0259916
       0.172214     -0.0873263         0.1748     -0.0883601      -0.029151    2.93248e-08      -0.039014     0.00650874    -0.00336328      0.0134668     -0.0319161     -0.0282314
        0.17117     -0.0893927       0.173573      -0.089582     -0.0294367     -0.0290315     -0.0268645      0.0151001    -0.00588229      0.0128329     -0.0245465     -0.0290648
       0.172415     -0.0880624       0.173573      -0.089582   -0.000294367   -0.000290315     -0.0214378       0.023852      -0.010283     0.00942324      -0.033583     -0.0382704
       0.172976     -0.0878215       0.173573      -0.089582   -2.94367e-06   -2.90315e-06    -0.00792061      0.0241128     -0.0102405      0.0116322     -0.0429578     -0.0448386
        0.17034     -0.0879048       0.172347      -0.089582     -0.0291463   -2.90315e-08     -0.0210508      0.0202267    -0.00951102     0.00911628     -0.0467192       -0.04336
        0.17103     -0.0901679       0.172347     -0.0908039   -0.000291463     -0.0290315     -0.0189482      0.0174062    -0.00467553     0.00557207     -0.0400003     -0.0400368
       0.167958     -0.0938994        0.17112     -0.0932476     -0.0291484     -0.0583532     -0.0426106     0.00899504   -0.000228668     0.00550221     -0.0400734     -0.0494231
       0.169359     -0.0945036        0.17112     -0.0944695   -0.000291484     -0.0296151     -0.0216425     0.00287273    0.000587558     0.00679694     -0.0587732     -0.0641081
       0.169753     -0.0922452        0.17112     -0.0944695   -2.91484e-06   -0.000296151     -0.0184304      0.0341741     0.00227175     0.00130342     -0.0694427     -0.0728725
       0.169377     -0.0940848        0.17112     -0.0956913   -2.91484e-08     -0.0290345     -0.0295341      0.0276834      0.0026109    -0.00624586      -0.076302     -0.0770528
       0.169859     -0.0952285        0.17112     -0.0969132   -2.91484e-10      -0.029322     -0.0148265       0.030512     0.00080583    -0.00946118     -0.0778034     -0.0782979
       0.171102      -0.096762        0.17112     -0.0981351   -2.91484e-12     -0.0293247      0.0108316      0.0218371    0.000197266     -0.0108519     -0.0787926     -0.0761482
       0.169613     -0.0930774        0.17112     -0.0981351   -2.91484e-14   -0.000293247     -0.0366463      0.0929779    0.000284408     -0.0111975      -0.073504     -0.0863459
       0.169294     -0.0980694        0.17112     -0.0993569   -2.91484e-16     -0.0290343     -0.0329286    -0.00282032     -0.0127442    -0.00984372     -0.0991884     -0.0855786
       0.170419     -0.0964175        0.17112     -0.0993569   -2.91484e-18   -0.000290343    -0.00212279      0.0474564     -0.0152484      -0.016581     -0.0719731     -0.0609335
       0.169283     -0.0945106        0.17112     -0.0993569   -2.91484e-20   -2.90343e-06     -0.0338164      0.0846969    -0.00367179     -0.0138443     -0.0498938     -0.0541144
       0.168587     -0.0970958        0.17112      -0.100579   -2.91484e-22     -0.0290316     -0.0367216      0.0625935     0.00362346     0.00150775     -0.0583354     -0.0726522
       0.170935     -0.0992638        0.17112      -0.100579   -2.91484e-24   -0.000290316      0.0252019    -0.00910078     0.00990233     0.00178825     -0.0869689     -0.0770825
       0.169422        -0.1008        0.17112      -0.101801   -2.91484e-26     -0.0290344     -0.0338002      0.0244669      0.0183631     -0.0111752     -0.0671965     -0.0583647
        0.17311      -0.100166       0.172347      -0.103023      0.0291455     -0.0293219      0.0132669      0.0644423     0.00109062    -0.00715388     -0.0495328     -0.0597763
       0.175563     -0.0999794       0.173573      -0.103023      0.0294377   -0.000293219       0.019808      0.0368199     -0.0147777     0.00407063     -0.0700208     -0.0716351
       0.170913     -0.0967902       0.172347      -0.101801     -0.0288519      0.0290286     -0.0314795      0.0682574     -0.0294459    0.000143754     -0.0732486     -0.0705536
       0.174367      -0.101177       0.173573      -0.103023      0.0288577     -0.0287412    -0.00284553      0.0238532     -0.0412575    -0.00630118     -0.0678583     -0.0568924
        0.17961     -0.0990067       0.176027      -0.103023      0.0585789   -0.000287412       0.046072      0.0736926     -0.0367717    -0.00444187      -0.045926     -0.0509376
        0.18022     -0.0996234       0.177253      -0.103023       0.029732   -2.87412e-06      0.0490033      0.0442584      -0.014229     0.00389062     -0.0559502     -0.0590053
       0.178727       -0.10252        0.17848      -0.104244      0.0294428     -0.0290314     -0.0113883      0.0315686      0.0114158     0.00396227      -0.062061     -0.0662749
       0.184714      -0.109777        0.18216       -0.10791       0.087731     -0.0873849      0.0253506     -0.0134844      0.0133216    -0.00030638     -0.0704887     -0.0745106
       0.187847      -0.106149       0.184613       -0.10791      0.0591691   -0.000873849      0.0508594       0.025741      0.0168291    -0.00414945     -0.0785329     -0.0800824
       0.185929      -0.107502        0.18584      -0.109132      0.0297369     -0.0290404     -0.0143214      0.0289045      0.0205344    -0.00818898     -0.0816324     -0.0802856
       0.189114      -0.105669       0.188293      -0.109132      0.0585888   -0.000290404    -0.00551709      0.0513697       0.010545     -0.0103754     -0.0789388     -0.0750149
       0.192709      -0.101024       0.190747       -0.10791      0.0588766      0.0290288      0.0163918       0.107978    -0.00214806      -0.010224      -0.071091     -0.0788902
       0.191904       -0.10004       0.191973      -0.106688       0.029735      0.0293218     -0.0175902      0.0837424    -0.00387802    -0.00650967     -0.0866887     -0.0863388
       0.192212      -0.101642       0.191973      -0.106688     0.00029735    0.000293218      0.0252595      0.0708255     -0.0020968     -0.0122223     -0.0859894      -0.087955
       0.195228      -0.100527       0.194427      -0.105466      0.0582937      0.0290345     -0.0158799      0.0517203     0.00666556     -0.0155848     -0.0899211     -0.0734857
       0.193966     -0.0977424       0.195653      -0.104244      0.0297292      0.0293219     -0.0448885      0.0993276     0.00315962     -0.0158385     -0.0570519     -0.0492141
       0.194305     -0.0930708        0.19688      -0.101801      0.0294425      0.0583561     -0.0486647       0.125413    0.000737761    -0.00571622     -0.0413764     -0.0447895
       0.197956     -0.0917778        0.19688     -0.0993569    0.000294425      0.0586466      0.0129134      0.0909496      0.0171937     0.00634299     -0.0482023     -0.0665877
        0.22229      -0.088155        0.19688     -0.0993569    2.94425e-06    0.000586466       0.304919       0.134423      0.0449093     0.00447355     -0.0849737     -0.0871506
       0.206957     -0.0978607        0.19688     -0.0993569    2.94425e-08    5.86466e-06       0.120929      0.0179543      0.0329802     -0.0139486     -0.0893263      -0.096119
       0.204209     -0.0917244        0.19688     -0.0956913    2.94425e-10      0.0870946      0.0879513      0.0476024      0.0353238     -0.0175973      -0.102912     -0.0854894
       0.193225     -0.0883364       0.195653     -0.0932476     -0.0291452       0.058934     -0.0291452       0.058934      0.0437984       -0.02133     -0.0680682     -0.0781062
       0.191974     -0.0895573       0.194427     -0.0920257     -0.0294377      0.0296209     -0.0294377      0.0296209      0.0533344     -0.0125578     -0.0881431     -0.0898994
       0.183436     -0.0847187       0.190747      -0.089582     -0.0877313      0.0583591     -0.0877313      0.0583591      0.0594395     -0.0106146     -0.0916555     -0.0798716
       0.183363     -0.0858922       0.188293     -0.0883601      -0.059168      0.0296151      -0.059168      0.0296151      0.0520136     -0.0183399     -0.0680874     -0.0544729
       0.177278     -0.0846943       0.184613     -0.0871383     -0.0880283      0.0293277     -0.0880283      0.0293277      0.0460343    -0.00722159     -0.0408582     -0.0233093
       0.181051     -0.0771819       0.179707     -0.0834727      -0.117463      0.0873878       0.149722      0.0635901      0.0299022     0.00743102    -0.00576048    -0.00062594
       0.170918     -0.0789567         0.1748     -0.0822508      -0.117757      0.0299054     -0.0413339      0.0395296      0.0285724      0.0232168     0.00450897     0.00360584
       0.155977     -0.0783419        0.16744     -0.0810289      -0.176051      0.0293306       -0.13756      0.0322446      0.0261523      0.0320545     0.00270319   -7.51813e-05
       0.152214     -0.0802438       0.162533     -0.0810289      -0.118343    0.000293306      -0.123833     0.00942224      0.0180527      0.0319933     -0.0028529     0.00681829
       0.147668     -0.0808044       0.157627     -0.0810289      -0.117767    2.93306e-06        -0.1195     0.00269416     0.00774441      0.0287206      0.0164886      0.0285888
       0.136942     -0.0780149       0.150267     -0.0798071      -0.176051      0.0290316      -0.159894      0.0215066     0.00233111      0.0365358      0.0406895      0.0481033
       0.134509     -0.0792777        0.14536     -0.0798071      -0.118343    0.000290316      -0.130214     0.00635211    -0.00439444      0.0495133      0.0555172      0.0591488
       0.133305     -0.0826056        0.14168     -0.0810289     -0.0886204     -0.0290286      -0.100504     -0.0189198     -0.0119211      0.0581999      0.0627804      0.0669622
        0.13035     -0.0873966          0.138     -0.0834727     -0.0883228     -0.0583533     -0.0918032     -0.0470866     -0.0183058      0.0619365      0.0711441      0.0739512
       0.120954     -0.0905284       0.131867     -0.0859164      -0.146612     -0.0586464      -0.130952     -0.0553436     -0.0229862      0.0654545      0.0767579      0.0747919
       0.122738     -0.0931689       0.129413     -0.0883601     -0.0597568     -0.0586497     -0.0800983     -0.0577051     -0.0222924      0.0691808      0.0728259      0.0666299
       0.121548     -0.0956688        0.12696     -0.0908039      -0.058889     -0.0586495     -0.0649488     -0.0583797     -0.0185989      0.0683446      0.0604339      0.0528264
       0.122417      -0.101079       0.125733     -0.0944695     -0.0297344     -0.0876809     -0.0397957     -0.0793091     -0.0163254       0.063178      0.0452185       0.045927
       0.115884       -0.11411       0.122053      -0.101801     -0.0877339      -0.175066     -0.0740373      -0.147707     -0.0129932        0.05541      0.0466361      0.0475454
       0.117277      -0.117221       0.120827      -0.106688     -0.0300236      -0.117877     -0.0425989        -0.1264    -0.00370922      0.0530923      0.0484548      0.0508313
       0.116833      -0.121568         0.1196      -0.111576     -0.0294456      -0.117305     -0.0332037      -0.119903    -0.00101104      0.0543219      0.0532084      0.0502758
       0.118792       -0.12925         0.1196      -0.117685   -0.000294456       -0.14633    -0.00969709       -0.13878    -0.00431421      0.0570931      0.0473428      0.0387402
       0.116407      -0.132876       0.118373      -0.122572     -0.0291483      -0.117589     -0.0235908      -0.123644     -0.0042409      0.0553136      0.0301371      0.0248504
       0.114833      -0.155086       0.117147      -0.134791     -0.0294377      -0.291491     -0.0277672      -0.243534    -0.00645175      0.0467173      0.0195632      0.0163298
       0.116468      -0.158463       0.117147      -0.142122   -0.000294377      -0.177104    -0.00814375      -0.196084    -0.00452902      0.0399903      0.0130968      0.0128479
       0.116953      -0.161646       0.117147      -0.148232   -2.94377e-06      -0.146929    -0.00232889      -0.160973     -0.0017406      0.0367095      0.0125985     0.00983238
       0.120053      -0.187551       0.118373      -0.162894      0.0291462      -0.349848      0.0201533      -0.295883   -0.000779177      0.0357648     0.00706625    0.000506401
       0.118871      -0.187847       0.118373      -0.170225    0.000291462      -0.177688     0.00596628      -0.211458      0.0048742      0.0343535    -0.00605367     -0.0123958
       0.118516      -0.193065       0.118373      -0.177556    2.91462e-06      -0.175966     0.00170673      -0.186106     0.00176189      0.0268574      -0.018738     -0.0128787
       0.118414      -0.182092       0.118373      -0.177556    2.91462e-08    -0.00175966    0.000487659     -0.0544301     0.00452647       0.020431    -0.00701949    -0.00465947
       0.118385      -0.178853       0.118373      -0.177556    2.91462e-10   -1.75966e-05    0.000139331      -0.015564     0.00645611      0.0217564    -0.00229949   -0.000805706
       0.118377      -0.177927       0.118373      -0.177556    2.91462e-12   -1.75966e-07    3.98089e-05    -0.00444699      0.0064306      0.0265527    0.000688553     0.00362253
       0.118374      -0.177662       0.118373      -0.177556    2.91462e-14   -1.75966e-09    1.13741e-05    -0.00127057     0.00655327       0.027829     0.00655699     0.00872564
       0.118374      -0.177587       0.118373      -0.177556    2.91462e-16   -1.75966e-11    3.24957e-06    -0.00036302     0.00327215      0.0310503      0.0108948      0.0122657
       0.118373      -0.177565       0.118373      -0.177556    2.91462e-18   -1.75966e-13    9.28051e-07    -0.00010372    -0.00171008      0.0334514      0.0136361      0.0204196
       0.118373      -0.177559       0.118373      -0.177556    2.91462e-20   -1.75966e-15    2.65117e-07   -2.96344e-05    -0.00509658      0.0347584      0.0272031      0.0277781
       0.118373      -0.177557       0.118373      -0.177556    2.91462e-22   -1.75966e-17    7.54714e-08   -8.46728e-06    -0.00568774      0.0397775      0.0283532      0.0262284
       0.118373      -0.177556       0.118373      -0.177556    2.91462e-24   -1.75966e-19    2.17927e-08   -2.41904e-06    -0.00767889      0.0429048      0.0241041      0.0289083
       0.118373      -0.177556       0.118373      -0.177556    2.91462e-26   -1.75966e-21    6.90589e-09   -6.90925e-07    -0.00964906      0.0416512      0.0337124      0.0317879
       0.118373      -0.177556       0.118373      -0.177556    2.91462e-28   -1.75966e-23    1.63342e-09   -1.97537e-07     -0.0131736      0.0440012      0.0298629      0.0295935
       0.118373      -0.177556       0.118373      -0.177556    2.91462e-30   -1.75966e-25   -8.41082e-10   -5.64852e-08     -0.0135881      0.0437106      0.0293241      0.0337234
       0.118373      -0.177556       0.118373      -0.177556    2.91462e-32   -1.75966e-27   -5.20549e-10   -1.60548e-08     -0.0153775       0.042729      0.0381222        0.04146
       0.118373      -0.177556       0.118373      -0.177556    2.91462e-34   -1.75966e-29   -7.17696e-10   -4.41511e-09     -0.0153775       0.042729      0.0447974      0.0470181
       0.118373      -0.177556       0.118373      -0.177556    2.91462e-36   -1.75966e-31   -1.23259e-09   -7.94398e-10     -0.0153775       0.042729      0.0492387      0.0495644
       0.118373      -0.177556       0.118373      -0.177556    2.91462e-38   -1.75966e-33   -6.57885e-10   -4.43909e-11     -0.0153775       0.042729      0.0498896      0.0481939
       0.118373      -0.177556       0.118373      -0.177556    2.91462e-40   -1.75966e-35   -4.36359e-10    2.59062e-10     -0.0153775       0.042729      0.0464978      0.0425062
       0.118373      -0.177556       0.118373      -0.177556     2.9147e-42   -1.75966e-37    8.88547e-11    1.84415e-10     -0.0153775       0.042729      0.0385146      0.0384479
       0.118373      -0.177556       0.118373      -0.177556    2.94273e-44   -1.75966e-39   -3.93908e-10    7.15071e-10     -0.0153775       0.042729      0.0383811      0.0349479
       0.118373      -0.177556       0.118373      -0.177556              0   -1.75961e-41   -2.18696e-10     5.1002e-10     -0.0153775       0.042729      0.0315142      0.0277963
       0.118373      -0.177556       0.118373      -0.177556              0   -1.76564e-43   -2.19588e-10    3.58021e-10     -0.0153775       0.042729      0.0240784      0.0191727
       0.118373      -0.177556       0.118373      -0.177556              0    -1.4013e-45   -2.92025e-10    3.69792e-10     -0.0153775       0.042729      0.0142674      0.0156684
       0.118373      -0.177556       0.118373      -0.177556              0              0   -1.54994e-11    1.31131e-10     -0.0153775       0.042729      0.0170693      0.0174026
       0.118373      -0.177556       0.118373      -0.177556              0              0    1.48429e-10    5.57769e-11     -0.0153775       0.042729       0.017736      0.0190859
       0.118373      -0.177556       0.118373      -0.177556              0              0   -5.18127e-14    2.33669e-11     -0.0153775       0.042729      0.0204358      0.0186882
       0.118373      -0.177556       0.118373      -0.177556              0              0   -1.50262e-14    1.51041e-10     -0.0153775       0.042729      0.0169401      0.0196414
       0.118373      -0.177556       0.118373      -0.177556              0              0   -4.06619e-15     4.9404e-12     -0.0153775       0.042729      0.0223422      0.0182428
       0.118373      -0.177556       0.118373      -0.177556              0              0   -2.59009e-10   -3.12795e-10     -0.0153775       0.042729      0.0141435      0.0102048
       0.118373      -0.177556       0.118373      -0.177556              0              0    1.86067e-10    2.50312e-10     -0.0153775       0.042729     0.00626564     0.00862932
       0.118373      -0.177556       0.118373      -0.177556              0              0   -5.91172e-10   -3.19116e-10     -0.0153775       0.042729       0.010993      0.0118952
       0.118373      -0.177556       0.118373      -0.177556              0              0   -2.24105e-10   -1.16653e-10     -0.0153775       0.042729      0.0127974      0.0157428
       0.118373      -0.177556       0.118373      -0.177556              0              0   -2.63593e-10    -1.6071e-10     -0.0153775       0.042729      0.0186882      0.0201058
       0.118373      -0.177556       0.118373      -0.177556              0              0    4.38456e-10    1.11186e-10     -0.0153775       0.042729       0.021524      0.0236335
       0.118373      -0.177556       0.118373      -0.177556              0              0   -1.05992e-11   -1.29582e-10     -0.0153775       0.042729      0.0257435      0.0281467
       0.118373      -0.177556       0.118373      -0.177556              0              0   -1.05604e-09   -6.35611e-11     -0.0153775       0.042729      0.0305505      0.0304513
       0.118373      -0.177556       0.118373      -0.177556              0              0   -8.19742e-10    4.57953e-11     -0.0153775       0.042729      0.0303521      0.0298324
       0.118373      -0.177556       0.118373      -0.177556              0              0   -7.28649e-11   -8.45739e-11     -0.0153775       0.042729      0.0293121      0.0248957
       0.118373      -0.177556       0.118373      -0.177556              0              0   -7.38396e-10    2.39089e-10     -0.0153775       0.042729      0.0204792      0.0196023
       0.118373      -0.177556       0.118373      -0.177556              0              0   -8.35905e-11   -2.08548e-11     -0.0153775       0.042729      0.0187259      0.0140662
       0.118373      -0.177556       0.118373      -0.177556              0              0   -7.27114e-11    1.95172e-11     -0.0153775       0.042729     0.00940704       0.009202
       0.118373      -0.177556       0.118373      -0.177556              0              0   -7.80969e-11   -9.63278e-11     -0.0153775       0.042729     0.00899649      0.0039463
       0.118373      -0.177556       0.118373      -0.177556              0              0   -3.93309e-10    4.14064e-10     -0.0153775       0.042729    -0.00110453    -0.00701617
       0.118373      -0.177556       0.118373      -0.177556              0              0   -2.84338e-10    2.48916e-11     -0.0153775       0.042729     -0.0129278     -0.0159804
       0.118373      -0.177556       0.118373      -0.177556              0              0     1.2257e-10   -5.27887e-10     -0.0153775       0.042729     -0.0190331     -0.0220848
       0.118373      -0.177556       0.118373      -0.177556              0              0   -7.53767e-11    2.75076e-11     -0.0153775       0.042729     -0.0251364      -0.023974
       0.118373      -0.177556       0.118373      -0.177556              0              0   -3.00283e-11   -1.11029e-10     -0.0153775       0.042729     -0.0228116     -0.0232553
       0.118373      -0.177556       0.118373      -0.177556              0              0     8.4045e-12    5.42594e-11     -0.0153775       0.042729      -0.023699     -0.0231996
       0.118373      -0.177556       0.118373      -0.177556              0              0    2.78774e-11   -3.81033e-11     -0.0153775       0.042729     -0.0227001     -0.0230728
       0.118373      -0.177556       0.118373      -0.177556              0              0    1.01378e-10   -9.36844e-11     -0.0153775       0.042729     -0.0234455     -0.0209403
       0.118373      -0.177556       0.118373      -0.177556              0              0   -9.41695e-11   -3.19743e-10     -0.0153775       0.042729     -0.0184354     -0.0199734
       0.118373      -0.177556       0.118373      -0.177556              0              0   -2.26597e-11   -1.04093e-10     -0.0153775       0.042729     -0.0215114     -0.0258195
       0.118373      -0.177556       0.118373      -0.177556              0              0   -8.59731e-12    3.81953e-11     -0.0153775       0.042729     -0.0301277     -0.0314119
       0.118373      -0.177556       0.118373      -0.177556              0              0    1.68313e-10    2.78971e-11     -0.0153775       0.042729     -0.0326963     -0.0318503
       0.118373      -0.177556       0.118373      -0.177556              0              0    2.35976e-10    6.74145e-11      -0.015376       0.042729     -0.0310045     -0.0313915
       0.118373      -0.177556       0.118373      -0.177556              0              0    -5.5462e-10   -3.54388e-10      -0.015376       0.042729     -0.0317785     -0.0320181
       0.118373      -0.177556       0.118373      -0.177556              0              0   -4.34455e-10   -2.75341e-10      -0.015376       0.042729     -0.0322577     -0.0346925
       0.118373      -0.177556       0.118373      -0.177556              0              0   -1.02429e-09    -2.2728e-10      -0.015376       0.042729     -0.0371273     -0.0437051
       0.118373      -0.177556       0.118373      -0.177556              0              0    1.82901e-10   -3.09689e-11      -0.015376       0.042729     -0.0502826     -0.0485554
       0.118373      -0.177556       0.118373      -0.177556              0              0   -1.19607e-09     2.9764e-11      -0.015376       0.042729     -0.0468272     -0.0431599
       0.118373      -0.177556       0.118373      -0.177556              0              0   -8.00308e-10    2.23037e-11      -0.015376       0.042729     -0.0394922     -0.0384817
       0.118373      -0.177556       0.118373      -0.177556              0              0   -1.06088e-09    1.88952e-10      -0.015376       0.042729     -0.0374713     -0.0324802
       0.118373      -0.177556       0.118373      -0.177556              0              0   -1.30942e-09    4.61605e-10      -0.015376       0.042729     -0.0274893     -0.0315747
       0.118373      -0.177556       0.118373      -0.177556              0              0    2.20325e-10   -4.79541e-10      -0.015376       0.042729     -0.0356608     -0.0398344
       0.118373      -0.177556       0.118373      -0.177556              0              0    -3.5316e-10    3.72511e-10      -0.015376       0.042729     -0.0440079     -0.0474673
       0.118373      -0.177556       0.118373      -0.177556              0              0   -4.67123e-10    8.19765e-10      -0.015376       0.042729     -0.0509265     -0.0576372
       0.118373      -0.177556       0.118373      -0.177556              0              0    3.00076e-11   -4.36653e-10      -0.015376       0.042729     -0.0643481     -0.0639113
       0.118373      -0.177556       0.118373      -0.177556              0              0    2.08137e-10   -3.96504e-10      -0.015376       0.042729     -0.0634739     -0.0615733
       0.118373      -0.177556       0.118373      -0.177556              0              0   -4.66826e-11   -1.13828e-11      -0.015376       0.042729     -0.0596728     -0.0562546
       0.118373      -0.177556       0.118373      -0.177556              0              0    2.06302e-11   -9.24184e-11      -0.015376       0.042729     -0.0528361     -0.0525662
       0.118373      -0.177556       0.118373      -0.177556              0              0   -4.50578e-11   -1.75016e-10      -0.015376       0.042729     -0.0522964     -0.0502355
       0.118373      -0.177556       0.118373      -0.177556              0              0    1.31491e-10    3.12004e-11      -0.015376       0.042729     -0.0481749     -0.0458141
       0.118373      -0.177556       0.118373      -0.177556              0              0   -4.89123e-12   -9.93592e-11      -0.015376       0.042729     -0.0434533     -0.0366826
       0.118373      -0.177556       0.118373      -0.177556              0              0   -1.39747e-12   -4.96183e-11      -0.015376       0.042729     -0.0299118     -0.0275052
       0.118373      -0.177556       0.118373      -0.177556              0              0   -3.99326e-13   -9.90977e-11      -0.015376       0.042729     -0.0250986     -0.0313575
       0.118373      -0.177556       0.118373      -0.177556              0              0     1.0179e-10    1.75496e-10      -0.015376       0.042729     -0.0376163     -0.0423301
       0.118373      -0.177556       0.118373      -0.177556              0              0    2.01047e-10    3.38872e-10      -0.015376       0.042729     -0.0470439      -0.043858
       0.118373      -0.177556       0.118373      -0.177556              0              0    -5.0781e-10   -3.02306e-10      -0.015376       0.042729     -0.0406719      -0.037272
       0.118373      -0.177556       0.118373      -0.177556              0              0   -4.53074e-11    2.40233e-11      -0.015376       0.042729     -0.0338722      -0.036001
       0.118373      -0.177556       0.118373      -0.177556              0              0   -2.71953e-10   -8.23029e-11      -0.015376       0.042729     -0.0381298     -0.0312117
       0.118373      -0.177556       0.118373      -0.177556              0              0   -1.03306e-09   -3.58951e-10      -0.015376       0.042729     -0.0242938     -0.0269837
       0.118373      -0.177556       0.118373      -0.177556              0              0   -1.50795e-10   -3.88673e-11      -0.015376       0.042729     -0.0296737     -0.0320587
       0.118373      -0.177556       0.118373      -0.177556              0              0    -8.0737e-10   -5.25037e-11      -0.015376       0.042729     -0.0344438     -0.0324638
       0.118373      -0.177556       0.118373      -0.177556              0              0    -6.5528e-10    1.20674e-11      -0.015376       0.042729     -0.0304833     -0.0224669
       0.118373      -0.177556       0.118373      -0.177556              0              0   -3.91033e-10    1.61861e-11      -0.015376       0.042729     -0.0144504    -0.00738945
       0.118373      -0.177556       0.118373      -0.177556              0              0    5.16688e-10   -3.01089e-10      -0.015376       0.042729   -0.000328558   -0.000988845
       0.118373      -0.177556       0.118373      -0.177556              0              0   -6.46743e-11   -2.04915e-10      -0.015376       0.042729    -0.00164876    -0.00100365
       0.118373      -0.177556       0.118373      -0.177556              0              0   -3.75859e-11   -7.55312e-11      -0.015376       0.042729   -0.000358543     -0.0014346
       0.118373      -0.177556       0.118373      -0.177556              0              0    -4.7223e-10    4.28499e-10      -0.015376       0.042729    -0.00251068    -0.00312399
       0.118373      -0.177556       0.118373      -0.177556              0              0    1.25146e-10   -2.34238e-10      -0.015376       0.042729    -0.00373728    -0.00534664
       0.118373      -0.177556       0.118373      -0.177556              0              0   -9.79931e-11    3.23709e-10      -0.015376       0.042729    -0.00695601    -0.00532587
       0.118373      -0.177556       0.118373      -0.177556              0              0   -3.22444e-11   -1.66519e-10      -0.015376       0.042729    -0.00369539    -0.00482025
       0.118373      -0.177556       0.118373      -0.177556              0              0   -7.71491e-11    1.64724e-10      -0.015376       0.042729    -0.00594516    -0.00601258
       0.118373      -0.177556       0.118373      -0.177556              0              0    2.89097e-11    1.99921e-10      -0.015376       0.042729    -0.00608002    -0.00411507
       0.118373      -0.177556       0.118373      -0.177556              0              0   -8.72415e-12     4.7766e-11      -0.015376       0.042729    -0.00215006    -0.00499563
       0.118373      -0.177556       0.118373      -0.177556              0              0    2.29836e-11     1.0463e-11      -0.015376       0.042729    -0.00784109    -0.00831504
       0.118373      -0.177556       0.118373      -0.177556              0              0   -1.04174e-11   -4.79629e-11      -0.015376       0.042729    -0.00878898     -0.0142841
       0.118373      -0.177556       0.118373      -0.177556              0              0   -1.04881e-10   -1.36839e-10      -0.015376       0.042729     -0.0197795     -0.0255391
       0.118373      -0.177556       0.118373      -0.177556              0              0    2.54518e-10    2.75109e-10      -0.015376       0.042729     -0.0312986     -0.0300601
       0.118373      -0.177556       0.118373      -0.177556              0              0   -4.19819e-10   -3.62984e-10      -0.015376       0.042729     -0.0288216     -0.0247377
       0.118373      -0.177556       0.118373      -0.177556              0              0    4.61763e-11   -2.14107e-10      -0.015376       0.042729      -0.020654      -0.018088
       0.118373      -0.177556       0.118373      -0.177556              0              0   -1.34355e-10   -1.37601e-10      -0.015376       0.042729     -0.0155219     -0.0135187
       0.118373      -0.177556       0.118373      -0.177556              0              0   -4.79975e-10   -2.00664e-10      -0.015376       0.042729     -0.0115156     -0.0099929
       0.118373      -0.177556       0.118373      -0.177556              0              0     -1.084e-09    -3.8003e-10      -0.015376       0.042729     -0.0084702    -0.00500178
       0.118373      -0.177556       0.118373      -0.177556              0              0   -9.63603e-10   -2.61437e-10      -0.015376       0.042729    -0.00153335    0.000595093
       0.118373      -0.177556       0.118373      -0.177556              0              0   -1.20095e-09   -1.32018e-10      -0.015376       0.042729     0.00272274     0.00482464
       0.118373      -0.177556       0.118373      -0.177556              0              0   -8.95113e-10   -1.30394e-11      -0.015376       0.042729     0.00692654     0.00273228
       0.118373      -0.177556       0.118373      -0.177556              0              0   -3.83128e-10    1.96278e-11      -0.015376       0.042729    -0.00146176    0.000805378
       0.118373      -0.177556       0.118373      -0.177556              0              0   -2.36846e-10    1.24497e-10      -0.015376       0.042729     0.00307226     0.00224829
       0.118373      -0.177556       0.118373      -0.177556              0              0   -4.11598e-10     2.1815e-10      -0.015376       0.042729     0.00142384     0.00129747
       0.118373      -0.177556       0.118373      -0.177556              0              0    -5.6131e-10    3.42567e-10      -0.015376       0.042729     0.00117111     -0.0023197
       0.118373      -0.177556       0.118373      -0.177556              0              0   -2.80325e-10   -2.10122e-11      -0.015376       0.042729    -0.00581044    -0.00755488
       0.118373      -0.177556       0.118373      -0.177556              0              0   -8.64618e-11    6.19325e-11      -0.015376       0.042729    -0.00929925     -0.0138045
       0.118373      -0.177556       0.118373      -0.177556              0              0    -1.5633e-10    3.14917e-10      -0.015376       0.042729     -0.0183098      -0.019515
       0.118373      -0.177556       0.118373      -0.177556              0              0   -1.06974e-11   -1.13833e-10      -0.015376       0.042729       -0.02072     -0.0222226
       0.118373      -0.177556       0.118373      -0.177556              0              0   -3.05643e-12   -5.79997e-11      -0.015376       0.042729     -0.0237252     -0.0231083
       0.118373      -0.177556       0.118373      -0.177556              0              0   -6.88096e-11    2.80118e-11      -0.015376       0.042729     -0.0224914     -0.0186052
       0.118373      -0.177556       0.118373      -0.177556              0              0    5.67685e-11      1.968e-11      -0.015376       0.042729      -0.014719    -0.00843689
       0.118373      -0.177556       0.118373      -0.177556              0              0   -7.71929e-11   -9.50367e-12      -0.015376       0.042729     -0.0021549    -0.00221681
       0.118373      -0.177556       0.118373      -0.177556              0              0   -6.45155e-11   -7.06517e-11      -0.015376       0.042729    -0.00227842    -0.00460264
       0.118373      -0.177556       0.118373      -0.177556              0              0    6.22414e-11   -1.09353e-10      -0.015376       0.042729    -0.00692684    -0.00184666
       0.118373      -0.177556       0.118373      -0.177556              0              0   -2.89227e-11    -1.4164e-10      -0.015376       0.042729     0.00323343    -0.00192679
       0.118373      -0.177556       0.118373      -0.177556              0              0    7.02877e-11   -1.33881e-10      -0.015376       0.042729    -0.00708695    -0.00427203
       0.118373      -0.177556       0.118373      -0.177556              0              0    6.36038e-11   -1.40157e-10      -0.015376       0.042729    -0.00145637     0.00259781
       0.118373      -0.177556       0.118373      -0.177556              0              0     1.0787e-10     1.4678e-10      -0.015376       0.042729      0.0066514     0.00744104
       0.118373      -0.177556       0.118373      -0.177556              0              0   -2.60032e-10   -5.22457e-13      -0.015376       0.042729     0.00823116     0.00836039
       0.118373      -0.177556       0.118373      -0.177556              0              0   -1.50521e-09   -4.92688e-10      -0.015376       0.042729     0.00848961      0.0110068
