       -0.13576      0.0478328       -0.11592      0.0106109       -0.23808       0.446663       -0.23808       0.446663   -7.70342e-05   -3.70744e-06   -1.17563e-06     -0.0101228
      -0.106665     0.00973871       -0.11592      0.0106109              0              0         0.1245      -0.101178   -0.000286604   -0.000187647     -0.0202457     0.00117922
      -0.107647     0.00694343       -0.11592      0.0106109              0              0       0.124041     -0.0475392     -0.0120113    -0.00932826       0.022603      0.0481091
      -0.112345      0.0141065       -0.11592      0.0118328              0      0.0293248      0.0132306      0.0683432     -0.0294339     0.00956236      0.0736151      0.0699344
      -0.108871       0.012328      -0.114693      0.0118328      0.0294399              0      0.0863212     0.00470438     -0.0572639      0.0366788      0.0662527      0.0567818
      -0.107041     0.00611135      -0.113467      0.0106109      0.0294399     -0.0293248      0.0710282     -0.0738804     -0.0608381       0.034235      0.0473108      0.0491834
     -0.0981344     0.00113498      -0.109787     0.00816721        0.08832     -0.0586496       0.164077     -0.0917932     -0.0607494      0.0217256      0.0510564      0.0525703
     -0.0987518     0.00381576       -0.10856     0.00816721      0.0294403              0        0.13712      -0.060215     -0.0463879      0.0234743      0.0540843      0.0556526
     -0.0982377     0.00519295      -0.107333     0.00816721      0.0294399              0        0.12992     -0.0361913     -0.0397082      0.0258839      0.0572205      0.0524411
     -0.0995598     0.00324353      -0.106107     0.00694534      0.0294399     -0.0293248      0.0704811     -0.0429226     -0.0379818      0.0274485      0.0476623      0.0370002
     -0.0903111    -0.00097104        -0.1012     0.00450161        0.11776     -0.0586496       0.134891     -0.0668431     -0.0405841      0.0237813      0.0263381      0.0133734
     -0.0863383     0.00248614       -0.09752     0.00450161        0.08832              0       0.151613     -0.0244567     -0.0306304      0.0129863    0.000408649     -0.0126895
     -0.0864537    0.000318341     -0.0950667     0.00327974      0.0588799     -0.0293248       0.110681     -0.0468138    -0.00957039    -0.00341512     -0.0257874     -0.0263488
     -0.0874415    0.000413702       -0.09384     0.00205788      0.0294403     -0.0293248      0.0942124     -0.0122543    -0.00260618     -0.0159141     -0.0269096     -0.0303226
     -0.0788204    -0.00100633     -0.0877067     0.00083601         0.1472     -0.0293248       0.074671     -0.0285148   -2.17076e-06     -0.0170657     -0.0337356     -0.0282129
     -0.0757793     2.9337e-05     -0.0852533   -0.000385857        0.05888     -0.0293248       0.161574      0.0306495      -0.007229     -0.0182477     -0.0226898     -0.0358616
     -0.0774338    -0.00489183        -0.0828    -0.00160772      0.0588799     -0.0293248      0.0365205     -0.0780931      0.0125239     -0.0145847     -0.0490328     -0.0236652
     -0.0717256   -5.98005e-05       -0.07912    -0.00160772        0.08832              0      0.0974656      0.0530854    -0.00573745     -0.0248294     0.00170183    -0.00332004
     -0.0615706    -0.00657099     -0.0729867    -0.00405144         0.1472     -0.0586491       0.136186     -0.0356746   -7.70342e-05     0.00453495     -0.0083416    -0.00751894
     -0.0592755    -0.00518103     -0.0693067    -0.00405144      0.0883198              0       0.134792     -0.0188883    0.000705098     0.00192307    -0.00669616   -0.000178338
     -0.0589172    -0.00839208     -0.0668533    -0.00649517      0.0588804     -0.0586496       0.104496     0.00160561     0.00395224    2.72987e-06     0.00634003    -0.00980351
     -0.0566867     -0.0116803        -0.0644    -0.00771704      0.0588799     -0.0293248       0.101585     -0.0784737    -0.00283458     0.00528561      -0.025946     -0.0117464
     -0.0515058     -0.0158809     -0.0594933     -0.0101608        0.11776     -0.0586496      0.0598786     -0.0758035     -0.0164223     -0.0076182     0.00245237      0.0226493
     -0.0491824     -0.0145418       -0.05704     -0.0113826      0.0588799     -0.0293248       0.115599     -0.0253046     -0.0292689      0.0029416      0.0428457       0.046967
     -0.0433898     -0.0145536       -0.05336     -0.0126045        0.08832     -0.0293248       0.137048    -0.00538177      0.0015677      0.0297495      0.0510874      0.0329461
     -0.0448535     -0.0205699     -0.0509067     -0.0150482      0.0588799     -0.0586496      0.0598716     -0.0802401      0.0115983      0.0339997      0.0148058      0.0070467
     -0.0461968     -0.0231744       -0.04968      -0.017492      0.0294401     -0.0586492       0.044163     -0.0691466      0.0100269      0.0159683   -0.000712684    -0.00760793
     -0.0412215     -0.0243794         -0.046     -0.0199357        0.08832     -0.0586496      0.0431611     -0.0469562      0.0174905     0.00633501     -0.0145032     -0.0252666
     -0.0575279     -0.0172531         -0.046     -0.0199357              0              0      -0.117554       0.043662      0.0253495     0.00102125     -0.0360301     -0.0522477
     -0.0591734     -0.0215591       -0.04968     -0.0211576       -0.08832     -0.0293248       -0.11885     -0.0190778      0.0415246     -0.0095265     -0.0684656     -0.0641301
     -0.0664866     -0.0232837     -0.0558133     -0.0223794        -0.1472     -0.0293248      -0.110067     -0.0139927      0.0298015     -0.0263493     -0.0597939     -0.0446189
     -0.0639901     -0.0193208     -0.0582667     -0.0223794     -0.0588803              0      -0.067954       0.064442      0.0193619     -0.0203853     -0.0294432     -0.0340767
     -0.0653329     -0.0238899       -0.06072     -0.0236013     -0.0588799     -0.0293248     -0.0670521     -0.0164849    -0.00820019    -0.00499417     -0.0387106     -0.0281266
     -0.0659009     -0.0266906     -0.0631733     -0.0248232     -0.0588799     -0.0293248     -0.0292494     -0.0276071     -0.0304992    -0.00691689      -0.017543   -0.000343744
     -0.0680598     -0.0299245     -0.0668533     -0.0272669       -0.08832     -0.0586494      0.0157641     -0.0142114     -0.0331959    0.000184405      0.0168557      0.0162654
     -0.0699416     -0.0300188     -0.0693067     -0.0284887     -0.0588804     -0.0293248    -0.00616923    -0.00737674      -0.031353      0.0158415      0.0156751     0.00383186
     -0.0714374     -0.0364228       -0.07176     -0.0309325     -0.0588799     -0.0586496      0.0210298     -0.0873698     -0.0403235      0.0144772    -0.00801145    -0.00044273
     -0.0711533     -0.0358219     -0.0729867     -0.0321543     -0.0294399     -0.0293248      0.0281254     -0.0417449     -0.0397033     0.00125622     0.00712585      0.0119214
     -0.0739611     -0.0377334     -0.0742133     -0.0333762     -0.0294399     -0.0293248     -0.0106339     -0.0680252     -0.0401941     0.00648831      0.0167165      0.0334234
      -0.072794     -0.0393696       -0.07544     -0.0358199     -0.0294401     -0.0586495      0.0678686     -0.0136383     -0.0342933      0.0134975      0.0501313      0.0344052
     -0.0715783     -0.0419933       -0.07544     -0.0370418              0     -0.0293248       0.061927     -0.0844484    -0.00765147      0.0289211      0.0186801      0.0220361
     -0.0732668     -0.0431933       -0.07544     -0.0394855              0     -0.0586495      0.0218586     -0.0163172     -0.0041472      0.0158926       0.025393    0.000919342
     -0.0736029      -0.052549     -0.0766667     -0.0431511     -0.0294399     -0.0879742       0.075326       -0.15958     -0.0126419      0.0165961     -0.0235535    -0.00480662
     -0.0695995     -0.0518298       -0.07544     -0.0455949      0.0294399     -0.0586496      0.0769638     -0.0620319     -0.0123847    -0.00484909      0.0139399      0.0201688
     -0.0688343     -0.0525689     -0.0742133     -0.0480386      0.0294401     -0.0586495      0.0519255     -0.0435908     -0.0353161     0.00997137      0.0263982      0.0212464
     -0.0663936     -0.0522402     -0.0729867     -0.0492604      0.0294399     -0.0293246      0.0866185     -0.0321847     -0.0544142      0.0198851      0.0160937     0.00595236
     -0.0553658      -0.067811       -0.06808     -0.0565916        0.11776      -0.175949       0.165685      -0.134818     -0.0511195      0.0144342    -0.00418921     -0.0139389
     -0.0582913     -0.0630614     -0.0668533     -0.0578135      0.0294403     -0.0293249       0.111071     -0.0694797     -0.0378166     0.00320135     -0.0236886     -0.0260066
     -0.0542576     -0.0642246        -0.0644     -0.0602572      0.0588799     -0.0586495       0.151659     -0.0402636     -0.0214232    -0.00745667     -0.0283244      -0.033278
     -0.0548271     -0.0662594     -0.0631733      -0.062701      0.0294401     -0.0586494       0.119575     -0.0422205    -0.00813737    -0.00854076     -0.0382318     -0.0389217
     -0.0480568     -0.0722994     -0.0582667     -0.0663666        0.11776     -0.0879745       0.107236     -0.0795857     -0.0119111     -0.0130975     -0.0396117     -0.0291636
      -0.045775     -0.0716062     -0.0558133     -0.0688103      0.0588803     -0.0586495       0.146461      -0.010432     -0.0264582     -0.0138565     -0.0187162      -0.025406
     -0.0402517     -0.0748844     -0.0521333      -0.071254        0.08832     -0.0586494       0.158508     -0.0509617     -0.0215135    -0.00476505     -0.0320959     -0.0287847
     -0.0367907     -0.0741661     -0.0484533     -0.0724759        0.08832     -0.0293248       0.144968     -0.0132184     -0.0246326    -0.00888647     -0.0254729     -0.0251448
     -0.0282515      -0.079189       -0.04232     -0.0761415         0.1472     -0.0879745       0.163315     -0.0154111     -0.0366471    -0.00689639     -0.0248167     -0.0396398
     -0.0252212      -0.078452       -0.03864     -0.0773633        0.08832     -0.0293246       0.188486     -0.0144395     -0.0391339    -0.00635637      -0.054462      -0.062179
     -0.0237411     -0.0792665       -0.03496     -0.0785852        0.08832     -0.0293248       0.129876    -0.00991527     -0.0252838     -0.0197755     -0.0698959     -0.0692434
     -0.0216457     -0.0819058       -0.03128     -0.0798071        0.08832     -0.0293248       0.114663      -0.046571     -0.0223199     -0.0285583     -0.0685906     -0.0436005
    -0.00715755     -0.0804375       -0.02392     -0.0810289        0.17664     -0.0293248       0.237235      0.0361443     -0.0104399     -0.0278995     -0.0186096     -0.0152906
    -0.00895986     -0.0794771       -0.02024     -0.0810289        0.08832              0       0.131786      0.0213905     0.00768301    -0.00302852     -0.0119711    -0.00941571
     -0.0064503     -0.0810259       -0.01656     -0.0822508        0.08832     -0.0293248       0.132523      0.0408096    -0.00365617     0.00215029    -0.00686034     -0.0262875
    -0.00380388     -0.0836192       -0.01288     -0.0834727        0.08832     -0.0293248       0.104117    -0.00396848    -0.00728502      0.0029497     -0.0457131      -0.057849
       0.012459     -0.0822515    -0.00429335     -0.0834727        0.20608              0       0.211571      0.0141941     -0.0164223     -0.0153415     -0.0699853     -0.0734503
      0.0136942     -0.0799437    0.000613327     -0.0834727        0.11776              0        0.15421      0.0588236     -0.0159333     -0.0285643     -0.0769145     -0.0849386
      0.0165599     -0.0762131     0.00429333     -0.0822508        0.08832      0.0293248       0.174144       0.081926     -0.0162332     -0.0310634     -0.0929625      -0.098187
      0.0198808     -0.0740765         0.0092     -0.0810289        0.11776      0.0293248       0.107445      0.0929052     -0.0105337     -0.0379524      -0.103412      -0.104757
      0.0325342     -0.0723366        0.01656     -0.0798071        0.17664      0.0293248       0.217614       0.100891     -0.0178745     -0.0438489      -0.106103      -0.104851
       0.034547     -0.0731709      0.0214667     -0.0785852        0.11776      0.0293248       0.155688      0.0485335     -0.0025945     -0.0447385        -0.1036     -0.0786708
      0.0384381     -0.0696462      0.0263733     -0.0773633        0.11776      0.0293248       0.149932       0.128962    -0.00511708     -0.0438898     -0.0537409     -0.0508158
      0.0411201     -0.0656108      0.0300533     -0.0749196        0.08832      0.0586495       0.149017       0.128291    -0.00444701     -0.0199494     -0.0478911     -0.0528052
       0.056849     -0.0623991      0.0398667     -0.0724759        0.23552      0.0586495       0.188765       0.146777     -0.0018616      -0.014922     -0.0577202     -0.0768142
      0.0593351      -0.062984      0.0447733     -0.0700321        0.11776      0.0586495       0.205075      0.0596331    -0.00661006     -0.0211153     -0.0959084     -0.0864268
      0.0607858     -0.0603828        0.04968     -0.0675884        0.11776      0.0586494       0.113355      0.0899574     0.00702021     -0.0453481     -0.0769459     -0.0603033
      0.0669354     -0.0573598      0.0545867     -0.0651447        0.11776      0.0586497        0.17278        0.10259    -0.00219216     -0.0373346     -0.0436608     -0.0295928
      0.0813702     -0.0457408         0.0644     -0.0590354        0.23552       0.146624       0.183294       0.176564     0.00629756      -0.018528     -0.0155249     -0.0134448
      0.0826345     -0.0477869      0.0693067     -0.0565916        0.11776      0.0586496       0.178871       0.113773     0.00165281    -0.00465883     -0.0113646      -0.014953
      0.0858225     -0.0470187      0.0742133     -0.0541479        0.11776      0.0586494       0.141646      0.0913749      0.0147636    -0.00300003     -0.0185412     -0.0248385
      0.0873676     -0.0480341      0.0778933      -0.052926        0.08832      0.0293248        0.12235      0.0625417      0.0155816    -0.00655271     -0.0311359     -0.0370292
       0.105107     -0.0359324      0.0877067     -0.0468167        0.23552       0.146624       0.210387        0.12812      0.0115727     -0.0149425     -0.0429221     -0.0409096
       0.104392     -0.0375504      0.0926133      -0.044373        0.11776      0.0586496        0.12934      0.0734982     0.00130865     -0.0204136     -0.0388964     -0.0239215
       0.107969     -0.0307067        0.09752     -0.0407074        0.11776      0.0879741       0.121372       0.150719    -0.00575795     -0.0193052    -0.00894746     -0.0194451
       0.113936     -0.0313647       0.102427     -0.0382637        0.11776      0.0586496       0.156202      0.0735029     0.00231061    -0.00468112     -0.0299421     -0.0293905
       0.123534     -0.0257777       0.109787     -0.0345981        0.17664      0.0879744       0.161114       0.119407      0.0176455     -0.0121937     -0.0288385     -0.0363193
       0.123125     -0.0217907       0.113467     -0.0309325        0.08832      0.0879741       0.124683       0.111704      0.0176745      -0.014791     -0.0437999     -0.0479643
       0.126928     -0.0221396       0.118373     -0.0284887       0.117761      0.0586496      0.0864245      0.0642868       0.017044     -0.0224346     -0.0521288     -0.0382025
       0.128268     -0.0194973       0.122053      -0.026045      0.0883201      0.0586494       0.062317       0.086569     0.00916943     -0.0254554     -0.0242766     -0.0140549
       0.142991    -0.00778941        0.13064     -0.0199357       0.206079       0.146624       0.141842       0.159666      0.0160519     -0.0133227    -0.00383315    -0.00540456
       0.139527     -0.0105869       0.133093      -0.017492      0.0588806      0.0586496      0.0871314      0.0754873      0.0335272    -0.00205709    -0.00697668    -0.00169528
       0.138783     -0.0115723       0.136773     -0.0150482      0.0883198      0.0586492     -0.0400982      0.0247725      0.0498641    -0.00272168     0.00358677     0.00291729
       0.141107    -0.00872017       0.139227     -0.0138264      0.0588795      0.0293248      0.0396369      0.0709954      0.0502614    0.000239837     0.00224733   -0.000936761
       0.145612    -0.00176783       0.142907     -0.0101608      0.0883201      0.0879744      0.0141691       0.116594      0.0537485     0.00194346    -0.00412085     -0.0170606
       0.151935     0.00685515       0.147813    -0.00405144        0.11776       0.146624      0.0384799       0.120289      0.0517428   -0.000979078     -0.0300013     -0.0312831
       0.153517     0.00608049       0.150267    -0.00160772      0.0588795      0.0586491      0.0500332      0.0974571      0.0529662     -0.0139179     -0.0325657     -0.0351845
       0.153989     0.00957071        0.15272     0.00205788      0.0588802      0.0879744    -0.00376499      0.0790059      0.0541509     -0.0162883     -0.0378034      -0.025554
       0.156028      0.0194489       0.155173     0.00816721      0.0588806       0.146624    -0.00473537       0.136523      0.0407288     -0.0170472     -0.0133057    2.00272e-05
       0.153382      0.0208514       0.155173      0.0118328              0      0.0879744     -0.0288715       0.113985      0.0328592    -0.00628067      0.0133438      0.0200205
       0.156262      0.0170085         0.1564      0.0130547      0.0294396      0.0293243    -0.00288023      0.0464387      0.0328405     0.00981592      0.0266967      0.0311146
       0.155409      0.0190729         0.1564      0.0154984              0      0.0586496     -0.0109864      0.0394489      0.0332154      0.0153547      0.0355325      0.0388341
       0.154868      0.0269303         0.1564      0.0203859              0       0.117299     -0.0253747      0.0735285      0.0299753      0.0194697      0.0421357      0.0443268
       0.155342      0.0220185         0.1564      0.0216077              0      0.0293248     -0.0253802     -0.0194657      0.0205226      0.0222064      0.0465178      0.0500159
       0.153501      0.0269856         0.1564      0.0240515              0      0.0586496     -0.0396216      0.0509928      0.0151744      0.0244623       0.053514      0.0492167
       0.154115      0.0272157         0.1564      0.0252733              0      0.0293248     -0.0341024       0.017565       0.016195      0.0276531      0.0449204      0.0405226
       0.152217      0.0300725       0.155173       0.027717     -0.0294396      0.0586491     -0.0336287      0.0226059      0.0208447      0.0234889      0.0361242      0.0325456
       0.153204      0.0298723       0.155173      0.0289389              0      0.0293248     -0.0278346     0.00432449      0.0274306      0.0187496      0.0289669      0.0277267
       0.150208      0.0316293       0.153947      0.0301608     -0.0294406      0.0293248     -0.0508679       0.021284      0.0292594      0.0150498      0.0264869       0.018734
       0.151132       0.032637       0.153947      0.0313826              0      0.0293248     -0.0417279     0.00854915      0.0297876      0.0137941      0.0109811     0.00745249
       0.146237      0.0372241       0.151493      0.0338264     -0.0588795      0.0586496     -0.0598767      0.0396509      0.0313849     0.00644921     0.00392485    0.000916481
       0.145565      0.0371194       0.150267      0.0350482     -0.0294406      0.0293248     -0.0626191      0.0175975       0.035012     0.00237309    -0.00209149     0.00160837
       0.144621      0.0378615        0.14904      0.0362701     -0.0294396      0.0293249     -0.0576362      0.0126978      0.0305362    0.000205147     0.00530815       0.014051
        0.14363      0.0362507       0.147813      0.0362701     -0.0294399              0     -0.0557811   -0.000147643      0.0263363     0.00376581      0.0227938      0.0285478
       0.140501      0.0380607        0.14536       0.037492     -0.0588802      0.0293248     -0.0530739      0.0011568      0.0224879      0.0125567      0.0343008      0.0410571
       0.137596       0.038797       0.142907      0.0387138     -0.0588802      0.0293248     -0.0675823    -0.00741049      0.0210408      0.0187459      0.0478129       0.055728
       0.137956      0.0372041        0.14168      0.0387138     -0.0294399              0     -0.0499998     -0.0181116      0.0129293      0.0251354       0.063643      0.0630493
       0.138187      0.0361629       0.140453      0.0387138     -0.0294396              0     -0.0211738     -0.0376672     0.00787756       0.032617      0.0624566       0.060524
       0.134056      0.0328759          0.138       0.037492     -0.0588802     -0.0293248     -0.0496734     -0.0615452     0.00770209      0.0324801      0.0585914      0.0542912
       0.133876       0.033695       0.136773       0.037492     -0.0294399              0     -0.0381684     -0.0574964     0.00522194      0.0302238      0.0499911      0.0494323
       0.133278      0.0348333       0.135547       0.037492     -0.0294406              0      -0.024811      -0.032526     0.00479243      0.0256753      0.0488739      0.0427461
       0.131759      0.0320784        0.13432      0.0362701     -0.0294396     -0.0293248     -0.0331812     -0.0579136     0.00882349      0.0248102      0.0366182      0.0323701
       0.130219      0.0278437       0.133093      0.0338264     -0.0294396     -0.0586496     -0.0358888     -0.0756829      0.0127336      0.0193124      0.0281224      0.0236545
       0.129049      0.0253678       0.131867      0.0313826     -0.0294406     -0.0586496     -0.0309932     -0.0739224      0.0175177      0.0145283       0.019186      0.0138717
       0.130101      0.0258365       0.131867      0.0301608              0     -0.0293248      -0.027052     -0.0575805      0.0228015      0.0092064     0.00855732     0.00711441
        0.12724      0.0252527        0.13064      0.0289389     -0.0294399     -0.0293248     -0.0463864     -0.0488227       0.022873     0.00425671     0.00567102      0.0075345
       0.125731      0.0218478       0.129413      0.0264952     -0.0294396     -0.0586496     -0.0462083     -0.0534425       0.023357     0.00278817     0.00939751     0.00795078
       0.124328      0.0189977       0.128187      0.0240515     -0.0294406     -0.0586491     -0.0490626     -0.0618789      0.0265885      0.0038272     0.00650454     0.00529671
       0.122755      0.0192621        0.12696      0.0228296     -0.0294396     -0.0293248     -0.0562937     -0.0454061      0.0283341     0.00358592      0.0040884      0.0046382
       0.121623      0.0181079       0.125733      0.0216077     -0.0294399     -0.0293248      -0.051941     -0.0486791      0.0283782      0.0027778     0.00518847      0.0109959
       0.115247      0.0146633       0.122053       0.019164     -0.0883198     -0.0586496       -0.07642     -0.0490868      0.0283715     0.00281488      0.0168033      0.0162678
       0.113291      0.0138862         0.1196      0.0179421     -0.0588804     -0.0293248      -0.081703     -0.0578909      0.0271766     0.00785433      0.0157323      0.0213571
       0.113804      0.0134091       0.118373      0.0167203     -0.0294397     -0.0293248      -0.063699     -0.0357872      0.0176488     0.00853347      0.0269818      0.0254273
        0.11372      0.0120001       0.117147      0.0154984     -0.0294406     -0.0293248     -0.0424578     -0.0453475      0.0115711      0.0128736      0.0238729      0.0221696
       0.106518      0.0073875       0.113467      0.0130547       -0.08832     -0.0586496     -0.0898195     -0.0746838      0.0128665      0.0127632      0.0204659      0.0219283
       0.108757     0.00866875        0.11224      0.0118328     -0.0294397     -0.0293243     -0.0318178     -0.0269404      0.0163383      0.0110289      0.0233912      0.0122924
       0.105205     0.00596629       0.109787      0.0106109     -0.0588802     -0.0293248     -0.0530335     -0.0794048       0.023558     0.00990175     0.00119305      0.0110273
       0.101929     0.00602069       0.107333     0.00938908     -0.0588795     -0.0293248     -0.0706433     -0.0339924      0.0191847    -0.00142087      0.0208602      0.0222607
      0.0962179     0.00505505       0.103653     0.00816721       -0.08832     -0.0293248     -0.0962829     -0.0376409      0.0114158     0.00636338      0.0236607       0.022079
      0.0984983    0.000222393       0.102427     0.00572348     -0.0294406     -0.0586496     -0.0460173     -0.0728851     0.00840936     0.00947832      0.0204973       0.022398
      0.0958271   -0.000285557      0.0999733     0.00450161     -0.0588793     -0.0293248     -0.0427479      -0.066417      0.0117159     0.00848852      0.0242991      0.0312357
      0.0956612   -0.000359084      0.0987466     0.00327974     -0.0294406     -0.0293248      -0.039747     -0.0382782      0.0152679     0.00899183      0.0381722      0.0353017
      0.0886125     -0.0109165      0.0950666    -0.00160772       -0.08832      -0.117299     -0.0808851      -0.118611      0.0114484      0.0161358      0.0324297       0.031426
      0.0876587    -0.00825522      0.0926133    -0.00282957     -0.0588795     -0.0293243     -0.0543281     -0.0659751     0.00981209      0.0136694      0.0304222      0.0263276
      0.0882414      -0.011182      0.0913866     -0.0052733     -0.0294405     -0.0586496     -0.0396396     -0.0734863      0.0101444      0.0121843       0.022233      0.0174947
      0.0876521     -0.0133992        0.09016    -0.00771704     -0.0294397     -0.0586496     -0.0295563     -0.0683668     0.00882349     0.00796484      0.0127559     0.00647926
      0.0840069     -0.0219774      0.0877067     -0.0126045     -0.0588799      -0.117299     -0.0402842       -0.11988     0.00787411     0.00314199    0.000202179    0.000579357
      0.0836274     -0.0180791        0.08648     -0.0138264     -0.0294401     -0.0293248     -0.0388311     -0.0464932     0.00770697     -0.0029018    0.000956535    -0.00289257
      0.0833289     -0.0178792      0.0852533     -0.0150482     -0.0294397     -0.0293248     -0.0168952     -0.0344631     0.00476513    -0.00361146    -0.00674172    -0.00930614
      0.0821737     -0.0185303      0.0840267     -0.0162701     -0.0294401     -0.0293248     -0.0211708     -0.0261837     0.00697408    -0.00679184     -0.0118704     -0.0136891
      0.0776427     -0.0253857      0.0815733     -0.0199357     -0.0588799      -0.087974     -0.0497635     -0.0646094     0.00661454    -0.00940586     -0.0155077     -0.0159289
      0.0821568     -0.0210023      0.0815733     -0.0211576              0     -0.0293248      0.0140032      0.0330507     0.00589189     -0.0111015     -0.0163502      -0.022097
      0.0804011     -0.0212466      0.0803467     -0.0211576     -0.0294403              0     0.00689393    -0.00975442     0.00685129     -0.0116557     -0.0278437     -0.0298704
      0.0774444     -0.0242744        0.07912     -0.0223794     -0.0294401     -0.0293248     -0.0265138     -0.0288975     0.00604174     -0.0170186     -0.0318973     -0.0269037
      0.0767569      -0.024845      0.0778933     -0.0236013     -0.0294397     -0.0293248    -0.00500725    -0.00790428    -0.00190261     -0.0195935     -0.0219105     -0.0202264
      0.0784574      -0.022702      0.0778933     -0.0236013              0              0     0.00675502      0.0181336    -0.00265231     -0.0160204     -0.0185421     -0.0208355
      0.0768114      -0.022865      0.0766667     -0.0236013     -0.0294401              0      0.0120914     0.00629642    -0.00643125     -0.0135048     -0.0231289     -0.0202802
      0.0781329     -0.0227235      0.0766667     -0.0236013              0              0      0.0198589      0.0132163    -0.00712969     -0.0146868     -0.0174314     -0.0146004
      0.0788154     -0.0254081      0.0766667     -0.0248232              0     -0.0293248      0.0321835    -0.00131091     -0.0114304     -0.0134229     -0.0117695     -0.0125461
      0.0818458     -0.0241993      0.0778933     -0.0248232      0.0294401              0      0.0507035      0.0116902     -0.0128021     -0.0102526     -0.0133228     -0.0161268
      0.0839803     -0.0239436        0.07912     -0.0248232      0.0294397              0      0.0680221       0.013059     -0.0129591     -0.0103263     -0.0189308     -0.0216011
      0.0851592     -0.0236374      0.0803467     -0.0248232      0.0294401              0      0.0626046      0.0183347     -0.0113671     -0.0129932     -0.0242716     -0.0274616
      0.0889865     -0.0237473         0.0828     -0.0248232      0.0588799              0      0.0765706       0.012518     -0.0110415     -0.0160511     -0.0306517     -0.0294511
      0.0886979     -0.0230577      0.0840267     -0.0248232      0.0294403              0      0.0585023      0.0302962    -0.00968161     -0.0189695     -0.0282502     -0.0315156
      0.0898448     -0.0204925      0.0852533     -0.0236013      0.0294401      0.0293248      0.0649739      0.0359704    -0.00535562     -0.0188184     -0.0347812     -0.0326352
      0.0903746     -0.0213625        0.08648     -0.0236013      0.0294397              0      0.0479911      0.0338017    0.000797128     -0.0207123     -0.0304884     -0.0305279
      0.0906762     -0.0186883      0.0877067     -0.0223794      0.0294401      0.0293248      0.0312039      0.0491358     0.00145886     -0.0193256     -0.0305674     -0.0307986
       0.094715     -0.0179193        0.09016     -0.0211576      0.0588799      0.0293248       0.055998      0.0338976     0.00184402     -0.0190147     -0.0310299     -0.0229398
      0.0953759     -0.0160906      0.0913866     -0.0199357      0.0294397      0.0293248      0.0600276      0.0552465     0.00877223     -0.0187979     -0.0148504     -0.0132146
      0.0982781     -0.0153149        0.09384     -0.0187138      0.0588802      0.0293248      0.0491047      0.0407005      0.0156377     -0.0110157     -0.0115788    -0.00822286
       0.101194     -0.0136583      0.0962933      -0.017492      0.0588804      0.0293248       0.061185       0.056952      0.0114466    -0.00864507    -0.00486684     -0.0107396
       0.100714     -0.0131332        0.09752     -0.0162701      0.0294396      0.0293244      0.0363051      0.0347839     0.00894115    -0.00618447     -0.0166124     -0.0176334
       0.101741    -0.00964654      0.0987466     -0.0138264      0.0294397      0.0586496      0.0373491      0.0434074     0.00484369     -0.0117028     -0.0186545     -0.0110876
       0.106359    -0.00936847         0.1012     -0.0126045      0.0588804      0.0293248       0.067583      0.0411356     0.00456903     -0.0124717    -0.00352103     0.00242472
        0.10809   -0.000175836       0.103653    -0.00771704      0.0588802       0.117299      0.0403551      0.0862874     0.00438866    -0.00638307     0.00836992      0.0169611
       0.105326    -0.00249537       0.103653    -0.00649517              0      0.0293248      0.0258241      0.0556051    0.000821208    0.000280607      0.0255523      0.0239053
       0.107675    0.000566084        0.10488    -0.00405144      0.0294397      0.0586496      0.0407511      0.0600299     0.00982389     0.00826954      0.0222592      0.0137014
       0.107103    -0.00294612       0.106107    -0.00282957      0.0294397      0.0293248    -0.00553915     -0.0321219       0.015549     0.00761734      0.0051446     0.00951767
       0.108673    0.000687432       0.107333   -0.000385857      0.0294405      0.0586491      0.0211472      0.0261919      0.0138703    -0.00150694      0.0138922      0.0125585
       0.110832       0.005616        0.10856     0.00205788      0.0294397      0.0586496      0.0291186      0.0413103      0.0142368     0.00276374      0.0112252      0.0103979
       0.111146     0.00562259       0.109787     0.00327974      0.0294397      0.0293248     0.00451976      0.0248783      0.0140476     0.00262867     0.00957108      0.0103841
       0.109933     0.00698826       0.109787     0.00450161              0      0.0293248     0.00456351      0.0345865      0.0124762     0.00217472      0.0111966     0.00654411
       0.112134     0.00484543       0.111013     0.00450161      0.0294406              0      0.0103587   -2.25473e-06        0.01754     0.00213169     0.00189161    0.000611782
        0.11071     0.00737299       0.111013     0.00572348              0      0.0293248    -0.00321615      0.0189994      0.0202482    -0.00201215   -0.000667896    -0.00117582
       0.110066     0.00622434       0.111013     0.00572348              0              0     -0.0143786     0.00618063      0.0227179    -0.00368727    -0.00168371    -0.00211096
       0.113219     0.00593801        0.11224     0.00572348      0.0294396              0      0.0132261     0.00271181      0.0222097    -0.00399197    -0.00253821    -0.00275068
       0.108863      0.0052431       0.111013     0.00572348     -0.0294396              0     -0.0300088     -0.0132482      0.0204187    -0.00431908    -0.00296314     0.00405312
       0.109939     0.00535094       0.111013     0.00572348              0              0     -0.0155866    -0.00402836      0.0146099    -0.00445641      0.0110698      0.0162511
       0.110135     0.00525861       0.111013     0.00572348              0              0     -0.0161987    -0.00529991      0.0112916      0.0010619      0.0214324      0.0234284
       0.110579     0.00197989       0.111013     0.00450161              0     -0.0293248    -0.00443165     -0.0311601      0.0104714     0.00685428      0.0254245      0.0248947
       0.110905     0.00312952       0.111013     0.00450161              0              0     0.00189948      -0.016676      0.0139963     0.00877272      0.0243654      0.0209508
       0.107144    6.45755e-05       0.109787     0.00327974     -0.0294406     -0.0293248     -0.0397388     -0.0454111      0.0160229     0.00860308      0.0175362      0.0178666
        0.10592    -0.00107414        0.10856     0.00205788     -0.0294397     -0.0293248     -0.0274017     -0.0359227      0.0151144      0.0055555      0.0181975      0.0147328
       0.106832    0.000286891        0.10856     0.00205788              0              0     -0.0295416     -0.0279539      0.0173472     0.00508724      0.0112681      0.0122762
       0.100946    -0.00448378       0.106107   -0.000385857     -0.0588802     -0.0586496     -0.0688337     -0.0448101       0.016887     0.00250195      0.0132842     0.00851011
       0.103925     -0.0053984       0.106107    -0.00160772              0     -0.0293248     -0.0241458     -0.0547531      0.0194678     0.00230156     0.00373554     0.00665331
       0.101031    -0.00274977        0.10488    -0.00160772     -0.0294397              0     -0.0539037    -0.00956666      0.0279895    -0.00134326     0.00957108     0.00753212
       0.100155    -0.00528998       0.103653    -0.00282957     -0.0294397     -0.0293243     -0.0352826     -0.0332284      0.0291911     0.00113772     0.00549269     0.00606012
      0.0983263    -0.00985543       0.102427     -0.0052733     -0.0294406     -0.0586496      -0.056592     -0.0571576      0.0319236    0.000478971     0.00662756     0.00832939
      0.0969006     -0.0099151         0.1012    -0.00649517     -0.0294396     -0.0293248     -0.0589896     -0.0424161      0.0254876    0.000468838      0.0100307      0.0116701
      0.0996786      -0.010754         0.1012    -0.00771704              0     -0.0293248     -0.0143475     -0.0364131      0.0200608     0.00150989       0.013309      0.0132785
      0.0972368     -0.0114188      0.0999733     -0.0089389     -0.0294397     -0.0293248     -0.0377511     -0.0244518      0.0183714     0.00321983      0.0132475     0.00670862
       0.093245     -0.0153177        0.09752     -0.0113826     -0.0588804     -0.0586496     -0.0495174     -0.0437453      0.0114466     0.00276767    0.000169754    -0.00950498
      0.0962541     -0.0156471        0.09752     -0.0126045              0     -0.0293248     -0.0177256      -0.042341      0.0091115     -0.0036688     -0.0191795     -0.0209594
      0.0945316     -0.0133461      0.0962933     -0.0126045     -0.0294396              0     -0.0192971     -0.0116765     0.00517938     -0.0133901     -0.0227396     -0.0189947
      0.0932243     -0.0120119      0.0950666     -0.0126045     -0.0294406              0     -0.0213006      0.0120105     0.00449774     -0.0154415     -0.0152499     -0.0139112
      0.0920871     -0.0116742        0.09384     -0.0126045     -0.0294397              0     -0.0186221      0.0148303      0.0042846     -0.0122876     -0.0125724     -0.0129111
      0.0933482     -0.0119127        0.09384     -0.0126045              0              0     -0.0100602     0.00858208      0.0042418     -0.0103754     -0.0132498     -0.0120114
      0.0912643     -0.0145805      0.0926133     -0.0138264     -0.0294397     -0.0293248     -0.0105978     -0.0030025     0.00470898     -0.0103101     -0.0107727     -0.0137011
      0.0925526      -0.013214      0.0926133     -0.0138264              0              0     0.00119449      0.0115638     0.00945923    -0.00973512     -0.0166296     -0.0212094
      0.0926431     -0.0129711      0.0926133     -0.0138264              0              0   -0.000170888      0.0109847      0.0103252     -0.0111401     -0.0257892      -0.027594
       0.092501     -0.0129739      0.0926133     -0.0138264              0              0    -0.00367575     0.00925794      0.0102126     -0.0158403      -0.029399     -0.0263904
      0.0930006      -0.012225      0.0926133     -0.0138264              0              0     0.00980966      0.0281663      0.0100831     -0.0178611     -0.0233818     -0.0255058
      0.0929637     -0.0122477      0.0926133     -0.0138264              0              0     0.00512046      0.0222803      0.0108671     -0.0160183     -0.0276297     -0.0291206
      0.0930566    -0.00704609      0.0926133     -0.0113826              0      0.0586496     0.00723185      0.0473154     0.00936041     -0.0170657     -0.0306113     -0.0237778
      0.0931754    -0.00605934      0.0926133     -0.0101608              0      0.0293248     0.00747086      0.0570317     0.00643227     -0.0183827     -0.0169444     -0.0148549
      0.0964581    -0.00837668        0.09384     -0.0101608      0.0294397              0      0.0345446      0.0219868     0.00311015      -0.013388     -0.0127652     -0.0094905
       0.095031    -0.00627716        0.09384     -0.0089389              0      0.0293248      0.0123396      0.0338809     0.00142441     -0.0103507    -0.00621594    -0.00381434
       0.094604    -0.00180013        0.09384    -0.00649517              0      0.0586496     0.00886884      0.0601406    -0.00025251    -0.00756503    -0.00141272    -0.00230003
      0.0980602    0.000538484      0.0950666    -0.00405144      0.0294397      0.0586496      0.0449956      0.0505214     0.00150976    -0.00513138     -0.0031873    0.000394344
      0.0967339    -0.00230263      0.0950666    -0.00405144              0              0      0.0247028      0.0275349     0.00743935    -0.00496341     0.00397587     0.00112915
      0.0987661   -0.000336177      0.0962933    -0.00282957      0.0294406      0.0293248        0.02713      0.0312369     0.00615785    -0.00198139    -0.00171829    -0.00548236
       0.103119      0.0037599      0.0987466   -0.000385857      0.0588793      0.0586491      0.0496764      0.0471082     0.00148926    -0.00351943    -0.00924638    -0.00932015
       0.103989    0.000738342      0.0999733   -0.000385857      0.0294406              0      0.0571905      0.0108765    0.000860666    -0.00730516    -0.00939391    -0.00599197
       0.104793     0.00373564         0.1012     0.00083601      0.0294397      0.0293248      0.0456066       0.043791     0.00514541    -0.00789644    -0.00258992    -0.00697868
        0.10518     0.00182114       0.102427     0.00083601      0.0294396              0      0.0277764     0.00892713     0.00507543    -0.00543381     -0.0113676     -0.0115191
       0.106561     0.00423207       0.103653     0.00205788      0.0294406      0.0293248       0.037206      0.0254971     0.00279138    -0.00871648     -0.0116707    -0.00980623
       0.110652     0.00326466       0.106107     0.00205788      0.0588795              0       0.055186       0.018882     0.00681028    -0.00907041    -0.00794163    -0.00905689
       0.110542     0.00548877       0.107333     0.00327974      0.0294405      0.0293248      0.0409101      0.0241118      0.0107972    -0.00816859     -0.0101721    -0.00784673
       0.111553     0.00385067        0.10856     0.00327974      0.0294397              0      0.0407536     0.00451363      0.0139776    -0.00813175    -0.00552095   -0.000387853
       0.114647      0.0031887       0.111013     0.00327974      0.0588804              0      0.0337552     -0.0037454      0.0142349     -0.0064422     0.00474596      0.0116787
       0.115051     0.00380495        0.11224     0.00327974      0.0294396              0      0.0369476      0.0172806      0.0105942    -0.00138224      0.0186114      0.0132012
       0.115319     0.00278115       0.113467     0.00327974      0.0294397              0      0.0148884      -0.013087      0.0142368     0.00569247     0.00779009     0.00770807
       0.116642     0.00356237       0.114693     0.00327974      0.0294406              0       0.025722      0.0129674      0.0149764     2.5022e-05     0.00762606    -0.00208184
       0.114326     0.00313088       0.114693     0.00327974              0              0    -0.00934798    -0.00787806      0.0215453    -0.00125934       -0.01179     -0.0144638
        0.11672     0.00301436        0.11592     0.00327974      0.0294397              0     0.00902553    -0.00826117      0.0234713     -0.0100155     -0.0171374     -0.0131467
       0.115613     0.00399572        0.11592     0.00327974              0              0    -0.00135677      0.0157183      0.0261231     -0.0133411    -0.00915601     -0.0104264
         0.1151     0.00368605        0.11592     0.00327974              0              0     -0.0124575     0.00204378      0.0261472     -0.0101646     -0.0116968    -0.00881793
       0.111518      0.0067903       0.114693     0.00450161     -0.0294397      0.0293248      -0.048452      0.0306854      0.0189135    -0.00986208    -0.00593939    -0.00504581
       0.113472     0.00520063       0.114693     0.00450161              0              0     -0.0131812     0.00655487      0.0129347    -0.00724591    -0.00415222    -0.00110157
       0.114212     0.00487942       0.114693     0.00450161              0              0    -0.00490564     0.00687214      0.0143541    -0.00628663     0.00194931     0.00264025
       0.110844     0.00443531       0.113467     0.00450161     -0.0294406              0     -0.0382125    -0.00285509       0.014569    -0.00345815     0.00333118     0.00544882
       0.112055     0.00418501       0.113467     0.00450161              0              0     -0.0202701    -0.00508822      0.0139215    -0.00238229     0.00756645     0.00979853
       0.107002     0.00712622       0.111013     0.00572348     -0.0588793      0.0293248     -0.0435368      0.0171866      0.0155424   -0.000592482      0.0120306      0.0124121
       0.109508     0.00552435       0.111013     0.00572348              0              0     -0.0180098    -0.00614389      0.0203148     0.00198852       0.012794      0.0149364
       0.106714     0.00462065       0.109787     0.00572348     -0.0294406              0     -0.0439231     -0.0204705      0.0186854     0.00219499      0.0170789       0.023447
       0.105654     0.00177448        0.10856     0.00450161     -0.0294397     -0.0293248     -0.0336476      -0.031795      0.0142368     0.00420581      0.0298147      0.0315132
       0.104692     0.00245302       0.107333     0.00450161     -0.0294397              0     -0.0304101     -0.0308616      0.0139829      0.0103702      0.0332117      0.0363073
       0.105638    0.000292971       0.107333     0.00327974              0     -0.0293248     -0.0310746     -0.0314531      0.0134544      0.0125075       0.039403      0.0330091
       0.103726     0.00087466       0.106107     0.00327974     -0.0294405              0      -0.025243     -0.0390237      0.0101259      0.0148678      0.0266166      0.0259275
       0.104321    -0.00147875       0.106107     0.00205788              0     -0.0293248     -0.0315637     -0.0451563      0.0155542     0.00890778       0.025238      0.0234609
       0.102256    -0.00587364        0.10488   -0.000385857     -0.0294397     -0.0586496     -0.0258256     -0.0699606      0.0169961     0.00841068      0.0216837      0.0208955
       0.103036    -0.00578531        0.10488    -0.00160772              0     -0.0293248     -0.0274201     -0.0531768      0.0254197     0.00669883      0.0201077      0.0194016
       0.100171    -0.00625776       0.103653    -0.00282957     -0.0294397     -0.0293243     -0.0454632      -0.040419      0.0261149     0.00575589      0.0186958      0.0149331
      0.0992299     -0.0132126       0.102427    -0.00649517     -0.0294406     -0.0879744     -0.0334989     -0.0827285      0.0259921     0.00503193      0.0111704     0.00793314
       0.100457     -0.0122905       0.102427    -0.00771704              0     -0.0293248     -0.0312476     -0.0629387      0.0248159     0.00129508     0.00469637     0.00806952
      0.0987818     -0.0122901         0.1012     -0.0089389     -0.0294396     -0.0293248      -0.025493     -0.0391019      0.0143441     -0.0019529      0.0114422      0.0124125
       0.100606     -0.0128043         0.1012     -0.0101608              0     -0.0293248    -0.00763275     -0.0278975      0.0112949     0.00116419      0.0133829     0.00918722
        0.10125     -0.0120273         0.1012     -0.0101608              0              0    -0.00114484     -0.0342116     0.00384149     0.00248967     0.00499153      0.0108991
      0.0986303     -0.0165729      0.0999733     -0.0126045     -0.0294397     -0.0586496     -0.0178562     -0.0404703    -0.00194337   -0.000118268      0.0168061      0.0138898
      0.0971384     -0.0169197      0.0987466     -0.0138264     -0.0294406     -0.0293248     -0.0185271     -0.0376335    -0.00278356     0.00369023       0.010973     0.00700903
      0.0986467     -0.0176339      0.0987466     -0.0150482              0     -0.0293248   -0.000512869       -0.02819   -0.000288392     0.00262665     0.00304508    -0.00394252
      0.0990248     -0.0155864      0.0987466     -0.0150482              0              0     0.00659172    -0.00590301     0.00656173    -0.00297142     -0.0109301     -0.0170538
      0.0959704     -0.0177501        0.09752     -0.0162701     -0.0294397     -0.0293248     -0.0162362     -0.0178696      0.0121026     -0.0105307     -0.0231775     -0.0262651
      0.0969669     -0.0155134        0.09752     -0.0162701              0              0    -0.00662669      0.0156431      0.0141803     -0.0165358     -0.0293524     -0.0345031
       0.097585     -0.0148933        0.09752     -0.0162701              0              0     0.00453707      0.0184208      0.0137235     -0.0193398      -0.039654     -0.0414702
      0.0979448     -0.0116037        0.09752     -0.0150482              0      0.0293248     0.00766649      0.0442901      0.0115897     -0.0240401     -0.0432867     -0.0420872
      0.0946237     -0.0101384      0.0962933     -0.0138264     -0.0294396      0.0293248      -0.026355      0.0424727     0.00585267     -0.0259769     -0.0408878     -0.0323183
      0.0994209    -0.00822503        0.09752     -0.0126045      0.0294396      0.0293248      0.0259534      0.0626969    -0.00130239     -0.0241219     -0.0237482     -0.0212254
      0.0990703    -0.00492352        0.09752     -0.0101608              0      0.0586496      0.0246906      0.0597752    0.000848388     -0.0146909     -0.0187023     -0.0110232
      0.0987846     -0.0019599        0.09752    -0.00771704              0      0.0586496        0.01816      0.0760242     0.00294325     -0.0116109    -0.00334364    -0.00144648
       0.098462    -0.00273657        0.09752    -0.00649517              0      0.0293248      0.0115205      0.0468786     0.00263998     -0.0047877    0.000451088    0.000713825
      0.0987446    0.000778664        0.09752    -0.00405144              0      0.0586496      0.0200419      0.0608792     0.00140235     -0.0025071    0.000976562    -0.00154418
      0.0982291    0.000127798        0.09752    -0.00282957              0      0.0293248     0.00516687      0.0320988     0.00142286    -0.00254811    -0.00406452    -0.00291546
       0.101765     0.00422899      0.0987466   -0.000385857      0.0294397      0.0586491      0.0448144       0.059002      0.0011023    -0.00431312     -0.0017663    -0.00374936
       0.100198     0.00689634      0.0987466     0.00205788              0      0.0586496      0.0178272      0.0562584     0.00408349    -0.00424553    -0.00573253    -0.00528372
       0.102642     0.00664799      0.0999733     0.00327974      0.0294406      0.0293248      0.0334638      0.0422614     0.00339661    -0.00550355    -0.00483503    -0.00541765
       0.100861     0.00781585      0.0999733     0.00450161              0      0.0293248     0.00762288      0.0449558     0.00338969      -0.005659    -0.00600027     -0.0104793
       0.103435       0.011753         0.1012     0.00694534      0.0294397      0.0586496      0.0284161      0.0577042     0.00373564    -0.00608422      -0.014958     -0.0175369
       0.104241      0.0149167       0.102427     0.00938908      0.0294396      0.0586496      0.0151584      0.0692877     0.00907085     -0.0104818     -0.0201159     -0.0226398
       0.102325      0.0141345       0.102427      0.0106109              0      0.0293248     -0.0019245      0.0373387      0.0157213     -0.0139097     -0.0251637     -0.0201546
       0.103135      0.0144349       0.102427      0.0118328              0      0.0293248      0.0267958      0.0252312      0.0253479     -0.0161716     -0.0151455    -0.00330234
       0.101161      0.0189156       0.102427      0.0142765              0      0.0586491     -0.0311578      0.0608967      0.0313678     -0.0122675     0.00854015      0.0147004
       0.101427      0.0155934       0.102427      0.0142765              0              0     -0.0121595      0.0180541      0.0192289   -0.000189674      0.0208607      0.0223341
        0.10423      0.0136348       0.103653      0.0142765      0.0294406              0    -0.00166507     -0.0141804      0.0167968     0.00643502       0.023808      0.0278244
       0.104357       0.013175       0.103653      0.0142765              0              0      0.0202406     -0.0140692      0.0156854     0.00735127      0.0318408      0.0328541
       0.103928      0.0159173       0.103653      0.0154984              0      0.0293248     0.00298426     0.00263894      0.0189801       0.011131      0.0338674      0.0326915
       0.103389      0.0143006       0.103653      0.0154984              0              0    -0.00902085     -0.0201553      0.0133368      0.0125668      0.0315156      0.0312414
        0.10724       0.010937        0.10488      0.0142765      0.0294397     -0.0293248      0.0343135     -0.0443575     0.00594792      0.0123131      0.0309672      0.0306106
        0.10607      0.0118432        0.10488      0.0142765              0              0       0.013626     -0.0367896     0.00546262      0.0117264      0.0302544       0.032702
       0.108546      0.0130177       0.106107      0.0142765      0.0294397              0       0.027483       -0.01006     0.00299439      0.0113662      0.0351491      0.0282912
       0.110454     0.00938764       0.107333      0.0130547      0.0294405     -0.0293248      0.0412626     -0.0559805     0.00230393       0.012397      0.0214329      0.0225606
       0.108907      0.0112731       0.107333      0.0130547              0              0      0.0227855     -0.0198929     0.00614068     0.00642477      0.0236878      0.0204263
       0.111003     0.00878956        0.10856      0.0118328      0.0294397     -0.0293243      0.0288219     -0.0404956     0.00866637      0.0071529      0.0171647      0.0151973
       0.112402     0.00717608       0.109787      0.0106109      0.0294397     -0.0293248      0.0316075     -0.0454428     0.00895295     0.00517308      0.0132303      0.0133095
       0.113291     0.00945958       0.111013      0.0106109      0.0294406              0      0.0236465     -0.0106186      0.0101698     0.00321351      0.0133882     0.00874043
       0.114756     0.00771581        0.11224     0.00938908      0.0294396     -0.0293248      0.0339274     -0.0135752      0.0122289     0.00293123     0.00409222    -0.00696717
       0.115132     0.00576502       0.113467     0.00816721      0.0294397     -0.0293248      0.0125089     -0.0349112      0.0175348    -0.00132276      -0.018027     -0.0211223
       0.116293     0.00177336       0.114693     0.00572348      0.0294406     -0.0586496      0.0188936     -0.0489925      0.0191455     -0.0140547     -0.0242176     -0.0228692
       0.113566     0.00730041       0.114693     0.00572348              0              0     -0.0270443      0.0378463      0.0254707     -0.0161226     -0.0215202     -0.0268958
       0.117462     0.00441891        0.11592     0.00450161      0.0294397     -0.0293248      0.0404977      -0.011757      0.0287139      -0.015738     -0.0322712     -0.0328417
       0.115367     0.00271731        0.11592     0.00327974              0     -0.0293248     -0.0221411     0.00267682      0.0319082     -0.0190208     -0.0334122     -0.0376932
        0.11249     0.00411032       0.114693     0.00327974     -0.0294397              0     -0.0193098     0.00974501      0.0261641     -0.0204116     -0.0419743     -0.0419012
       0.113432     0.00736877       0.114693     0.00450161              0      0.0293248     -0.0193093      0.0334584      0.0255882     -0.0240359     -0.0418286     -0.0355109
       0.110505     0.00671029       0.113467     0.00450161     -0.0294406              0     -0.0437083      0.0325874       0.019152     -0.0245534     -0.0291944     -0.0241268
       0.112542     0.00918173       0.113467     0.00572348              0      0.0293248     -0.0093361      0.0457251      0.0128134     -0.0171781     -0.0190591     -0.0153385
       0.110683      0.0132243        0.11224     0.00816721     -0.0294397      0.0586496     -0.0129231      0.0619704      0.0139146     -0.0117722     -0.0116178    -0.00759332
       0.108983      0.0130697       0.111013     0.00938908     -0.0294396      0.0293248     -0.0246797      0.0472221      0.0142026    -0.00815631    -0.00356885    -0.00174603
       0.107847      0.0106919       0.109787     0.00938908     -0.0294406              0     -0.0216648      0.0170202      0.0106814    -0.00446655    7.72476e-05    0.000683308
       0.106183       0.011549        0.10856      0.0106109     -0.0294397      0.0293248     -0.0351745     -0.0031844      0.0061681     -0.0026461     0.00128984      0.0149293
        0.10599      0.0137686       0.107333      0.0118328     -0.0294397      0.0293248    -0.00616938      0.0312293     0.00325498    0.000182497      0.0285678      0.0313435
       0.104584      0.0144159       0.106107      0.0130547     -0.0294405      0.0293243     -0.0174321      0.0117855      0.0087584      0.0148412      0.0341182         0.0365
         0.1062      0.0145732       0.106107      0.0130547              0              0     0.00223424      0.0364444     0.00847242      0.0180095      0.0388813      0.0334606
       0.106468      0.0144946       0.106107      0.0130547              0              0     0.00942146      0.0122569     0.00761161      0.0191507      0.0280399      0.0231795
       0.103534      0.0132483        0.10488      0.0130547     -0.0294397              0     -0.0218202     0.00654649     0.00702021      0.0149231      0.0183196     0.00813675
       0.107147       0.012157       0.106107      0.0130547      0.0294397              0     0.00785615     -0.0201208     0.00461182      0.0094416    -0.00204637    -0.00458348
       0.107127      0.0122269       0.106107      0.0130547              0              0      0.0199133      -0.014532     0.00796959    -0.00186695    -0.00712071    -0.00495936
       0.106753      0.0130016       0.106107      0.0130547              0              0      0.0106702     0.00165129      0.0173985    -0.00347246    -0.00279768    -0.00233816
       0.106246      0.0158321       0.106107      0.0142765              0      0.0293248     0.00163299      0.0152935      0.0193994     -0.0023271    -0.00187872     0.00188828
       0.108886      0.0123737       0.107333      0.0130547      0.0294405     -0.0293248      0.0162242    0.000632381      0.0188745      -0.001153     0.00565577    0.000729084
       0.107592      0.0125986       0.107333      0.0130547              0              0     0.00178524     -0.0109266      0.0171871     0.00223385    -0.00419755    -0.00362814
       0.110596      0.0128501        0.10856      0.0130547      0.0294397              0      0.0280065    -0.00277571      0.0171784   -0.000981224    -0.00305872    -0.00182533
        0.10968      0.0132706        0.10856      0.0130547              0              0      0.0192656     0.00538569      0.0177053    -0.00147845   -0.000591978    -0.00179393
       0.111997      0.0100106       0.109787      0.0118328      0.0294397     -0.0293243      0.0242201     -0.0250597      0.0160262   -0.000531089     -0.0029959   -0.000793214
       0.113429      0.0112579       0.111013      0.0118328      0.0294406              0      0.0245436    -0.00692311     0.00877402   -0.000612986     0.00140953       0.003479
        0.11275      0.0119976       0.111013      0.0118328              0              0      0.0293836     0.00707897     0.00547597     0.00070821       0.005548     0.00223827
       0.117807     0.00889188       0.113467      0.0106109      0.0588793     -0.0293248      0.0491007      -0.021764      0.0080106      0.0025817     -0.0010723    -0.00317989
       0.115308     0.00729598       0.113467     0.00938908              0     -0.0293248      0.0257992      -0.023983     0.00785563    0.000683653    -0.00528755    -0.00777483
       0.117376     0.00880554       0.114693     0.00938908      0.0294406              0      0.0329554    -0.00934107       0.010238    -0.00230457     -0.0102621    -0.00926898
        0.11561     0.00652813       0.114693     0.00816721              0     -0.0293248      0.0103596      -0.018397      0.0114619    -0.00443972    -0.00827563     -0.0073526
       0.118081     0.00238692        0.11592     0.00572348      0.0294397     -0.0586496      0.0271834     -0.0350336       0.013746    -0.00403298    -0.00642956    -0.00924324
       0.116671     0.00211122        0.11592     0.00450161              0     -0.0293248      0.0110812     -0.0290576      0.0166994    -0.00317575     -0.0120567     -0.0129923
       0.115485     0.00535239        0.11592     0.00450161              0              0     -0.0104333      0.0204186      0.0186121    -0.00458099     -0.0139279      -0.017067
       0.115502     0.00327649        0.11592     0.00327974              0     -0.0293248    -0.00418541      0.0018413      0.0185914    -0.00570811     -0.0202062     -0.0249596
       0.113099     0.00106887       0.114693     0.00205788     -0.0294397     -0.0293248     -0.0176303    -0.00987632      0.0196328    -0.00977386     -0.0297129     -0.0340059
       0.113404     0.00252328       0.114693     0.00205788              0              0     -0.0224873     0.00633317      0.0208003     -0.0144271     -0.0382989        -0.0388
       0.111113     0.00311092       0.113467     0.00205788     -0.0294406              0     -0.0262432      0.0125613      0.0207849     -0.0187365     -0.0393012        -0.0351
       0.112451     0.00686004       0.113467     0.00327974              0      0.0293248     -0.0124995      0.0513968      0.0233247     -0.0191906     -0.0308987     -0.0302248
       0.109556     0.00555115        0.11224     0.00327974     -0.0294397              0     -0.0359004      0.0306968      0.0238397     -0.0158526     -0.0295509     -0.0280434
       0.104817     0.00516633       0.109787     0.00327974     -0.0588802              0     -0.0632575      0.0282455      0.0237014     -0.0146338     -0.0265359     -0.0265497
       0.104779     0.00781922        0.10856     0.00450161     -0.0294397      0.0293248     -0.0470114      0.0429436      0.0237492     -0.0131344     -0.0265634      -0.025965
       0.103741     0.00649712       0.107333     0.00450161     -0.0294397              0     -0.0463436       0.027953      0.0248519     -0.0130773     -0.0253666     -0.0250556
      0.0966182      0.0118786       0.103653     0.00694534       -0.08832      0.0586496     -0.0864802      0.0613407      0.0262205     -0.0125597     -0.0247445     -0.0231613
      0.0980773       0.008588       0.102427     0.00694534     -0.0294406              0     -0.0519292      0.0149968      0.0276556     -0.0121017     -0.0215782      -0.013081
      0.0977528      0.0105565         0.1012     0.00816721     -0.0294396      0.0293248     -0.0410896      0.0283458      0.0281772     -0.0105143    -0.00458285     0.00485897
      0.0933098     0.00838835      0.0987466     0.00816721     -0.0588804              0     -0.0733994    -0.00170472      0.0267676    -0.00215722      0.0143003      0.0257692
      0.0913539      0.0105508      0.0962933     0.00938908     -0.0588793      0.0293248     -0.0533394      0.0152035      0.0200418     0.00983428      0.0372386      0.0430079
      0.0918956      0.0087446      0.0950666     0.00938908     -0.0294406              0     -0.0385837    -0.00761622       0.019771      0.0207747      0.0487781      0.0481639
      0.0909348     0.00455465        0.09384     0.00816721     -0.0294397     -0.0293248     -0.0391156     -0.0497618      0.0163263      0.0263319      0.0475507      0.0462832
      0.0891844     0.00488284      0.0926133     0.00816721     -0.0294397              0      -0.052757     -0.0509603      0.0118333      0.0261067      0.0450153      0.0477128
       0.088243     0.00302222      0.0913866     0.00694534     -0.0294405     -0.0293248     -0.0380105     -0.0442859      0.0118028      0.0245197      0.0504098      0.0441012
      0.0841823     0.00402089      0.0889333     0.00694534     -0.0588795              0     -0.0531407      -0.044438       0.023548      0.0256692      0.0377927      0.0350771
      0.0818211     0.00035106        0.08648     0.00572348     -0.0588802     -0.0293248     -0.0431113     -0.0850374      0.0355797      0.0196724      0.0323615      0.0440922
      0.0811324     0.00127712      0.0852533     0.00450161     -0.0294397     -0.0293248     -0.0580018     -0.0190924      0.0366175      0.0171586      0.0558238      0.0435071
      0.0788889    -0.00206418         0.0828     0.00205788     -0.0588804     -0.0586496     -0.0330253     -0.0395136      0.0243217      0.0269024      0.0311904     0.00642824
      0.0770264    -0.00662439      0.0815733   -0.000385857     -0.0294396     -0.0586496     -0.0849698     -0.0955853      0.0148792       0.017674     -0.0183326     -0.0220918
      0.0810755    -0.00429093      0.0815733    -0.00160772              0     -0.0293248     0.00443116     -0.0206822    -0.00368693    -0.00818898       -0.02585     -0.0368313
      0.0821729    -0.00510227      0.0815733    -0.00282957              0     -0.0293243     0.00923941     -0.0382881     0.00630412      -0.013202      -0.047813      -0.042792
      0.0759118    -0.00401598        0.07912    -0.00405144     -0.0588804     -0.0293248     -0.0393536      0.0205195      0.0130623      -0.022187     -0.0377723     -0.0459032
      0.0760947    -0.00773025      0.0778933    -0.00649517     -0.0294397     -0.0586496    -0.00943329    -0.00748085      0.0174938     -0.0163007     -0.0540343     -0.0623076
      0.0744634    -0.00831108      0.0766667    -0.00771704     -0.0294401     -0.0293248     -0.0284229    -0.00955495      0.0217688     -0.0227535     -0.0705809     -0.0674766
      0.0762289    -0.00865292      0.0766667     -0.0089389              0     -0.0293248    -0.00519852      0.0107585       0.015965     -0.0313357     -0.0643719     -0.0593184
      0.0741079      -0.010387        0.07544     -0.0101608     -0.0294401     -0.0293248     -0.0147953    -0.00510172      0.0111464     -0.0294151      -0.054265     -0.0399637
      0.0760048     -0.0113688        0.07544     -0.0113826              0     -0.0293248      0.0111937      0.0109697     0.00822685     -0.0236616     -0.0256625     -0.0176821
      0.0764385     -0.0129341        0.07544     -0.0126045              0     -0.0293248      0.0132881     0.00449993     0.00650737    -0.00652207     -0.0097019    -0.00802481
      0.0742303      -0.014489      0.0742133     -0.0138264     -0.0294397     -0.0293248      0.0097495     0.00129593     0.00494597   -0.000453484    -0.00634747     -0.0122454
      0.0751092     -0.0197582      0.0742133     -0.0162701              0     -0.0586496     0.00982806     -0.0460478     0.00486419   -5.48482e-05     -0.0181431     -0.0177446
      0.0762353     -0.0165175      0.0742133     -0.0162701              0              0      0.0355588     0.00219562    0.000959371    -0.00479163     -0.0173464     -0.0194305
      0.0795805     -0.0190609        0.07544      -0.017492      0.0294397     -0.0293244       0.056728     -0.0231996    0.000391697    -0.00557507     -0.0215145     -0.0167435
      0.0780189     -0.0172562        0.07544      -0.017492              0              0      0.0306127     0.00737557    -0.00329306    -0.00657321     -0.0119727    -0.00959442
      0.0813572     -0.0196795      0.0766667     -0.0187138      0.0294401     -0.0293248      0.0671593    -0.00721254    -0.00918212     -0.0024376    -0.00721611    -0.00790545
      0.0827498     -0.0184933      0.0778933     -0.0187138      0.0294401              0      0.0609261     0.00503621    -0.00751701   -0.000250948    -0.00859505     -0.0102898
      0.0811306     -0.0212129      0.0778933     -0.0199357              0     -0.0293248       0.045631      -0.014377    -0.00735655   -0.000146878     -0.0119847     -0.0130463
      0.0832986     -0.0193028        0.07912     -0.0199357      0.0294397              0      0.0539781      0.0156941    -0.00403133     -0.0015663     -0.0141081     -0.0206579
      0.0873794     -0.0183223      0.0815733     -0.0199357      0.0588804              0      0.0725489      0.0282049   -0.000301982    -0.00304891     -0.0272079     -0.0381675
      0.0862404     -0.0183996         0.0828     -0.0199357      0.0294396              0      0.0348825       0.017346     0.00500545    -0.00933219     -0.0491272     -0.0526062
      0.0884338     -0.0175255      0.0840267     -0.0199357      0.0294403              0      0.0748637      0.0377475      0.0143902     -0.0220236      -0.056085     -0.0613729
      0.0880709     -0.0178646      0.0852533     -0.0199357      0.0294401              0      0.0267203      0.0207007      0.0283885     -0.0246495     -0.0666607     -0.0595309
       0.091316     -0.0137503      0.0877067     -0.0187138      0.0588799      0.0293248      0.0364176      0.0750774      0.0227469     -0.0292779     -0.0524019     -0.0518718
       0.092859     -0.0117038      0.0889333      -0.017492      0.0294401      0.0293248      0.0639818      0.0813668      0.0210033     -0.0236595     -0.0513415     -0.0555815
      0.0929731     -0.0110033        0.09016     -0.0162701      0.0294397      0.0293244       0.027784      0.0654494      0.0251857     -0.0220112     -0.0598217     -0.0580102
      0.0941097    -0.00978747      0.0913866     -0.0150482      0.0294397      0.0293248      0.0322041      0.0695376      0.0173898     -0.0252549     -0.0561988     -0.0526612
      0.0957518    -0.00593174      0.0926133     -0.0126045      0.0294405      0.0586496       0.039618      0.0831602      0.0129685     -0.0242202     -0.0491235     -0.0419143
      0.0973687    -0.00594623        0.09384     -0.0113826      0.0294397      0.0293248      0.0465436      0.0734458       0.012304     -0.0204363     -0.0347047     -0.0302651
      0.0959183    -0.00513282        0.09384     -0.0101608              0      0.0293248      0.0301607      0.0696348      0.0122818      -0.013065     -0.0258257      -0.026302
      0.0950483    -0.00502118        0.09384     -0.0089389              0      0.0293248      0.0131026      0.0451938      0.0115558    -0.00853862     -0.0267784     -0.0219676
      0.0977745     -0.0045749      0.0950666    -0.00771704      0.0294397      0.0293248      0.0328395      0.0351794     0.00861571    -0.00843025     -0.0171572    -0.00777093
      0.0997314   -0.000150481      0.0962933     -0.0052733      0.0294406      0.0586496      0.0464661      0.0690864     0.00930426    -0.00508012     0.00161505     0.00386858
       0.097937   -0.000484432      0.0962933    -0.00405144              0      0.0293248      0.0224635      0.0458931      0.0149646     0.00572942     0.00612164     0.00478077
      0.0973286    -0.00284093      0.0962933    -0.00405144              0              0      0.0157887      0.0172264      0.0166484     0.00717949     0.00343895   -0.000808361
      0.0996278   -0.000542218        0.09752    -0.00282957      0.0294396      0.0293248      0.0224637      0.0287772       0.017787     0.00669883    -0.00505573    -0.00981099
      0.0981151     0.00111968        0.09752    -0.00160772              0      0.0293243     0.00575548      0.0334755      0.0177018     0.00210928     -0.0145663     -0.0180706
      0.0980376   -0.000452138        0.09752    -0.00160772              0              0      0.0108378      0.0129251      0.0189342    -0.00277091      -0.021575      -0.021554
      0.0979007     0.00241994        0.09752   -0.000385857              0      0.0293248     0.00724644      0.0364528      0.0236298    -0.00616599     -0.0215327     -0.0212553
       0.094894     0.00379562      0.0962933     0.00083601     -0.0294396      0.0293248     -0.0144023      0.0333916       0.023795    -0.00637878     -0.0209779     -0.0160109
      0.0927093     0.00220687      0.0950666     0.00083601     -0.0294406              0     -0.0337106      0.0185087      0.0209028    -0.00618054     -0.0110437    -0.00633272
      0.0945678     0.00512513      0.0950666     0.00205788              0      0.0293248    -0.00543389      0.0455674      0.0158524    -0.00150908    -0.00162173    -0.00467075
      0.0928537     0.00297603        0.09384     0.00205788     -0.0294397              0     -0.0029496     0.00761843      0.0161288     0.00345908    -0.00772021    -0.00674761
       0.093645   -0.000133602        0.09384     0.00083601              0     -0.0293248    -0.00662043    -0.00664136      0.0183766     0.00163864    -0.00577501    -0.00848226
      0.0888343    0.000520271      0.0913866     0.00083601     -0.0588802              0      -0.021374    -0.00815039      0.0149847      0.0014119     -0.0111896    -0.00853054
      0.0877308     0.00116019        0.09016     0.00083601     -0.0294397              0     -0.0368755     0.00746133      0.0138278   -0.000653875    -0.00587095    -0.00555233
      0.0895438     0.00112482        0.09016     0.00083601              0              0     -0.0147881     0.00693146     0.00947616     0.00110101     -0.0052337    -0.00587408
      0.0878289     0.00108112      0.0889333     0.00083601     -0.0294397              0    -0.00967838   -0.000904578      0.0139607     0.00130342    -0.00651441    -0.00476919
      0.0866304    -0.00111364      0.0877067   -0.000385857     -0.0294401     -0.0293248    -0.00657078    -0.00161297      0.0163058     0.00129508    -0.00302387    -0.00625229
      0.0849659    -0.00368068        0.08648    -0.00160772     -0.0294401     -0.0293248      -0.017079     -0.0308195      0.0178298     0.00193928    -0.00948097    -0.00687932
      0.0866074    -0.00214011        0.08648    -0.00160772              0              0     0.00354273    -0.00530806      0.0162135    0.000178444    -0.00427779    -0.00203618
      0.0843366    -0.00169302      0.0852533    -0.00160772     -0.0294397              0    -0.00845694    -0.00114472      0.0132788     0.00193118    0.000205517     0.00256252
      0.0855947    -0.00443739      0.0852533    -0.00282957              0     -0.0293243     0.00369181     -0.0167174       0.011588      0.0040624     0.00491953     0.00428247
       0.086116    -0.00637885      0.0852533    -0.00405144              0     -0.0293248      0.0132921     -0.0288459       0.010758     0.00653921     0.00364542     0.00332308
      0.0860641    -0.00755269      0.0852533     -0.0052733              0     -0.0293248      0.0108698     -0.0244813      0.0120518     0.00660263     0.00300074   -0.000365718
      0.0831633    -0.00858798      0.0840267    -0.00649517     -0.0294401     -0.0293248    -0.00575232     -0.0223499      0.0150056     0.00620602    -0.00373193    -0.00915938
      0.0841392      -0.012943      0.0840267     -0.0089389              0     -0.0586496     0.00253971     -0.0505459      0.0185301     0.00283121     -0.0145868     -0.0158308
      0.0811418     -0.0134239         0.0828     -0.0101608     -0.0294403     -0.0293248     -0.0214239     -0.0474774      0.0188299    -0.00265635     -0.0170749    -0.00847922
      0.0828821     -0.0133988         0.0828     -0.0113826              0     -0.0293248     0.00651043     -0.0162547      0.0188625    -0.00417401    0.000116825     0.00144768
      0.0807988     -0.0206735      0.0815733     -0.0150482     -0.0294396     -0.0879744    -0.00095932     -0.0672352      0.0208462     0.00300716     0.00277948     0.00354528
      0.0791942     -0.0229627      0.0803467      -0.017492     -0.0294403     -0.0586492     -0.0112817     -0.0694274      0.0197046     0.00550221     0.00431108     0.00805712
      0.0803533      -0.021965      0.0803467     -0.0187138              0     -0.0293248    -0.00644356     -0.0350653      0.0107052     0.00580119      0.0118032      0.0103664
      0.0816908     -0.0230789      0.0803467     -0.0199357              0     -0.0293248      0.0232103     -0.0413734      0.0021914     0.00905298     0.00892973     0.00961113
      0.0823296       -0.02973      0.0803467     -0.0236013              0     -0.0879744      0.0315495     -0.0696754     0.00273702      0.0101329      0.0102925     0.00606012
      0.0817492     -0.0280707      0.0803467     -0.0248232              0     -0.0293248      0.0154525     -0.0353657     0.00471411      0.0101801     0.00182772    -0.00593519
      0.0818398      -0.029164      0.0803467      -0.026045              0     -0.0293248      0.0233391     -0.0455034     0.00467644     0.00662934     -0.0136982     -0.0124421
      0.0816306     -0.0291882      0.0803467     -0.0272669              0     -0.0293246      0.0177839     -0.0156276     0.00765416     -0.0010059     -0.0111859     -0.0152102
      0.0819063     -0.0301319      0.0803467     -0.0284887              0     -0.0293248      0.0277326     -0.0184441      0.0106863    -0.00119604     -0.0192344     -0.0220155
      0.0815457     -0.0310593      0.0803467     -0.0297106              0     -0.0293248      0.0159477     -0.0126797      0.0133537    -0.00351323     -0.0247965     -0.0274206
      0.0816608     -0.0318693      0.0803467     -0.0309325              0     -0.0293248      0.0203532    -0.00600696      0.0100951    -0.00690449     -0.0300446     -0.0334417
      0.0811823     -0.0331389      0.0803467     -0.0321543              0     -0.0293248     0.00596264     -0.0108843     0.00770697    -0.00965346     -0.0368387     -0.0360145
      0.0840117     -0.0308264      0.0815733     -0.0321543      0.0294403              0      0.0279348      0.0246747     0.00454876     -0.0129197     -0.0351905     -0.0375355
      0.0830596     -0.0326178      0.0815733     -0.0333762              0     -0.0293248      0.0240043      0.0210715     0.00771544     -0.0130527     -0.0398805     -0.0479404
      0.0820221     -0.0312285      0.0815733     -0.0333762              0              0     0.00392317      0.0315014       0.016887     -0.0141205     -0.0560006     -0.0619568
      0.0825212     -0.0316449      0.0815733     -0.0333762              0              0      0.0242553      0.0143815      0.0211875     -0.0219375     -0.0679133     -0.0607111
      0.0842536      -0.027627         0.0828     -0.0321543      0.0294396      0.0293248     0.00807992      0.0658094      0.0262563     -0.0294787     -0.0535098     -0.0489797
      0.0839652     -0.0259143         0.0828     -0.0309325              0      0.0293248      0.0246195       0.066369      0.0195068     -0.0237886     -0.0444495       -0.03998
      0.0838634     -0.0245646         0.0828     -0.0297106              0      0.0293248      0.0148939       0.071577       0.018467     -0.0179042     -0.0355108     -0.0349926
      0.0835169     -0.0243312         0.0828     -0.0284887              0      0.0293248     0.00479752      0.0477619      0.0114212     -0.0138707     -0.0344745     -0.0272951
      0.0841994     -0.0233455         0.0828     -0.0272669              0      0.0293248      0.0218294      0.0515756     0.00359759     -0.0130507     -0.0201153     -0.0143211
      0.0814698     -0.0159788      0.0815733     -0.0236013     -0.0294396      0.0879742     0.00179502        0.10147      0.0028734    -0.00670613    -0.00852683     -0.0105636
      0.0830932     -0.0179836      0.0815733     -0.0223794              0      0.0293248      0.0267168      0.0521913     0.00364373   -0.000257266     -0.0126007     -0.0125287
      0.0834656     -0.0177093      0.0815733     -0.0211576              0      0.0293248      0.0285115      0.0431599     0.00645766    -0.00217975     -0.0124569     -0.0123368
      0.0835812     -0.0166756      0.0815733     -0.0199357              0      0.0293248      0.0295488      0.0412862     0.00594637    -0.00284435     -0.0122168     -0.0124089
      0.0869976    -0.00893638         0.0828     -0.0162701      0.0294396       0.087974      0.0594784        0.09782     0.00328574    -0.00292422      -0.012601     -0.0200537
      0.0845468     -0.0112979         0.0828     -0.0150482              0      0.0293248      0.0105772      0.0347459    0.000640606     -0.0032046     -0.0275065     -0.0217897
      0.0850102     -0.0066833         0.0828     -0.0126045              0      0.0586496      0.0378771      0.0846425    -0.00413683     -0.0101646     -0.0160726     -0.0206403
      0.0904748    -0.00417322      0.0852533     -0.0101608      0.0588804      0.0586496      0.0653591      0.0715512     0.00772748    -0.00613142     -0.0252077     -0.0262535
      0.0869807    -0.00502558      0.0852533     -0.0089389              0      0.0293248      0.0183646      0.0448484      0.0128475     -0.0102056     -0.0272996     -0.0228958
      0.0844044     -0.0034994      0.0852533    -0.00771704              0      0.0293248     -0.0258554       0.061044      0.0178944     -0.0112652     -0.0184924     -0.0208649
      0.0889788    -0.00759892        0.08648    -0.00771704      0.0294397              0      0.0565144     -0.0206962      0.0264268    -0.00825859     -0.0232374    -0.00446371
      0.0858671    -0.00381744        0.08648    -0.00649517              0      0.0293248     -0.0188686       0.047594      0.0470673    -0.00860406      0.0143108       0.017683
      0.0847596    -0.00184394        0.08648     -0.0052733              0      0.0293248     -0.0253287      0.0525913      0.0423598     0.00783824      0.0210552      0.0115862
      0.0845195    -0.00560006        0.08648     -0.0052733              0              0     -0.0299031      -0.019716      0.0387976      0.0114071      0.0021162     0.00648642
      0.0844685     -0.0058618        0.08648     -0.0052733              0              0     -0.0307988    -0.00649431      0.0368594     0.00114571      0.0108562      0.0132976
      0.0854635    -0.00623338        0.08648     -0.0052733              0              0    -0.00619805     -0.0172362      0.0368067     0.00318908       0.015739      0.0213785
      0.0825765     -0.0032022      0.0852533    -0.00405144     -0.0294397      0.0293248     -0.0340971      0.0105012      0.0374713     0.00673782      0.0270181      0.0289879
      0.0780458    -0.00489476         0.0828    -0.00405144     -0.0588804              0     -0.0594499     -0.0150893      0.0303808      0.0123336      0.0309572      0.0333838
      0.0780469    -0.00551936      0.0815733    -0.00405144     -0.0294396              0     -0.0479941     -0.0213338      0.0221026      0.0143809      0.0358105      0.0367708
      0.0782962    -0.00867374      0.0803467     -0.0052733     -0.0294403     -0.0293248     -0.0175839     -0.0438892       0.015648      0.0168314      0.0377307      0.0366573
      0.0773349    -0.00910607        0.07912    -0.00649517     -0.0294401     -0.0293248     -0.0213246     -0.0186161      0.0157912      0.0177907       0.035583      0.0182633
      0.0763894     -0.0120616      0.0778933    -0.00771704     -0.0294397     -0.0293248      -0.015089     -0.0729735      0.0126496      0.0172609    0.000942707     0.00228834
      0.0744895     -0.0095592      0.0766667    -0.00771704     -0.0294401              0     -0.0345516     -0.0223476      0.0103914     0.00086354     0.00363302     0.00470686
       0.071372     -0.0106959      0.0742133     -0.0089389     -0.0588799     -0.0293248     -0.0216024     -0.0132077     0.00816724    0.000702012      0.0057807    -0.00112285
       0.070914     -0.0155988      0.0729867     -0.0113826     -0.0294401     -0.0586496     -0.0250735     -0.0559395      0.0083122     0.00228297    -0.00802576    -0.00900699
      0.0698483     -0.0123414        0.07176     -0.0113826     -0.0294403              0     -0.0202234    -0.00952536      0.0138648   -0.000455511    -0.00998828     -0.0114645
      0.0684875     -0.0165978      0.0705333     -0.0138264     -0.0294396     -0.0586496     -0.0247861     -0.0253082       0.013901    -0.00265218     -0.0129407     -0.0198916
      0.0701556     -0.0155847      0.0705333     -0.0138264              0              0     -0.0090659     -0.0422001      0.0138414    -0.00376917     -0.0268423     -0.0218909
      0.0686299     -0.0205117      0.0693067     -0.0162701     -0.0294403     -0.0586496      0.0016604     -0.0448367      0.0141481    -0.00869621     -0.0169399     -0.0156859
      0.0685892     -0.0197894      0.0693067      -0.017492              0     -0.0293244     -0.0175758     -0.0202246      0.0145724    -0.00617625     -0.0144319      -0.017461
      0.0696933     -0.0210194      0.0693067     -0.0187138              0     -0.0293248       0.012138      -0.032688      0.0121487    -0.00387527     -0.0204904     -0.0173642
      0.0728264     -0.0249181      0.0705333     -0.0211576      0.0294403     -0.0586496      0.0278572      -0.044334      0.0138532    -0.00555469      -0.014238     -0.0100365
      0.0749741     -0.0247202        0.07176     -0.0223794      0.0294396     -0.0293248      0.0441113     -0.0253241      0.0138396     -0.0055504     -0.0058348    -0.00335491
      0.0735538      -0.022458        0.07176     -0.0223794              0              0      0.0248502     0.00436686      0.0138396     -0.0055504   -0.000875035    -0.00302344
      0.0758337     -0.0248166      0.0729867     -0.0236013      0.0294403     -0.0293248      0.0326345     -0.0105433      0.0138396     -0.0055504    -0.00517191     -0.0102493
       0.077551     -0.0269876      0.0742133     -0.0248232      0.0294401     -0.0293248      0.0415213     -0.0310333      0.0138396     -0.0055504     -0.0153268     -0.0138111
      0.0763435     -0.0251195      0.0742133     -0.0248232              0              0      0.0322574    -0.00206514      0.0138396    -0.00555254     -0.0122953     -0.0105893
       0.078443     -0.0242473        0.07544     -0.0248232      0.0294397              0      0.0360222       0.011337      0.0138396     -0.0055504    -0.00888338     -0.0100012
      0.0772389      -0.023851        0.07544     -0.0248232              0              0      0.0280393       0.017212      0.0138396    -0.00555254      -0.011119     -0.0158566
      0.0793894     -0.0236118      0.0766667     -0.0248232      0.0294401              0      0.0320962      0.0194601      0.0138396    -0.00555254     -0.0205944     -0.0270167
      0.0839947     -0.0240359        0.07912     -0.0248232      0.0588799              0      0.0617668     0.00541638      0.0138396     -0.0055504     -0.0334391     -0.0319401
      0.0807429     -0.0232306        0.07912     -0.0248232              0              0      0.0173144      0.0273837      0.0138396     -0.0055504     -0.0304409     -0.0322921
      0.0832195     -0.0229194      0.0803467     -0.0248232      0.0294401              0      0.0404379      0.0284602      0.0138396     -0.0055504     -0.0341433      -0.036755
      0.0847041      -0.020105      0.0815733     -0.0236013      0.0294403      0.0293248      0.0407843      0.0441244      0.0138396     -0.0055504     -0.0393664     -0.0388616
      0.0851339     -0.0214549         0.0828     -0.0236013      0.0294396              0      0.0203814       0.027379      0.0138396    -0.00555254     -0.0383568     -0.0340115
      0.0841021     -0.0178994         0.0828     -0.0223794              0      0.0293248      0.0232197      0.0690844      0.0138396    -0.00555254     -0.0296664     -0.0353787
      0.0861114     -0.0166419      0.0840267     -0.0211576      0.0294403      0.0293248      0.0218727      0.0571734      0.0138396     -0.0055504     -0.0410908      -0.044037
      0.0852055     -0.0187516      0.0840267     -0.0211576              0              0      0.0218429      0.0283199      0.0138396    -0.00555254      -0.046983     -0.0437792
      0.0847381     -0.0159386      0.0840267     -0.0199357              0      0.0293248     0.00967874      0.0540654      0.0138396    -0.00555254      -0.040576     -0.0374688
       0.084626     -0.0140528      0.0840267     -0.0187138              0      0.0293248     0.00773739      0.0643736      0.0138396    -0.00555254     -0.0343615     -0.0341939
       0.084943     -0.0162144      0.0840267     -0.0187138              0              0       0.013764      0.0312449      0.0138396    -0.00555254     -0.0340265     -0.0305173
      0.0855757     -0.0165611      0.0840267     -0.0187138              0              0      0.0256295      0.0336738      0.0138396     -0.0055504      -0.027008     -0.0270318
      0.0831638     -0.0144685         0.0828      -0.017492     -0.0294403      0.0293248      0.0125297      0.0339765      0.0138396    -0.00555254     -0.0270555     -0.0214535
      0.0842089     -0.0131061         0.0828     -0.0162701              0      0.0293244      0.0167497      0.0388226      0.0138396    -0.00555254     -0.0158513    -0.00871776
      0.0818611     -0.0141933      0.0815733     -0.0162701     -0.0294396              0     0.00711904       0.036145      0.0138396    -0.00555254    -0.00158421    -0.00435691
      0.0835981     -0.0127521      0.0815733     -0.0150482              0      0.0293248      0.0321897      0.0225905      0.0138396    -0.00555254    -0.00712896    -0.00449115
      0.0800857     -0.0141529      0.0803467     -0.0150482     -0.0294403              0    -0.00742288      0.0137745      0.0138396    -0.00555254    -0.00185306    -0.00172518
      0.0820884     -0.0139645      0.0803467     -0.0150482              0              0      0.0356625       0.021839      0.0138396    -0.00555254    -0.00159755     -0.0093943
      0.0789963     -0.0142749        0.07912     -0.0150482     -0.0294401              0     0.00318688     0.00946454      0.0138396    -0.00555254     -0.0171912     -0.0229538
      0.0827455     -0.0116582      0.0803467     -0.0138264      0.0294401      0.0293248      0.0310221      0.0217636      0.0138396    -0.00555254     -0.0287164     -0.0268386
      0.0817731     -0.0122065      0.0803467     -0.0138264              0              0      0.0195786      0.0247864      0.0138396    -0.00555254     -0.0249602     -0.0245995
      0.0808646      -0.012099      0.0803467     -0.0138264              0              0    0.000523225      0.0271175      0.0138396    -0.00555254      -0.024239     -0.0262914
      0.0840383     -0.0148231      0.0815733     -0.0150482      0.0294403     -0.0293248      0.0339319       0.010912      0.0138396    -0.00555254     -0.0283438     -0.0342116
      0.0830464     -0.0136537      0.0815733     -0.0150482              0              0      0.0249011      0.0204279      0.0138396    -0.00555254     -0.0400794     -0.0443248
      0.0823774     -0.0136834      0.0815733     -0.0150482              0              0      0.0120017      0.0138865      0.0138396    -0.00555254     -0.0485699     -0.0443769
      0.0818888     -0.0127897      0.0815733     -0.0150482              0              0     0.00188995      0.0371865      0.0138396    -0.00555254     -0.0401834     -0.0396019
        0.08254     -0.0123403      0.0815733     -0.0150482              0              0      0.0190947      0.0426756      0.0138396    -0.00555254     -0.0390205       -0.04263
      0.0829911     -0.0132562      0.0815733     -0.0150482              0              0      0.0229928      0.0180301      0.0138396    -0.00555254     -0.0462394     -0.0408029
      0.0824485     -0.0134501      0.0815733     -0.0150482              0              0     0.00444783      0.0210493      0.0138396    -0.00555254     -0.0353663     -0.0265654
      0.0801797     -0.0136216      0.0803467     -0.0150482     -0.0294403              0     0.00414983      0.0205827      0.0138396    -0.00555254     -0.0177644    -0.00978132
       0.081578     -0.0174475      0.0803467     -0.0162701              0     -0.0293248       0.018401     -0.0162155      0.0138396    -0.00555254    -0.00179825     0.00829649
      0.0819951     -0.0162645      0.0803467     -0.0162701              0              0      0.0257432     0.00738715      0.0138396    -0.00555254      0.0183911      0.0194178
      0.0820853     -0.0169006      0.0803467     -0.0162701              0              0      0.0272454      -0.011621      0.0138396    -0.00555254      0.0204449      0.0224938
      0.0817547      -0.016927      0.0803467     -0.0162701              0              0      0.0186904    -0.00590027      0.0138396    -0.00555254      0.0245428      0.0215225
      0.0813722     -0.0164767      0.0803467     -0.0162701              0              0      0.0117195     0.00298969      0.0138396    -0.00555254      0.0185018     0.00797939
