        -0.4532        -0.5456          -0.23           -0.2        -2.6784        -4.1472        -2.6784        -4.1472       -1.57656       -1.55492        62276.8      -0.181424       0.388766
       -0.25232       -0.23456          -0.23           -0.2       -0.26784       -0.41472       -0.26784       -0.41472       -1.57656       -1.55492        1789.26      0.0267725         0.0346
      -0.232232      -0.203456          -0.23           -0.2      -0.026784      -0.041472      -0.026784      -0.041472       -1.57656       -1.55492        811.344      0.0438759      0.0670563
      -0.230223      -0.200346          -0.23           -0.2     -0.0026784     -0.0041472     -0.0026784     -0.0041472       -1.57656       -1.55492        743.349     -0.0108188     -0.0618762
      -0.230022      -0.200035          -0.23           -0.2    -0.00026784    -0.00041472    -0.00026784    -0.00041472       -1.57656       -1.55492        736.441      -0.018826     -0.0729665
      -0.230002      -0.200003          -0.23           -0.2    -2.6784e-05    -4.1472e-05    -2.6784e-05    -4.1472e-05       -1.57656       -1.55492        735.433      0.0328924     -0.0713037
          -0.23           -0.2          -0.23           -0.2    -2.6784e-06    -4.1472e-06   -1.91314e-06   -2.96229e-06       -1.57656       -1.55492        735.903    -0.00396559     -0.0101873
          -0.23           -0.2          -0.23           -0.2    -2.6784e-07    -4.1472e-07   -7.37927e-07    -1.1426e-06       -1.57656       -1.55492        735.438     -0.0565127      0.0414942
          -0.23           -0.2          -0.23           -0.2    -2.6784e-08    -4.1472e-08   -2.29968e-07   -3.56079e-07       -1.57656       -1.55492        735.906     -0.0585484     -0.0780402
          -0.23           -0.2          -0.23           -0.2    -2.6784e-09    -4.1472e-09   -6.76182e-08   -1.04699e-07       -1.57656       -1.55492        734.881     -0.0453816      0.0203771
          -0.23           -0.2          -0.23           -0.2    -2.6784e-10    -4.1472e-10   -1.95108e-08   -3.02102e-08       -1.57656       -1.55492        734.948     -0.0551654      0.0146716
          -0.23           -0.2          -0.23           -0.2    -2.6784e-11    -4.1472e-11   -5.59364e-09   -8.66112e-09       -1.57656       -1.55492        734.894      0.0344337     -0.0882806
          -0.23           -0.2          -0.23           -0.2    -2.6784e-12    -4.1472e-12    -1.6001e-09   -2.47757e-09       -1.57656       -1.55492        735.331      0.0567184      0.0759615
          -0.23           -0.2          -0.23           -0.2    -2.6784e-13    -4.1472e-13   -4.57362e-10   -7.08173e-10       -1.57656       -1.55492        734.994        0.11074      -0.114998
          -0.23           -0.2          -0.23           -0.2    -2.6784e-14    -4.1472e-14   -1.30694e-10   -2.02365e-10       -1.57656       -1.55492        735.317     -0.0344136     -0.0714744
