     -0.0219438      0.0225433     -0.0759799     0.00290831       0.648434       0.235619       0.648434       0.235619    7.74296e-05   -7.76055e-06        264.128      0.0539894       0.299191
     -0.0697536     0.00503532     -0.0759783     0.00287355      0.0648778      0.0228113      0.0511573      0.0694718    7.74296e-05   -7.76055e-06        115.605      -0.310765      0.0904891
     -0.0755248    0.000588838     -0.0759981     0.00288712     0.00606099     0.00257406     -0.0292297     -0.0871374    7.74296e-05   -7.76055e-06        130.291       0.523451      -0.462657
     -0.0723293     0.00532296     -0.0760208     0.00299311    0.000115416     0.00254682      0.0911632      0.0834746    7.74296e-05   -7.76055e-06        131.968      -0.506987       0.366784
     -0.0739895     0.00325244     -0.0759872     0.00284328    0.000737186    -0.00298148      0.0151747     -0.0146682    7.74296e-05   -7.76055e-06        129.512     -0.0781439       0.135266
     -0.0743948     0.00310278     -0.0758234     0.00283407     0.00361166   -0.000497136      0.0188646     0.00507006    7.74296e-05   -7.76055e-06        126.461     -0.0412752      0.0689395
     -0.0734176     0.00407484     -0.0759649     0.00288856    -0.00269446     0.00112733      0.0463717      0.0180939    7.74296e-05   -7.76055e-06        124.247     -0.0264358       0.270973
     -0.0736471     0.00359496     -0.0759374     0.00291903    0.000324234    0.000770681      0.0255486     0.00130649    7.74296e-05   -7.76055e-06        119.767       0.206488      0.0477374
     -0.0705554      0.0070798     -0.0758621     0.00290304     0.00165832   -0.000268177      0.0995523      0.0933661    7.74296e-05   -7.76055e-06        107.994      -0.647577       0.567945
     -0.0742683     0.00293606     -0.0760465     0.00286909    -0.00381773   -0.000760157     -0.0147769      -0.041963    7.74296e-05   -7.76055e-06        125.196       0.315241       -0.36792
     -0.0721867      0.0050085     -0.0759276     0.00282356     0.00218623    -0.00105943      0.0646657      0.0502873    7.74296e-05   -7.76055e-06        103.155     -0.0340317      -0.230655
     -0.0697848     0.00707556     -0.0759479     0.00288118   -0.000218309     0.00113867       0.106798      0.0718046    7.74296e-05   -7.76055e-06         102.39      -0.319957       0.222669
     -0.0716464      0.0071728     -0.0759098     0.00298138      0.0008015     0.00227804      0.0467901      0.0589749    7.74296e-05   -7.76055e-06        106.723      -0.314332     -0.0839811
     -0.0718744     0.00694656     -0.0759017     0.00295931    0.000253957   -0.000248863      0.0591158      0.0524415    7.74296e-05   -7.76055e-06        105.954      -0.139832     -0.0847701
     -0.0713502      0.0068368     -0.0758205     0.00282206     0.00177876    -0.00298955      0.0668886       0.052027    7.74296e-05   -7.76055e-06        107.481      0.0891943     -0.0184787
     -0.0721926     0.00602729     -0.0760649     0.00292427    -0.00509975     0.00190889      0.0559223      0.0268465    7.74296e-05   -7.76055e-06        101.549       0.577701     -0.0162609
     -0.0687265     0.00842139     -0.0759021     0.00281754     0.00300672     -0.0021146       0.133288       0.106254    7.74296e-05   -7.76055e-06        98.0702     0.00458505       0.692937
     -0.0708847     0.00945666     -0.0759154      0.0028326    1.14766e-05    0.000114011       0.046857       0.109517    7.74296e-05   -7.76055e-06        104.653      -0.449072       0.156362
     -0.0673615       0.008616     -0.0759905     0.00289015    -0.00162009     0.00125437       0.154914      0.0785097    7.74296e-05   -7.76055e-06         116.73      -0.360208       0.716024
     -0.0723679     0.00417314      -0.076042     0.00294827    -0.00127373     0.00138076     -0.0204728     -0.0335649    7.74296e-05   -7.76055e-06        118.746       0.551866      -0.589672
     -0.0701589     0.00646871     -0.0759375     0.00295828      0.0021289    0.000354369       0.099253      0.0699577    7.74296e-05   -7.76055e-06        92.9429       0.276864      -0.463728
     -0.0703208     0.00776894     -0.0760222     0.00296484    -0.00161675    0.000177163      0.0689126      0.0740743    7.74296e-05   -7.76055e-06        99.0174       0.113361      -0.739088
     -0.0702377     0.00843062     -0.0760253     0.00306881   -0.000228945     0.00226345      0.0948398      0.0890491    7.74296e-05   -7.76055e-06        98.1426      -0.216631       -0.42757
     -0.0718576     0.00588333     -0.0760283     0.00292393   -8.64629e-05    -0.00290311      0.0601033      0.0291746    7.74296e-05   -7.76055e-06        108.545      0.0761439      -0.281402
     -0.0717511     0.00759957     -0.0759106     0.00294285     0.00253328    0.000118382      0.0785461       0.086111    7.74296e-05   -7.76055e-06        121.525      -0.356227       0.338242
      -0.073909     0.00622415     -0.0758449     0.00281754     0.00167291    -0.00269492      0.0201507      0.0367244    7.74296e-05   -7.76055e-06        127.147     -0.0350197        0.22766
     -0.0753808     0.00566498     -0.0759304     0.00285221    -0.00167957    0.000479503    0.000378115      0.0313826    7.74296e-05   -7.76055e-06        119.018        0.24976    0.000564635
     -0.0730185     0.00642865     -0.0760073     0.00297457    -0.00182862     0.00269085      0.0624373      0.0496433    7.74296e-05   -7.76055e-06        107.819       0.305979       0.436523
     -0.0736432     0.00686863     -0.0759437     0.00291124     0.00119005    -0.00109872      0.0187331      0.0659455    7.74296e-05   -7.76055e-06        130.182      0.0356483      0.0603485
     -0.0748676     0.00517202     -0.0759456     0.00287176    7.84503e-05   -0.000962683     -0.0014491      0.0246858    7.74296e-05   -7.76055e-06         114.91       0.189834      -0.434507
     -0.0701498     0.00670059     -0.0759813     0.00290852   -0.000763022    0.000697632       0.123705      0.0744261    7.74296e-05   -7.76055e-06        116.611      -0.322004       0.525534
     -0.0710839     0.00673647      -0.075875     0.00291836     0.00221956     0.00028235      0.0562031      0.0575122    7.74296e-05   -7.76055e-06        127.633      -0.426934       0.268861
     -0.0724312     0.00471116     -0.0758306     0.00285656     0.00117983     -0.0013066       0.034633     0.00677172    7.74296e-05   -7.76055e-06        109.875       0.069161      -0.108969
     -0.0721829     0.00707078     -0.0760238     0.00292648    -0.00405484     0.00137968       0.055211      0.0734712    7.74296e-05   -7.76055e-06        104.193      -0.186992      -0.204789
     -0.0705587     0.00801167     -0.0760056     0.00290993   -1.20036e-05   -0.000219634      0.0881831      0.0746261    7.74296e-05   -7.76055e-06        102.603      -0.175129      0.0048746
     -0.0706054       0.007251     -0.0758966     0.00292404     0.00235324    0.000282908      0.0743679      0.0504709    7.74296e-05   -7.76055e-06        105.337       0.140986    -0.00165409
      -0.069454     0.00841223     -0.0759515     0.00277075   -0.000950266    -0.00328285       0.109869      0.0928526    7.74296e-05   -7.76055e-06        104.237     -0.0455791       0.376913
     -0.0713093     0.00873765     -0.0760405     0.00298136    -0.00201688     0.00422088      0.0498629      0.0769484    7.74296e-05   -7.76055e-06        104.071      0.0307054     -0.0147881
     -0.0699714      0.0111011      -0.076013     0.00284481    0.000391026    -0.00252733      0.0968948       0.147261    7.74296e-05   -7.76055e-06        109.426      -0.606208        0.13052
     -0.0691488     0.00957465     -0.0758868     0.00293203     0.00276498     0.00163128      0.0930434      0.0692425    7.74296e-05   -7.76055e-06        116.071     -0.0972499      0.0750149
     -0.0689676     0.00663194     -0.0760465     0.00294052    -0.00317325    0.000346466       0.104776      0.0216765    7.74296e-05   -7.76055e-06        111.187       0.653445        0.14771
     -0.0695788     0.00681527     -0.0759485      0.0029759     0.00180071     0.00079888      0.0772151      0.0525594    7.74296e-05   -7.76055e-06        101.286       0.781806      -0.146268
     -0.0667104        0.01013     -0.0760618      0.0029089    -0.00226755    -0.00136742       0.161883       0.140582    7.74296e-05   -7.76055e-06        86.6617     -0.0241006       0.357071
     -0.0670561      0.0105284     -0.0759993     0.00296991     0.00112411      0.0011812       0.115078       0.121048    7.74296e-05   -7.76055e-06        111.153      -0.473521       0.151008
     -0.0680554      0.0077305      -0.075884     0.00283861     0.00260172      -0.002718      0.0990121      0.0569572    7.74296e-05   -7.76055e-06        307.209      -0.304871      -0.116747
     -0.0687558     0.00814539     -0.0758702     0.00281904    0.000557414   -0.000694499      0.0909603      0.0813118    7.74296e-05   -7.76055e-06        203.892      -0.412239      -0.381047
     -0.0688653     0.00710746     -0.0759307     0.00285215     -0.0012491    0.000645759       0.100874      0.0370921    7.74296e-05   -7.76055e-06        134.558       0.112827      -0.411814
     -0.0679493     0.00806023     -0.0759682     0.00299231   -0.000935366     0.00309186       0.128936      0.0705882    7.74296e-05   -7.76055e-06         103.61       0.289766     -0.0970558
     -0.0676014     0.00876151      -0.076004       0.002822   -0.000868105    -0.00336945       0.133012      0.0892227    7.74296e-05   -7.76055e-06        105.759       0.272064       0.246166
     -0.0682196     0.00819061      -0.076016     0.00286619   -0.000346073    0.000617627       0.113512      0.0724058    7.74296e-05   -7.76055e-06        99.1845       0.343099       0.342687
     -0.0713396     0.00747298     -0.0759905     0.00289015    0.000516908    0.000579221      0.0366665      0.0683048    7.74296e-05   -7.76055e-06        100.789       0.216612      -0.279276
     -0.0712661     0.00775929     -0.0758171     0.00294802     0.00379643     0.00130789      0.0602768       0.079963    7.74296e-05   -7.76055e-06        92.7679      -0.105779      -0.469088
     -0.0702389     0.00940082     -0.0758782     0.00302647   -0.000939038     0.00182529      0.0903915       0.114603    7.74296e-05   -7.76055e-06        110.577      -0.716343      -0.260188
     -0.0715674     0.00599819     -0.0760405     0.00298136    -0.00359901   -0.000791822      0.0632257      0.0122738    7.74296e-05   -7.76055e-06        113.049    -0.00366178      -0.220323
     -0.0716064     0.00526967     -0.0759094     0.00284014     0.00247058    -0.00312953      0.0692091      0.0273966    7.74296e-05   -7.76055e-06        115.184       0.336753      0.0245849
     -0.0714508     0.00903921     -0.0759829      0.0030024    -0.00133941     0.00319182      0.0780939       0.108505    7.74296e-05   -7.76055e-06        110.959      -0.139076       0.390133
     -0.0737057     0.00747597     -0.0759345     0.00288862    0.000911154    -0.00213832       0.012262      0.0535919    7.74296e-05   -7.76055e-06         107.98      0.0977909     -0.0660458
      -0.072352      0.0086283     -0.0759069     0.00288061    0.000686566   -0.000386865       0.062302      0.0979359    7.74296e-05   -7.76055e-06        108.485      -0.237617       0.136714
     -0.0724847     0.00731522     -0.0759875     0.00299139    -0.00167296     0.00235413      0.0456189      0.0452763    7.74296e-05   -7.76055e-06        102.811       0.153189      0.0118292
     -0.0715924     0.00634179     -0.0760344     0.00285227    -0.00118004    -0.00276962      0.0717453      0.0453828    7.74296e-05   -7.76055e-06        101.791       0.341493       0.161909
     -0.0717989     0.00631125     -0.0759276     0.00282356     0.00218864   -0.000897005      0.0511931      0.0502335    7.74296e-05   -7.76055e-06         98.012        0.33395      -0.042784
     -0.0732245     0.00892365     -0.0760238     0.00289318    -0.00185845     0.00141405      0.0275705          0.116    7.74296e-05   -7.76055e-06        197.708      -0.453161      -0.389914
     -0.0720586       0.005776     -0.0758853     0.00301188     0.00280573      0.0027052      0.0617761      0.0140218    7.74296e-05   -7.76055e-06        121.513       0.123695      -0.232346
     -0.0701678     0.00510236     -0.0758713     0.00292242    0.000582965     -0.0016617       0.105088      0.0311245    7.74296e-05   -7.76055e-06         102.08       0.225605       0.402297
     -0.0702511     0.00739836     -0.0759511     0.00284472    -0.00166593    -0.00184461       0.090645      0.0873725    7.74296e-05   -7.76055e-06        106.492      -0.314523       0.646777
     -0.0733122     0.00649356     -0.0759571     0.00282806   -0.000295018   -0.000544125     0.00501809      0.0442991    7.74296e-05   -7.76055e-06        118.152      -0.192399       -0.12731
     -0.0709391     0.00656645     -0.0759335     0.00295614    0.000479528     0.00271208       0.085548      0.0501832    7.74296e-05   -7.76055e-06        105.221      -0.093076      0.0560394
     -0.0704329     0.00575755     -0.0758364     0.00289413     0.00214635    -0.00106816      0.0688899      0.0290055    7.74296e-05   -7.76055e-06         106.12        0.23018      -0.155687
     -0.0694267     0.00616858      -0.075884     0.00283861   -0.000814206    -0.00130611       0.103339      0.0496648    7.74296e-05   -7.76055e-06        101.625       0.253493      0.0490858
     -0.0728049     0.00697087     -0.0758524     0.00281454    0.000601255   -0.000650539      0.0100076      0.0683025    7.74296e-05   -7.76055e-06        102.382    0.000517085      -0.705312
     -0.0697951     0.00737277     -0.0758945     0.00282055   -0.000849948    6.47231e-05        0.12247      0.0737477    7.74296e-05   -7.76055e-06        103.311      -0.201982      0.0916935
      -0.070968     0.00692075     -0.0761136     0.00290575    -0.00481625     0.00184682      0.0733238      0.0551771    7.74296e-05   -7.76055e-06        103.567      -0.155656       0.165474
     -0.0708723     0.00745104     -0.0758842     0.00301144     0.00447268      0.0024675      0.0764543      0.0667518    7.74296e-05   -7.76055e-06        103.157      -0.195669       0.293556
     -0.0725995      0.0058241      -0.075939     0.00288107   -0.000736873    -0.00256918      0.0325031      0.0258458    7.74296e-05   -7.76055e-06        104.378        0.21178     -0.0808223
     -0.0704238     0.00879044     -0.0758921     0.00290155    0.000940027    0.000185556      0.0950289       0.109071    7.74296e-05   -7.76055e-06        97.4316      -0.303778       0.233827
     -0.0715934     0.00768066      -0.076048      0.0030345    -0.00327448     0.00289011      0.0502881      0.0478382    7.74296e-05   -7.76055e-06        103.373         0.0841     -0.0799965
     -0.0697495     0.00761146     -0.0758572     0.00290323      0.0037958    -0.00254628      0.0991867      0.0718803    7.74296e-05   -7.76055e-06        96.4342       0.066764       0.135945
     -0.0698496     0.00787478     -0.0759004      0.0028582    -0.00055415    -0.00122733      0.0832841      0.0720899    7.74296e-05   -7.76055e-06        97.9607      0.0733072      0.0539894
     -0.0693264     0.00885342     -0.0759919     0.00303904    -0.00203199     0.00378332       0.102204      0.0895764    7.74296e-05   -7.76055e-06        92.9869     -0.0698477       0.162916
     -0.0711437     0.00727593     -0.0760131     0.00298307   -0.000661213   -0.000830438       0.048451      0.0495572    7.74296e-05   -7.76055e-06        100.418       0.153594      -0.307404
     -0.0694216     0.00724188     -0.0758921     0.00290155     0.00254742    -0.00184388       0.106093       0.066466    7.74296e-05   -7.76055e-06        99.5843       0.108538     -0.0683264
     -0.0674086     0.00716035      -0.075858     0.00294724    0.000991974     0.00080232       0.139547      0.0589042    7.74296e-05   -7.76055e-06         99.953       0.163089       0.372929
     -0.0711185     0.00554964     -0.0759428     0.00284311    -0.00173366    -0.00216881      0.0374329      0.0308342    7.74296e-05   -7.76055e-06        99.4017       0.305817      -0.278365
     -0.0709261     0.00927732     -0.0759556     0.00291296   -0.000448722     0.00129182      0.0765536       0.130726    7.74296e-05   -7.76055e-06        101.235      -0.653326      -0.265986
     -0.0698261     0.00722856     -0.0758759     0.00281599     0.00167695    -0.00196536      0.0929941      0.0474901    7.74296e-05   -7.76055e-06        110.354      -0.331566      -0.111778
     -0.0715176     0.00692187     -0.0759116     0.00296146   -0.000604621     0.00294569      0.0538715       0.049276    7.74296e-05   -7.76055e-06        110.011      -0.100523       -0.28397
     -0.0719378     0.00647634     -0.0758702     0.00281904    0.000833035    -0.00278174      0.0595635      0.0411967    7.74296e-05   -7.76055e-06        104.384       0.277124      -0.186916
     -0.0715733     0.00869555     -0.0760268     0.00278704    -0.00329789    -0.00096949      0.0785361      0.0991418    7.74296e-05   -7.76055e-06        105.269      0.0286268       0.202453
     -0.0719971     0.00686474     -0.0759981     0.00288712    0.000290284     0.00206475      0.0583243      0.0357432    7.74296e-05   -7.76055e-06        105.609       0.532548       0.269141
     -0.0713687     0.00797906     -0.0759408     0.00294588     0.00126612     0.00147581      0.0718275      0.0894755    7.74296e-05   -7.76055e-06        101.728       0.110213       0.388023
     -0.0726333     0.00890524      -0.076042     0.00305132    -0.00205933     0.00242505      0.0337045      0.0981951    7.74296e-05   -7.76055e-06        109.133      -0.339851     -0.0138532
     -0.0705369     0.00667445     -0.0760056     0.00290993    0.000580383    -0.00281156      0.0900598      0.0454741    7.74296e-05   -7.76055e-06        110.594      -0.151162       0.164891
     -0.0711095     0.00609025     -0.0759589     0.00293077     0.00106612    0.000169144      0.0547041      0.0394454    7.74296e-05   -7.76055e-06        114.744     0.00563165      -0.190853
     -0.0691995     0.00684595     -0.0759145     0.00283716     0.00106674    -0.00200512       0.112155      0.0622536    7.74296e-05   -7.76055e-06         102.25     -0.0252731       0.116019
      -0.068932     0.00783786     -0.0758772     0.00300802    0.000912785     0.00349007      0.0991979      0.0703149    7.74296e-05   -7.76055e-06        101.805     -0.0416535       0.120223
     -0.0697438     0.00863609     -0.0759663     0.00292345     -0.0018338    -0.00147774      0.0845538      0.0912895    7.74296e-05   -7.76055e-06        103.058      -0.258248    -0.00540825
     -0.0694847     0.00700229     -0.0759905     0.00289015   -0.000706571   -0.000867103      0.0942893      0.0407904    7.74296e-05   -7.76055e-06        106.287       0.163458    -0.00654692
     -0.0693436     0.00762603     -0.0759739     0.00292345    0.000289027    0.000632618      0.0938449      0.0715042    7.74296e-05   -7.76055e-06        100.504       0.125908      -0.052628
     -0.0664748     0.00757851     -0.0758464     0.00287472     0.00278214   -0.000989363       0.158809      0.0657174    7.74296e-05   -7.76055e-06         92.696       0.215867       0.472228
     -0.0709011     0.00613303     -0.0759698     0.00295147    -0.00238715      0.0015589      0.0274557      0.0341314    7.74296e-05   -7.76055e-06        107.355       0.401341      -0.399966
     -0.0720566     0.00934229     -0.0758836     0.00292009     0.00162279   -0.000521832      0.0438243        0.13047    7.74296e-05   -7.76055e-06        97.3431      -0.498347      -0.747797
     -0.0702143     0.00942216     -0.0758078     0.00295788     0.00179961    0.000763966      0.0934703      0.0958586    7.74296e-05   -7.76055e-06        101.472      -0.639399      -0.449983
     -0.0700969     0.00774383     -0.0758772     0.00292334    -0.00131816   -0.000669712      0.0976323      0.0536389    7.74296e-05   -7.76055e-06        117.528      -0.220868    0.000830444
      -0.070082     0.00721222     -0.0759768     0.00293419    -0.00228413    0.000167447       0.104194      0.0466669    7.74296e-05   -7.76055e-06        115.451       0.296684       0.587912
     -0.0707725     0.00665463     -0.0759891       0.002943   -0.000493308    0.000207083      0.0759783      0.0370449    7.74296e-05   -7.76055e-06        114.207       0.761413       0.660965
     -0.0688562     0.00787676      -0.075884     0.00283861     0.00221998     -0.0022341       0.108847      0.0894255    7.74296e-05   -7.76055e-06        104.222       0.391675       0.766239
     -0.0721648      0.0100123     -0.0758288     0.00277061     0.00141515    -0.00169215    -0.00210288       0.136225    7.74296e-05   -7.76055e-06        109.658      -0.419998      -0.304056
     -0.0699162     0.00825473     -0.0759981     0.00288712    -0.00351552     0.00234721       0.101287      0.0691675    7.74296e-05   -7.76055e-06        288.105      -0.370904      -0.223692
     -0.0695655     0.00680536      -0.076071     0.00298689    -0.00192628     0.00238982       0.080108      0.0440051    7.74296e-05   -7.76055e-06        117.887      -0.161173      -0.528141
      -0.067552     0.00851806      -0.076042     0.00298782    0.000433883    0.000259169       0.143566      0.0899854    7.74296e-05   -7.76055e-06        108.303      -0.295398     -0.0843244
     -0.0708078     0.00535262     -0.0759456     0.00287327     0.00212553    -0.00244848      0.0456894    -0.00387902    7.74296e-05   -7.76055e-06        105.125       0.549004      -0.583069
     -0.0703925     0.00805897     -0.0758644     0.00269602     0.00196624    -0.00407345      0.0957071       0.103842    7.74296e-05   -7.76055e-06        107.463      0.0821623      -0.179042
     -0.0692677     0.00941521     -0.0760374     0.00284632    -0.00354055     0.00283912       0.121852      0.0990489    7.74296e-05   -7.76055e-06        112.529     -0.0556198       0.505213
     -0.0702503     0.00803125     -0.0760208     0.00292952     4.8244e-06       0.002081      0.0823437      0.0665595    7.74296e-05   -7.76055e-06        112.323      0.0639021       0.562168
     -0.0739722     0.00616967     -0.0759862      0.0029759    0.000748014     0.00121005    -0.00950427      0.0324071    7.74296e-05   -7.76055e-06         111.22       0.310295       -0.30939
     -0.0708221      0.0100106      -0.076048     0.00293531    -0.00126126   -0.000755705      0.0988608       0.142618    7.74296e-05   -7.76055e-06        104.376      -0.651942      0.0888732
     -0.0715431     0.00670063     -0.0760222     0.00296484    0.000431505     0.00056219      0.0462156      0.0186205    7.74296e-05   -7.76055e-06         112.88      0.0612881        -0.2892
     -0.0692969     0.00624129     -0.0759905     0.00289923     0.00072824    -0.00136102       0.120233      0.0469853    7.74296e-05   -7.76055e-06        103.903       0.241645       0.237015
     -0.0697551     0.00723436     -0.0758846     0.00301098     0.00236032     0.00227773       0.080841      0.0602489    7.74296e-05   -7.76055e-06        101.139        0.26626        0.12042
     -0.0721757     0.00777728     -0.0759411     0.00294559   -0.000983354    -0.00118452      0.0350128      0.0793587    7.74296e-05   -7.76055e-06        100.088     -0.0101834      -0.336835
     -0.0702973     0.00852166     -0.0760816     0.00296366    -0.00313368    0.000271704       0.103231       0.092037    7.74296e-05   -7.76055e-06        98.8715      -0.325814      0.0686296
     -0.0712402     0.00783148     -0.0759848     0.00293806     0.00177811   -0.000525718      0.0556935      0.0673755    7.74296e-05   -7.76055e-06        107.932      -0.291119      -0.180289
     -0.0720061     0.00704341     -0.0759456     0.00287176     0.00102399    -0.00148464      0.0540904      0.0515131    7.74296e-05   -7.76055e-06         109.63     -0.0414379      -0.243739
      -0.069615     0.00787951     -0.0759126     0.00292288    0.000814687    0.000955664       0.116422       0.070658    7.74296e-05   -7.76055e-06        110.486       0.107361       0.401236
     -0.0710267     0.00745416     -0.0759271      0.0030685   -0.000230901     0.00324109      0.0597897      0.0501573    7.74296e-05   -7.76055e-06        105.847       0.415071       0.209843
     -0.0696257     0.00835564     -0.0760633     0.00298611    -0.00296478    -0.00145568       0.109787      0.0910176    7.74296e-05   -7.76055e-06        98.7397       0.120942       0.535951
     -0.0710687     0.00705293     -0.0759905     0.00289015     0.00127487    -0.00221827      0.0427133      0.0545617    7.74296e-05   -7.76055e-06        291.223       0.153183     -0.0695518
      -0.070857     0.00761704     -0.0758524     0.00287773     0.00311053   -0.000490031       0.063858      0.0824369    7.74296e-05   -7.76055e-06        101.741      -0.218296      -0.344069
     -0.0684646     0.00511133     -0.0759979     0.00296349    -0.00283067     0.00180329       0.126956     0.00788493    7.74296e-05   -7.76055e-06         383.03       0.308182      0.0192919
     -0.0700546     0.00609842     -0.0759619     0.00282354    0.000492628    -0.00284242      0.0682096      0.0644649    7.74296e-05   -7.76055e-06        189.446     -0.0748515      -0.315813
     -0.0719078     0.00675126     -0.0760918     0.00289898    -0.00275515     0.00134517      0.0523849      0.0591564    7.74296e-05   -7.76055e-06        108.957      -0.214005        -0.5153
     -0.0720412     0.00590736     -0.0760374     0.00290689    0.000898166    0.000305493       0.060154      0.0377566    7.74296e-05   -7.76055e-06         106.62      -0.073167      -0.415603
     -0.0724759     0.00607054     -0.0759486     0.00286875     0.00200894   -0.000793425       0.055193      0.0469472    7.74296e-05   -7.76055e-06        119.413     -0.0365691      -0.181299
     -0.0732184      0.0068981     -0.0758851     0.00283863     0.00157188   -0.000729872      0.0451138      0.0635659    7.74296e-05   -7.76055e-06        118.003      -0.116606       0.103757
     -0.0741927     0.00554114     -0.0759456     0.00287176    -0.00114878    0.000642635      0.0293314      0.0223595    7.74296e-05   -7.76055e-06        119.357       0.335758        0.26682
     -0.0751247     0.00686903     -0.0759096     0.00301317    0.000662587     0.00311874     0.00491306      0.0645929    7.74296e-05   -7.76055e-06        115.921       0.108245      0.0948555
     -0.0751567     0.00617691     -0.0760133     0.00294437    -0.00217392    -0.00117417      0.0117833      0.0450701    7.74296e-05   -7.76055e-06        121.802       0.109169      0.0248075
     -0.0744917     0.00691687     -0.0761173     0.00304201    -0.00246465     0.00199155      0.0270232      0.0668042    7.74296e-05   -7.76055e-06        126.192      -0.209395      0.0708514
     -0.0746106     0.00500358      -0.076013     0.00284481     0.00200675    -0.00406038      0.0127965       0.022022    7.74296e-05   -7.76055e-06        118.262      0.0209724      -0.135799
      -0.072746     0.00640581       -0.07592     0.00296368     0.00221056     0.00216146      0.0603031      0.0596574    7.74296e-05   -7.76055e-06        105.618      -0.194354       0.231902
      -0.073315      0.0056601     -0.0759905     0.00289015    -0.00130249    -0.00137206      0.0351393      0.0322248    7.74296e-05   -7.76055e-06        111.615      0.0216325       0.149189
      -0.072939     0.00441401     -0.0759012     0.00281445     0.00179933    -0.00177239      0.0428571      0.0109422    7.74296e-05   -7.76055e-06         104.17       0.383615       0.119467
     -0.0714952     0.00625383      -0.075875     0.00291986    0.000745772     0.00209982      0.0720042      0.0615053    7.74296e-05   -7.76055e-06         104.16      0.0472301       0.293918
     -0.0717152     0.00719078     -0.0759326     0.00292404    -0.00116959    0.000300209      0.0550496      0.0747069    7.74296e-05   -7.76055e-06        118.161       -0.34987       0.116296
      -0.072258     0.00611385     -0.0758955     0.00294588    0.000684163    0.000501744      0.0402716      0.0394047    7.74296e-05   -7.76055e-06         115.96      -0.236206       -0.22464
     -0.0719238     0.00412061     -0.0758662      0.0028882    0.000701847    -0.00119567      0.0542074    -0.00162504    7.74296e-05   -7.76055e-06        109.463       0.296293      -0.327854
     -0.0705057     0.00530965     -0.0758662     0.00283108    7.01847e-05    -0.00135347       0.090925      0.0421948    7.74296e-05   -7.76055e-06        98.3315       0.222475      0.0137387
     -0.0729589     0.00695435     -0.0760404     0.00298956    -0.00375752     0.00328785      0.0309789      0.0674329    7.74296e-05   -7.76055e-06        102.219     -0.0849373      -0.278702
     -0.0711169     0.00715809     -0.0757958     0.00287312     0.00490766     -0.0021864      0.0851144      0.0728503    7.74296e-05   -7.76055e-06        109.946      -0.386113       0.188921
     -0.0730909     0.00519736     -0.0759835     0.00280556    -0.00356216     -0.0016779      0.0322967      0.0187675    7.74296e-05   -7.76055e-06        108.632      0.0141232    -0.00816225
     -0.0727031     0.00627235     -0.0759935     0.00292206   -0.000572026     0.00234863      0.0541507      0.0520601    7.74296e-05   -7.76055e-06        109.085    -0.00553856       0.131011
     -0.0733201     0.00584851     -0.0759479     0.00288727    0.000927705   -0.000516602      0.0288015      0.0345662    7.74296e-05   -7.76055e-06        106.721        0.21259      -0.102594
     -0.0726998     0.00713565     -0.0760042     0.00301535    -0.00112468     0.00271484      0.0541212      0.0681986    7.74296e-05   -7.76055e-06        101.513     0.00135174       0.022257
     -0.0719905     0.00664016     -0.0758536     0.00291035     0.00314159    -0.00199651      0.0577001      0.0542978    7.74296e-05   -7.76055e-06        98.2201     -0.0274164      0.0825709
     -0.0717241     0.00750413     -0.0759486     0.00286875    -0.00173789    -0.00109819      0.0673664      0.0792225    7.74296e-05   -7.76055e-06        105.532      -0.333775       0.227416
      -0.071696     0.00801776     -0.0758514     0.00286861      0.0019259   -0.000112706      0.0557017      0.0776785    7.74296e-05   -7.76055e-06        111.215      -0.420324       0.113071
     -0.0725866     0.00599551     -0.0759258     0.00292612    -0.00141593     0.00123087      0.0377689      0.0170997    7.74296e-05   -7.76055e-06         105.94       0.241411       -0.15484
     -0.0711767     0.00692533     -0.0758469     0.00288362     0.00156429   -0.000794822      0.0749339      0.0613815    7.74296e-05   -7.76055e-06        100.148       0.285331     -0.0156002
     -0.0692553     0.00817559     -0.0759337     0.00281605    -0.00171827    -0.00153915       0.115116      0.0857443    7.74296e-05   -7.76055e-06        94.5538        0.11691       0.429173
     -0.0702179     0.00975203     -0.0758808     0.00295313     0.00097015     0.00280704      0.0688306       0.114001    7.74296e-05   -7.76055e-06        107.414      -0.339429       0.160607
     -0.0717337      0.0062309      -0.075965     0.00292322    -0.00172104   -0.000365295       0.044907      0.0180568    7.74296e-05   -7.76055e-06        112.409       0.262924      -0.229038
     -0.0692906     0.00667251     -0.0759905     0.00289015   -0.000723781   -0.000750914       0.114087       0.062444    7.74296e-05   -7.76055e-06        93.1451          0.165        0.09162
     -0.0705741     0.00724726     -0.0759246     0.00285967     0.00135043   -0.000733446      0.0583127      0.0674066    7.74296e-05   -7.76055e-06        96.7179      0.0245511      -0.301939
      -0.069605     0.00781231     -0.0759905     0.00294767    -0.00128776     0.00182757       0.106702      0.0775238    7.74296e-05   -7.76055e-06         96.827      -0.170743     0.00200113
     -0.0704712     0.00645683     -0.0759662      0.0028887    0.000396508    -0.00109111       0.071497      0.0427325    7.74296e-05   -7.76055e-06        101.965       0.012739      -0.131448
