       -0.05848     -0.0268296       -0.09016     -0.0142765        0.38016      -0.150637        0.38016      -0.150637   -7.02393e-05   -1.56167e-06   -1.17563e-06     0.00922441        44.3141
     -0.0883813     -0.0185616       -0.09016     -0.0142765              0              0      0.0196924     -0.0314429   -8.38291e-05    0.000102746      0.0184484      0.0204606        52.9329
     -0.0897067     -0.0161572       -0.09016     -0.0142765              0              0   -0.000961247     -0.0218268    -0.00213447     0.00829219      0.0224733      0.0223956        53.8509
       -0.09002     -0.0158618       -0.09016     -0.0142765              0              0     0.00102098     -0.0236658    -0.00471141      0.0111086      0.0223184      0.0234675        53.5644
     -0.0900398      -0.018624       -0.09016     -0.0154984              0     -0.0293248     0.00133182     -0.0408872    -0.00351312        0.01108      0.0246172      0.0256333        56.1961
     -0.0872088     -0.0173383     -0.0889333     -0.0154984      0.0294399              0      0.0213607     -0.0244409   -9.93263e-05      0.0111841       0.026649      0.0263338        50.4508
     -0.0913721     -0.0205043       -0.09016     -0.0167203     -0.0294399     -0.0293248     -0.0118836     -0.0552895     0.00359425      0.0121128      0.0260181      0.0310965        63.2471
     -0.0899569     -0.0186964       -0.09016     -0.0179421              0     -0.0293248       0.011141      0.0278277     0.00571964      0.0123522      0.0361757     0.00284624        61.9713
     -0.0901047     -0.0232858       -0.09016      -0.019164              0     -0.0293248    -0.00319338     -0.0873082     0.00505338      0.0163937     -0.0304842     -0.0270693        57.9448
     -0.0896921     -0.0235238       -0.09016     -0.0203859              0     -0.0293248     0.00690533     -0.0361961    -0.00789704     -0.0177773     -0.0236531     -0.0185924        47.4221
     -0.0876249     -0.0211593       -0.09016     -0.0203859              0              0      0.0505969      -0.013469     -0.0130289     -0.0118377     -0.0135315    -0.00279952        57.7866
     -0.0861466     -0.0200043     -0.0889333     -0.0203859      0.0294399              0      0.0163458      0.0126355     -0.0168979    -0.00577332     0.00793219      0.0106692        179.699
     -0.0872382     -0.0236847     -0.0889333     -0.0216077              0     -0.0293248      0.0181741     -0.0297257     -0.0328239     0.00540839      0.0134077      0.0188079         56.321
     -0.0808503      -0.032131       -0.08648     -0.0252733      0.0588799      -0.087974      0.0754534     -0.0881437      -0.029572     0.00805901      0.0242081      0.0316529        37.6352
      -0.083564     -0.0304391       -0.08648     -0.0264952              0     -0.0293248      0.0429376     -0.0388748     -0.0147043       0.012526      0.0390973      0.0338306        45.4721
     -0.0859353     -0.0315359       -0.08648      -0.027717              0     -0.0293248   -0.000314124      -0.049763    -0.00118508      0.0217055      0.0285635      0.0232086        52.3167
     -0.0813606     -0.0320902     -0.0852533     -0.0289389      0.0294401     -0.0293248      0.0763923     -0.0335602     0.00303659       0.017813      0.0178533     0.00582027        51.4523
     -0.0804654     -0.0389436     -0.0840267     -0.0326045      0.0294399     -0.0879744      0.0431402     -0.0786915       0.012171      0.0112375    -0.00621326     -0.0149303        56.6013
      -0.080593     -0.0387614        -0.0828     -0.0338264      0.0294399     -0.0293248     0.00964996     -0.0791848    -0.00522604   -0.000619304     -0.0236473     -0.0125071        42.6186
     -0.0774051     -0.0387589     -0.0815733     -0.0350482      0.0294401     -0.0293248      0.0624669     -0.0488365     -0.0236473    -0.00918282    -0.00136646      0.0138164        33.2761
     -0.0683934     -0.0440951     -0.0778933     -0.0387138      0.0883201      -0.087974       0.133192      -0.048528     -0.0218985     0.00090872      0.0289993      0.0257821        26.6915
     -0.0700501     -0.0436412     -0.0766667     -0.0399357      0.0294399     -0.0293249       0.079632     -0.0469794     -0.0247026       0.018083      0.0225644       0.018856        28.7823
     -0.0694498     -0.0505481       -0.07544     -0.0436013      0.0294399     -0.0879744      0.0764225     -0.0860287     -0.0362346      0.0137614      0.0151477      0.0118012        30.2635
     -0.0652029       -0.04896     -0.0729867     -0.0448232        0.05888     -0.0293248       0.099585     -0.0498536     -0.0393266     0.00916361     0.00845432     0.00416756        22.2446
     -0.0649462     -0.0517022       -0.07176     -0.0472669      0.0294399     -0.0586494      0.0925023     -0.0497293     -0.0380907     0.00560461   -0.000120011    -0.00754463         20.828
     -0.0553128     -0.0542975     -0.0668533     -0.0497106        0.11776     -0.0586496       0.149303     -0.0561602      -0.031268     0.00151204     -0.0149693     -0.0196417        15.9364
     -0.0569191     -0.0569505     -0.0656267     -0.0521543      0.0294396     -0.0586495       0.129141     -0.0634876     -0.0255752    -0.00571204      -0.024314     -0.0208718        24.6468
     -0.0547433     -0.0556412     -0.0631733     -0.0533762      0.0588804     -0.0293249       0.105036     -0.0207943     -0.0240704     -0.0102137     -0.0174297     -0.0174436        26.7911
     -0.0463716     -0.0593476     -0.0582667     -0.0558199        0.11776     -0.0586494       0.149344     -0.0423103      -0.035282     -0.0074016     -0.0174574     -0.0154674        21.2029
     -0.0422352     -0.0599429     -0.0545867     -0.0570418        0.08832     -0.0293248       0.165745     -0.0410449     -0.0404908    -0.00688626     -0.0134776    -0.00455936        21.6005
     -0.0398062     -0.0604373     -0.0509067     -0.0582637        0.08832     -0.0293248       0.127973     -0.0201833     -0.0414946    -0.00447048     0.00435829      0.0079174        22.1486
     -0.0345298     -0.0612135     -0.0472267     -0.0594855        0.08832     -0.0293249       0.179843     -0.0127174     -0.0469045     0.00408922      0.0114765     0.00680923        20.9667
     -0.0225685     -0.0665903     -0.0398667     -0.0619293        0.17664     -0.0586494       0.214419     -0.0655764     -0.0391852     0.00816523     0.00214195     0.00529337        22.1983
     -0.0203575     -0.0654775       -0.03496     -0.0631511        0.11776     -0.0293248       0.180823      -0.013956     -0.0403033      0.0042281     0.00844526     -0.0011727        17.1291
     -0.0158106      -0.066741     -0.0300533      -0.064373        0.11776     -0.0293248       0.184652     -0.0335268      -0.038984     0.00624477     -0.0107906     -0.0151757        14.9233
     -0.0109555     -0.0677109     -0.0251467     -0.0655949        0.11776     -0.0293248       0.184915     -0.0247308     -0.0317759    -0.00155593     -0.0195613     -0.0223403        11.3015
     0.00442464     -0.0705777     -0.0153333     -0.0680386        0.23552     -0.0586497       0.237475     -0.0188619     -0.0268841    -0.00665296     -0.0251192     -0.0349241        18.3245
      0.0045254     -0.0701268     -0.0104267     -0.0692604        0.11776     -0.0293246        0.19167    -0.00601308     -0.0268398    -0.00927104     -0.0447292      -0.053074          19.17
      0.0108487     -0.0710999    -0.00429335     -0.0704823         0.1472     -0.0293248       0.190868    -0.00806462     -0.0212037     -0.0185095     -0.0614185     -0.0622374         21.627
      0.0170626     -0.0715056        0.00184     -0.0717042         0.1472     -0.0293248         0.1938     0.00977292     -0.0182374     -0.0278607     -0.0630563      -0.062627         14.276
      0.0218867     -0.0725607     0.00797333      -0.072926         0.1472     -0.0293248       0.160198     0.00821489     -0.0190336     -0.0278137     -0.0621976      -0.057649        16.0015
      0.0423505     -0.0737501        0.02024     -0.0741479         0.2944     -0.0293248       0.264347       0.011239     -0.0236919     -0.0272205     -0.0531008     -0.0474226        22.2818
      0.0456076      -0.074918         0.0276     -0.0753698        0.17664     -0.0293248       0.224873      0.0142924     -0.0177074     -0.0225164     -0.0417446     -0.0384622        14.5129
      0.0488276      -0.075774      0.0337333     -0.0765916         0.1472     -0.0293246       0.190726       0.024733    -0.00446262     -0.0168281     -0.0351799     -0.0403641        14.1059
      0.0529365     -0.0777929      0.0398667     -0.0778135         0.1472     -0.0293248       0.154173     0.00226007     0.00231776     -0.0136007     -0.0455485     -0.0468259         13.146
      0.0737419     -0.0786517      0.0521333     -0.0790354         0.2944     -0.0293249       0.265363      0.0157528    0.000885819     -0.0186035     -0.0481029     -0.0531411        22.9671
      0.0770468     -0.0764536      0.0594933     -0.0790354        0.17664              0       0.218027      0.0419855   -2.42245e-05     -0.0205671     -0.0581793     -0.0656787        17.9577
      0.0795857     -0.0764092      0.0656267     -0.0790354         0.1472              0       0.162145       0.031386    -0.00592508     -0.0260568     -0.0731783     -0.0714839        30.0588
       0.107779     -0.0733104      0.0803467     -0.0778135        0.35328      0.0293249       0.351542      0.0578567     -0.0162108      -0.033211     -0.0697894     -0.0637474         43.601
       0.102789     -0.0714266        0.08648     -0.0765916         0.1472      0.0293248       0.168631      0.0685156     -0.0189551     -0.0328103     -0.0577054      -0.048587        53.9715
       0.109818     -0.0730893        0.09384     -0.0765916        0.17664              0       0.196959      0.0499484     -0.0352664     -0.0263595     -0.0394687     -0.0320203        61.6872
       0.118744     -0.0667162         0.1012     -0.0741479        0.17664      0.0586494       0.231851       0.113551     -0.0170583     -0.0147932     -0.0245719     -0.0346691        55.4706
       0.122585     -0.0691934        0.10856     -0.0741479        0.17664              0       0.140459      0.0738577    -0.00379946     -0.0103179     -0.0447673     -0.0603269        54.0388
       0.144679     -0.0669806       0.122053      -0.072926        0.32384      0.0293248       0.283518       0.080271   -0.000380303     -0.0226431     -0.0758865      -0.090677         82.903
       0.150983     -0.0632072        0.13064     -0.0704823       0.206079      0.0586495       0.270329      0.0839641      0.0255472     -0.0392225      -0.105467      -0.109969        74.5014
       0.150691     -0.0619847          0.138     -0.0692604        0.17664      0.0293248       0.113378      0.0979367      0.0349743       -0.05365      -0.114471      -0.109582        65.2799
        0.17543     -0.0541237        0.15272     -0.0655949        0.35328      0.0879743       0.278453       0.152768      0.0192768      -0.057575      -0.104694      -0.101595        102.436
        0.17473     -0.0537433        0.16008     -0.0631511        0.17664      0.0586495       0.159943       0.109638      0.0310625     -0.0519177     -0.0984968     -0.0805095        90.6895
       0.178918     -0.0537907        0.16744     -0.0619293        0.17664      0.0293248       0.124544       0.119511      0.0335785     -0.0460252     -0.0625224     -0.0545614        73.2563
       0.182033     -0.0552254       0.173573     -0.0607074         0.1472      0.0293246      0.0868609      0.0592927      0.0430791     -0.0282575     -0.0466004     -0.0279697        63.9763
       0.188272     -0.0523835       0.179707     -0.0594855       0.147199      0.0293248       0.107459       0.124438      0.0524157     -0.0213423    -0.00933948     -0.0220348          69.24
       0.206266     -0.0440994       0.190747     -0.0545981        0.26496       0.117299       0.186234       0.125983      0.0634365    -0.00416185     -0.0347294     -0.0376233        127.579
       0.202929     -0.0485143       0.194427     -0.0521543      0.0883201      0.0586494       0.138481      0.0514764      0.0595164     -0.0144028     -0.0405172     -0.0441828        119.749
       0.215252     -0.0429369        0.20056     -0.0484887         0.1472      0.0879744       0.197983      0.0632072      0.0631249     -0.0203463     -0.0478484     -0.0486331        161.843
       0.225785     -0.0385025        0.20424     -0.0436013      0.0883198       0.117299       0.258541      0.0611858       0.067706     -0.0235063      -0.049418     -0.0555036         206.03
           0.23     -0.0216077       0.212827     -0.0362701        0.20608       0.175948        0.20608       0.175948      0.0529254     -0.0238091     -0.0615895      -0.068785        216.653
       0.216629     -0.0328974       0.214053     -0.0313826      0.0294396       0.117299      0.0323775      -0.153653      0.0562643     -0.0298179     -0.0759807     -0.0723659        114.383
       0.218866     -0.0395363       0.216507     -0.0264952      0.0588806       0.117299      0.0283074      -0.156494      0.0540246     -0.0372895     -0.0687518      -0.062831        122.838
       0.241049     -0.0153729       0.220187     -0.0154984      0.0883198       0.263923       0.250347      0.0015057      0.0498131     -0.0347573     -0.0569099     -0.0437037        224.841
       0.220187   -0.000835991       0.220187     -0.0106109              0       0.117299              0       0.117299      0.0347442     -0.0253594     -0.0304975     -0.0213041        118.576
       0.220187     0.00405142       0.220187    -0.00572348              0       0.117299              0       0.117299      0.0256016     -0.0119277     -0.0121107     -0.0100182        136.518
       0.223867     0.00893892       0.221413    -0.00083601      0.0294399       0.117299      0.0294399       0.117299       0.022401    -0.00453402    -0.00792568     0.00284815        177.095
       0.221413      0.0138264       0.221413     0.00405146              0       0.117299              0       0.117299      0.0211909    -0.00345613      0.0136218      0.0184622        195.861
       0.238591      0.0215959        0.22264      0.0150482      0.0294403       0.263923       0.353386       -0.10678      0.0154739     0.00647806      0.0233021      0.0299835         252.65
       0.231054      0.0243754        0.22264      0.0199357              0       0.117299       0.100968       0.053276      0.0116033      0.0119249       0.036665      0.0425248        145.756
       0.222065      0.0330737       0.221413      0.0248232     -0.0294403       0.117299     0.00781923      0.0990065     0.00742588      0.0196334      0.0483847      0.0513787        116.634
       0.221599      0.0360826       0.221413      0.0284887              0      0.0879744     0.00223406      0.0911264     0.00409028      0.0245974      0.0543728      0.0567031        113.638
       0.215508      0.0514301        0.21896      0.0370418     -0.0588795       0.205273     -0.0414185        0.17266     0.00270626      0.0268636      0.0590339      0.0619321        126.201
       0.217974      0.0500549        0.21896      0.0407074              0      0.0879744     -0.0118338        0.11217    -0.00279024      0.0291707      0.0648303      0.0609326        119.954
       0.215699      0.0522803       0.217733       0.044373     -0.0294406      0.0879744     -0.0244101      0.0948875    -0.00401082      0.0317929       0.057035      0.0522795        112.795
       0.214173      0.0555344       0.216507      0.0480386     -0.0294396      0.0879744     -0.0280026      0.0899496    -0.00387802      0.0292135       0.047524      0.0457206        112.514
       0.209882      0.0650172       0.214053      0.0541479     -0.0588806       0.146623     -0.0500583       0.130431     0.00194952      0.0233477      0.0439172      0.0459661         119.19
       0.212861      0.0631882       0.214053      0.0565916              0      0.0586496     -0.0143024      0.0791586     0.00670502      0.0221532      0.0480151      0.0446539        116.964
       0.210734      0.0673785       0.212827      0.0602572     -0.0294396      0.0879744     -0.0251147      0.0854556      0.0103301      0.0229509      0.0412931      0.0378571        117.324
       0.206271       0.071194       0.210373      0.0639228     -0.0588802      0.0879739     -0.0492329      0.0872544       0.013613       0.020339       0.034421      0.0297956        113.106
       0.209201      0.0719351       0.210373      0.0663666              0      0.0586497     -0.0140665      0.0668225      0.0182252      0.0166064      0.0251703      0.0242348        118.188
       0.207059      0.0738923       0.209147      0.0688103     -0.0294399      0.0586495     -0.0250475      0.0609847      0.0244173       0.011988      0.0232987      0.0215449        113.929
        0.20855      0.0732297       0.209147      0.0700322              0      0.0293248    -0.00715643      0.0383705      0.0264896      0.0107791      0.0197906      0.0203147        115.721
       0.205997      0.0768805        0.20792      0.0724759     -0.0294396      0.0586495      -0.023073      0.0528555      0.0297966     0.00943362      0.0208387      0.0217509        115.328
       0.201413      0.0826365       0.205467      0.0761415     -0.0588802      0.0879745     -0.0486496      0.0779405      0.0317836     0.00952731      0.0226631      0.0210605        117.565
       0.201329      0.0809646        0.20424      0.0773633     -0.0294399      0.0293244     -0.0349284      0.0432147      0.0332546     0.00993859      0.0194578      0.0230045        110.753
       0.200429      0.0813597       0.203013      0.0785852     -0.0294396      0.0293248     -0.0310078      0.0332933      0.0313782     0.00947832      0.0265512      0.0273118        108.703
       0.199296      0.0853127       0.201787      0.0810289     -0.0294406      0.0586495     -0.0298884      0.0514049      0.0305377      0.0117162      0.0280719      0.0343471        114.937
       0.189159      0.0881876        0.19688      0.0834727       -0.11776      0.0586495     -0.0926536      0.0565796      0.0319166      0.0137777      0.0406222      0.0433555        99.5301
       0.188716      0.0877872       0.194427      0.0846945     -0.0588802      0.0293248     -0.0685298      0.0371119       0.034654      0.0200896      0.0460887      0.0442491        97.1153
       0.186837      0.0855781       0.191973      0.0846945     -0.0588795              0     -0.0616367      0.0106034       0.035034      0.0217932      0.0424104      0.0339637        88.5609
       0.181569      0.0908818       0.188293      0.0871383     -0.0883201      0.0586497     -0.0806963      0.0449222      0.0318947      0.0203042      0.0255175      0.0240474        93.1393
       0.180414      0.0911752        0.18584      0.0883601     -0.0588802      0.0293248     -0.0651134      0.0337812      0.0293005       0.011806      0.0225778      0.0221152        93.2815
       0.178332      0.0921318       0.183387       0.089582     -0.0588802      0.0293248     -0.0606611       0.030598      0.0237301     0.00956022      0.0216527      0.0254612        91.5209
       0.173005      0.0932779       0.179707      0.0908039     -0.0883201      0.0293248     -0.0804176      0.0296886      0.0133811     0.00982796      0.0292692      0.0287223         85.183
       0.171834      0.0944781       0.177253      0.0920257     -0.0588795      0.0293244     -0.0650332      0.0294285     0.00663147      0.0130616      0.0281754       0.021328        87.8955
       0.163789      0.0956938       0.172347      0.0932476       -0.11776      0.0293248      -0.102696      0.0293544     0.00668273      0.0119656      0.0144801      0.0144248        80.4014
       0.163943      0.0969139       0.169893      0.0944695     -0.0588795      0.0293248     -0.0713984      0.0293332     0.00602994     0.00573145      0.0143695      0.0093689        84.9375
       0.162235      0.0981353        0.16744      0.0956913     -0.0588802      0.0293248     -0.0624568      0.0293272     0.00545034     0.00558208     0.00436831     0.00949764        85.1128
       0.159995       0.099357       0.164987      0.0969132     -0.0588802      0.0293249     -0.0599021      0.0293256     0.00562427      0.0015875      0.0146265      0.0145555        85.6884
       0.154623       0.103546       0.161307      0.0993569     -0.0883201      0.0586495     -0.0802007      0.0502713     0.00664708      0.0050789      0.0144844      0.0166531        89.9119
       0.153439       0.103521       0.158853       0.100579     -0.0588795      0.0293248     -0.0649713      0.0353095      0.0071089      0.0061711      0.0188217      0.0231247        87.5414
       0.154327       0.104387       0.157627       0.101801     -0.0294406      0.0293248     -0.0395922      0.0310347     0.00858495     0.00867258      0.0274272      0.0240836        91.4771
       0.147747       0.108474       0.153947       0.104244     -0.0883198      0.0586495     -0.0743976      0.0507596     0.00991926      0.0131006        0.02074      0.0226054        91.9974
       0.149196        0.10842        0.15272       0.105466     -0.0294399      0.0293249      -0.042285      0.0354491     0.00995872      0.0112067      0.0244703      0.0186267         93.778
       0.145755       0.109278       0.150267       0.106688     -0.0588802      0.0293242     -0.0541387      0.0310742      0.0158049      0.0113989      0.0127826      0.0145369        89.8882
       0.145999       0.107428        0.14904       0.106688     -0.0294396              0     -0.0364965     0.00887835      0.0181824     0.00693201      0.0162911      0.0195384        84.6855
       0.139234       0.109867        0.14536        0.10791     -0.0883201      0.0293248     -0.0735134      0.0234829      0.0172877     0.00800179      0.0227861      0.0233831        84.2089
       0.140631       0.108469       0.144133        0.10791     -0.0294396              0     -0.0420321      0.0067094       0.016183      0.0110166      0.0239806      0.0259924        82.2172
       0.140153        0.10807       0.142907        0.10791     -0.0294406              0     -0.0330382     0.00191697      0.0161884      0.0115933      0.0280046      0.0295272        81.5582
       0.139141       0.107956        0.14168        0.10791     -0.0294399              0      -0.030468    0.000547707      0.0128542       0.013524      0.0310497      0.0263934        80.6328
       0.137976       0.107923       0.140453        0.10791     -0.0294396              0     -0.0297334    0.000156486     0.00892911      0.0149314      0.0217371      0.0224581        79.5218
       0.136766       0.104946       0.139227       0.106688     -0.0294406     -0.0293248     -0.0295243     -0.0209016     0.00835988       0.011264      0.0231791      0.0287194        71.4334
       0.132566        0.10619       0.136773       0.106688     -0.0588795              0     -0.0504923    -0.00597187      0.0108193      0.0121618      0.0342598      0.0362515        72.7245
       0.135571       0.103579       0.136773       0.105466              0     -0.0293242     -0.0144264     -0.0226521      0.0100164      0.0171381      0.0382428      0.0438371        71.3486
       0.133451       0.104927       0.135547       0.105466     -0.0294406              0     -0.0251509    -0.00647203     0.00809727      0.0197174      0.0494313      0.0467534        74.6085
       0.131969      0.0993774        0.13432       0.103023     -0.0294396     -0.0586497     -0.0282142     -0.0437418     0.00816545       0.025401      0.0440755      0.0420384        61.6892
       0.133648       0.101981        0.13432       0.103023              0              0     -0.0080612     -0.0124977     0.00818262      0.0239223      0.0400009      0.0359802        72.5198
       0.134128      0.0997576        0.13432       0.101801              0     -0.0293248     -0.0023032      -0.024517     0.00777171      0.0205169      0.0319595       0.030261        68.4808
       0.134265      0.0982495        0.13432       0.100579              0     -0.0293248   -0.000658058     -0.0279511     0.00706122      0.0165183       0.028563      0.0269308         68.298
       0.134304      0.0939785        0.13432      0.0981351              0     -0.0586495   -0.000188015     -0.0498786      0.0030081      0.0150725      0.0252986      0.0182323        61.0852
       0.131337      0.0939801       0.133093      0.0969132     -0.0294396     -0.0293248      -0.021082     -0.0351973     0.00445173      0.0126243      0.0111656     0.00526571        59.6528
       0.132591      0.0901404       0.133093      0.0944695              0     -0.0586497    -0.00602343      -0.051949      0.0112402     0.00499915    -0.00063484    -0.00322324        55.9333
        0.13295      0.0902652       0.133093      0.0932476              0     -0.0293248    -0.00172098     -0.0357888      0.0151129   -0.000836146    -0.00581171    -0.00790147        59.6628
       0.133052      0.0894281       0.133093      0.0920257              0     -0.0293248   -0.000491709     -0.0311716      0.0172297    -0.00368108    -0.00999126    -0.00919159        60.8596
       0.136061      0.0883162        0.13432      0.0908039      0.0294396     -0.0293244      0.0208878     -0.0298522      0.0154862    -0.00498809    -0.00839193    -0.00894125        65.4839
       0.134817      0.0900931        0.13432      0.0908039              0              0     0.00596794     -0.0085292       0.014685    -0.00473226    -0.00949054    -0.00988421        67.1634
       0.137441      0.0876334       0.135547       0.089582      0.0294396     -0.0293248      0.0227334     -0.0233832      0.0129088    -0.00475479     -0.0102779     -0.0132621        68.1083
       0.136088      0.0890253       0.135547       0.089582              0              0     0.00649525     -0.0066809      0.0122359    -0.00490619     -0.0162465     -0.0108038        67.0392
       0.135701      0.0894229       0.135547       0.089582              0              0     0.00185579    -0.00190883     0.00982902     -0.0075406    -0.00536093    -0.00137138        67.8618
        0.13857      0.0895366       0.136773       0.089582      0.0294406              0      0.0215593   -0.000545381     0.00838194    -0.00388564     0.00261831      0.0033536        72.6409
       0.140266      0.0925364          0.138      0.0908039      0.0294399      0.0293248      0.0271883      0.0207904     0.00793705      0.0011295      0.0040884     0.00507879        79.7898
       0.141626      0.0912989       0.139227      0.0908039      0.0294396              0      0.0287963     0.00594013     0.00539086     0.00168585     0.00606966      0.0070672        76.4384
       0.142891      0.0939127       0.140453      0.0920257      0.0294406      0.0293244      0.0292566      0.0226432     0.00340328     0.00255309     0.00806522     0.00579739        84.0556
        0.14115      0.0955322       0.140453      0.0932476              0      0.0293248     0.00835901      0.0274157     0.00215409     0.00348781     0.00352907     0.00332355        80.8702
       0.143631      0.0939003        0.14168      0.0932476      0.0294396              0      0.0234166     0.00783307    -0.00290635     0.00255703     0.00311804      0.0018239        79.4603
       0.148196      0.0964015       0.144133      0.0944695      0.0588806      0.0293248       0.048748      0.0231843    -0.00273922     0.00211953    0.000529766   -0.000897513        92.1797
       0.148273      0.0979889        0.14536      0.0956913      0.0294396      0.0293248      0.0349563      0.0275703     0.00201771    0.000229585    -0.00232437    -0.00533895        91.7429
       0.149171      0.0993152       0.146587      0.0969132      0.0294396      0.0293249      0.0310158      0.0288236     0.00345096    -0.00148858    -0.00835349     -0.0088881        93.4765
       0.150304       0.100567       0.147813      0.0981351      0.0294406      0.0293248      0.0298907      0.0291816     0.00479398    -0.00469126    -0.00942275    -0.00984092        94.4895
       0.157462       0.104765       0.151493       0.100579      0.0883201      0.0586495       0.071626      0.0502301     0.00899575    -0.00532748     -0.0102591     -0.0108388        117.187
       0.156178       0.104742        0.15272       0.101801      0.0294396      0.0293248      0.0414928      0.0352977     0.00673911    -0.00550557     -0.0114184    -0.00769686        104.955
       0.156687       0.105608       0.153947       0.103023      0.0294399      0.0293248      0.0328836      0.0310313     0.00132916    -0.00573255    -0.00397498    -0.00211364        103.413
       0.157709       0.103761       0.155173       0.103023      0.0294406              0      0.0304243      0.0088661    -0.00479498    -0.00293638   -0.000252387     0.00241995        98.0845
       0.167814       0.109168        0.16008       0.105466        0.11776      0.0586497      0.0928067      0.0444258    -0.00637665    -0.00086261     0.00509262     0.00290775          132.9
       0.165269       0.109491       0.161307       0.106688      0.0294396      0.0293242      0.0475445       0.033639     -0.0105081     0.00128292    0.000722885   -0.000400149        117.525
       0.168397       0.107489        0.16376       0.106688      0.0588802              0      0.0556414     0.00961113     -0.0104332   -0.000279558    -0.00152294    -0.00714191        113.839
       0.168064       0.109884       0.164987        0.10791      0.0294399      0.0293248      0.0369261      0.0236923     -0.0101178    -0.00166858     -0.0127606     -0.0164125        114.031
       0.177782       0.111441       0.169893       0.109132        0.11776      0.0293249      0.0946649      0.0277156    -0.00936618    -0.00707425     -0.0200644     -0.0216206        139.057
       0.178105       0.112759       0.172347       0.110354      0.0588795      0.0293248      0.0691039       0.028865    -0.00421896     -0.0115146     -0.0231768      -0.025415        133.576
        0.17995       0.114008         0.1748       0.111576      0.0588802      0.0293248      0.0618013      0.0291934   -0.000653053     -0.0128503     -0.0276533     -0.0257291         136.02
       0.188188       0.115238       0.179707       0.112797        0.11776      0.0293248       0.101772      0.0292872    0.000202631     -0.0143352     -0.0238048     -0.0216297        152.646
       0.188088       0.116462        0.18216       0.114019      0.0588802      0.0293248      0.0711349       0.029314    0.000164961     -0.0130936     -0.0194546     -0.0188879        145.323
       0.189812       0.117685       0.184613       0.115241      0.0588806      0.0293248      0.0623818      0.0293217    0.000906323     -0.0108457     -0.0183211     -0.0145416        146.084
       0.192057       0.118907       0.187067       0.116463      0.0588791      0.0293249      0.0598799       0.029324     0.00315807    -0.00939358     -0.0107622    -0.00677235        149.044
        0.19743       0.120129       0.190747       0.117685      0.0883201      0.0293248      0.0801944      0.0293246     0.00453338    -0.00512911    -0.00278254    -0.00489574          160.1
       0.204572        0.12135       0.195653       0.118907       0.117761      0.0293248       0.107028      0.0293247     0.00441394    -0.00210012    -0.00700861     -0.0084947        176.929
        0.20416       0.122572       0.198107       0.120129      0.0588791      0.0293248      0.0726358      0.0293248    0.000494217    -0.00377096    -0.00998076    -0.00978275        168.346
       0.202815       0.123794       0.199333        0.12135      0.0294406      0.0293244      0.0417821      0.0293245     -0.0024735    -0.00545443    -0.00958467    -0.00892465        158.561
       0.206286       0.122049       0.201787        0.12135      0.0588795              0      0.0539945     0.00837843    -0.00596252    -0.00562812    -0.00826461    -0.00784787        157.792
       0.212009       0.127485       0.205467       0.123794      0.0883201      0.0586495      0.0785128      0.0442864    -0.00790038     -0.0055709    -0.00743115    -0.00505107        185.795
       0.213294       0.124849        0.20792       0.123794      0.0588802              0      0.0644895      0.0126532    -0.00828197    -0.00518645    -0.00267099     -0.0112005         171.73
       0.212434       0.124095       0.209147       0.123794      0.0294396              0      0.0394538     0.00361522    -0.00454941    -0.00300385     -0.0197298     -0.0204395        160.923
       0.219023       0.126848       0.212827       0.125016      0.0883201      0.0293251      0.0743583      0.0219794     -0.0038301    -0.00675918     -0.0211497     -0.0221244        185.264
       0.214597       0.128507       0.212827       0.126238              0      0.0293244      0.0212452      0.0272258     0.00330803    -0.00882686      -0.023099     -0.0221235        167.323
       0.219291       0.129854        0.21528        0.12746      0.0588802      0.0293244      0.0481274      0.0287248     0.00884578    -0.00913597      -0.021148      -0.021334          181.7
       0.216426       0.128144        0.21528        0.12746              0              0      0.0137507     0.00820709     0.00799343    -0.00910307     -0.0215199     -0.0211177        160.214
       0.218586       0.130623       0.216507       0.128682      0.0294399      0.0293251      0.0249573      0.0232914     0.00628219    -0.00900294     -0.0207154     -0.0189317        173.214
        0.22008       0.132204       0.217733       0.129904      0.0294396      0.0293244      0.0281589      0.0276007     0.00632164     -0.0085447     -0.0171479     -0.0139817        177.224
       0.218404       0.130561       0.217733       0.129904              0              0     0.00804541     0.00788591     0.00771925    -0.00674511     -0.0108155    -0.00826877        164.517
       0.217925       0.133059       0.217733       0.131125              0      0.0293251     0.00229869      0.0231996     0.00444648    -0.00357057    -0.00572207    -0.00503931        167.327
       0.217788       0.131678       0.217733       0.131125              0              0    0.000656768     0.00662847     0.00394378   -0.000944507    -0.00435657    -0.00391214        160.669
       0.217749       0.134251       0.217733       0.132347              0      0.0293244    0.000187648      0.0228399     0.00441239   -0.000291836    -0.00346772   -0.000269138        167.106
       0.217738       0.135859       0.217733       0.133569              0      0.0293255    5.36136e-05      0.0274724     0.00466285    0.000145662     0.00292969    0.000919342        172.621
       0.217735       0.137191       0.217733       0.134791              0      0.0293241    1.53173e-05       0.028795     0.00255284     0.00306224    -0.00109115     0.00375032        172.955
       0.214755       0.138444       0.216507       0.136013     -0.0294396      0.0293255     -0.0210239      0.0291739     0.00216946     0.00249563     0.00859118      0.0121527        166.003
       0.213027       0.136707        0.21528       0.136013     -0.0294399              0     -0.0270353     0.00833541     0.00203488     0.00573753      0.0157142      0.0150232        155.419
       0.214636       0.136211        0.21528       0.136013              0              0    -0.00772438     0.00238154     0.00226495     0.00944375      0.0143323      0.0189362        161.137
       0.215096        0.13607        0.21528       0.136013              0              0    -0.00220697    0.000680442     0.00493905     0.00934755      0.0235405      0.0294647        160.836
       0.212248       0.136029       0.214053       0.136013     -0.0294406              0     -0.0216596    0.000194412     0.00838039      0.0127224      0.0353885      0.0396552        154.333
       0.213538       0.136018       0.214053       0.136013              0              0    -0.00618845    5.55471e-05      0.0096483       0.018711      0.0439219       0.045567        160.426
       0.213906       0.136014       0.214053       0.136013              0              0    -0.00176813    1.58702e-05      0.0111925      0.0230449      0.0472121      0.0409303        163.214
       0.214011       0.133046       0.214053       0.134791              0     -0.0293255   -0.000505178     -0.0209422      0.0148538      0.0244093      0.0346484      0.0302305        154.574
       0.211062       0.134292       0.212827       0.134791     -0.0294396              0     -0.0211726     -0.0059835      0.0209878      0.0192652      0.0258126      0.0247521        151.292
       0.212323       0.128714       0.212827       0.132347              0     -0.0586495    -0.00604931     -0.0436021      0.0252439      0.0132296      0.0236921      0.0225711        142.339
       0.212683       0.128342       0.212827       0.131125              0     -0.0293244    -0.00172838     -0.0334038      0.0265614      0.0120922      0.0214505      0.0215664        144.473
       0.209807       0.127363         0.2116       0.129904     -0.0294396     -0.0293251     -0.0215221     -0.0304905      0.0240406      0.0113398      0.0216818       0.023097         136.17
       0.208108        0.12621       0.210373       0.128682     -0.0294406     -0.0293244     -0.0271782     -0.0296576       0.021225      0.0111126      0.0245123      0.0272946        133.158
       0.203768       0.119073        0.20792       0.125016     -0.0588795      -0.087974      -0.049822     -0.0713121      0.0174238      0.0115094       0.030077      0.0296111        109.002
       0.203755       0.120351       0.206693       0.123794     -0.0294396     -0.0293251     -0.0352631     -0.0413214       0.017901        0.01434      0.0291452       0.032114        121.513
       0.202875       0.119843       0.205467       0.122572     -0.0294406     -0.0293244     -0.0311042     -0.0327521      0.0223361      0.0146018      0.0350833      0.0358963         122.85
        0.19281        0.11289        0.20056       0.118907       -0.11776     -0.0879743      -0.093001     -0.0721965      0.0259359      0.0168925      0.0367098      0.0376425        91.7168
       0.192388        0.11422       0.198107       0.117685     -0.0588806     -0.0293248     -0.0686293     -0.0415739      0.0268255      0.0179931      0.0385747      0.0365376        100.732
       0.190515        0.11076       0.195653       0.115241     -0.0588791     -0.0586497     -0.0616649     -0.0537709      0.0270982       0.018762      0.0345006      0.0323324        94.5613
       0.185248       0.110994       0.191973       0.114019     -0.0883201     -0.0293248     -0.0807044     -0.0363094      0.0204936      0.0179195      0.0301638      0.0300426        91.0145
       0.184094       0.110187        0.18952       0.112797     -0.0588802     -0.0293248     -0.0651157     -0.0313204      0.0108822      0.0156654      0.0299211      0.0260386        92.8006
       0.170095        0.10315        0.18216       0.109132       -0.17664     -0.0879743      -0.144776     -0.0717875   -0.000121261      0.0151768      0.0221562      0.0189033        62.8536
       0.172755       0.104455       0.179707        0.10791     -0.0588802     -0.0293249     -0.0834219     -0.0414571    -0.00288942      0.0113171      0.0156503      0.0110502        77.0958
       0.171762       0.100988       0.177253       0.105466     -0.0588795      -0.058649     -0.0658916      -0.053737    -0.00140824     0.00770937     0.00645018     0.00387526        74.8359
       0.160789       0.098252        0.17112       0.103023        -0.1472     -0.0586497      -0.123969     -0.0572461    0.000587558     0.00334655     0.00130033     0.00069046        58.4426
        0.16221      0.0986921       0.168667       0.101801     -0.0588802     -0.0293248     -0.0774771     -0.0373023     4.0387e-05    0.000837195    8.05855e-05    0.000309467        68.8001
       0.160864      0.0949777       0.166213      0.0993569     -0.0588795     -0.0586495     -0.0641931     -0.0525503    0.000471686    0.000462878    0.000538826    -0.00187365        64.0529
       0.158727      0.0951383        0.16376      0.0981351     -0.0588802     -0.0293248     -0.0603982     -0.0359606   -0.000358368    0.000481117    -0.00428595    -0.00321808         67.901
       0.150406      0.0913441       0.158853      0.0956913       -0.11776     -0.0586497      -0.101371     -0.0521671    -0.00379613    -0.00110186    -0.00215008    -0.00109266        54.1189
       0.153461      0.0914819       0.157627      0.0944695     -0.0294406     -0.0293248     -0.0499921     -0.0358512    -0.00363233    -0.00110186   -3.55874e-05    -0.00432658        64.9535
       0.150478      0.0906485       0.155173      0.0932476     -0.0588791     -0.0293248       -0.05634     -0.0311895    -0.00150027   -0.000320804    -0.00861801     -0.0142931        60.7856
       0.147874       0.092505        0.15272      0.0932476     -0.0588806              0     -0.0581547    -0.00891127     0.00174329    -0.00307585     -0.0199681     -0.0233907        65.4296
       0.148356       0.090068       0.151493      0.0920257     -0.0294396     -0.0293248     -0.0376439     -0.0234923     0.00197158    -0.00902141     -0.0268131      -0.027705        66.0037
       0.144639      0.0914664        0.14904      0.0920257     -0.0588802              0     -0.0528127     -0.0067121     0.00287995     -0.0126089     -0.0285969     -0.0286172        64.4618
       0.144804      0.0918659       0.147813      0.0920257     -0.0294399              0     -0.0361179    -0.00191774     0.00335739     -0.0139954     -0.0286376     -0.0236676        68.4432
       0.143974      0.0949474       0.146587      0.0932476     -0.0294406      0.0293248     -0.0313484      0.0203983     0.00154385     -0.0139587     -0.0186979      -0.017027        75.5304
       0.142861      0.0937333        0.14536      0.0932476     -0.0294396              0     -0.0299849      0.0058281     0.00100527     -0.0102015     -0.0153562    -0.00980258        71.2438
       0.144646      0.0963537        0.14536      0.0944695              0      0.0293248    -0.00856713      0.0226114    0.000389909    -0.00793327    -0.00424893    -0.00627647        80.3208
       0.145156      0.0950078        0.14536      0.0944695              0              0    -0.00244775     0.00646041   -8.38291e-05    -0.00283421    -0.00830335     -0.0105147        77.0707
       0.145302      0.0946233        0.14536      0.0944695              0              0   -0.000699358     0.00184583   -4.62782e-05    -0.00410641     -0.0127261      -0.013802        77.6395
       0.145343      0.0974808        0.14536      0.0956913              0      0.0293248   -0.000199817      0.0214736     0.00051782    -0.00631739      -0.014878     -0.0179988        82.6558
       0.145355        0.09917        0.14536      0.0969132              0      0.0293249   -5.70897e-05      0.0270817     0.00294671    -0.00778819     -0.0211196     -0.0263758        86.6806
       0.148338       0.100525       0.146587      0.0981351      0.0294396      0.0293248       0.021012      0.0286839   -0.000690724     -0.0107395      -0.031632     -0.0304951        92.3557
       0.147087       0.098818       0.146587      0.0981351              0              0     0.00600341      0.0081954    -0.00681629     -0.0158793     -0.0293587     -0.0261573        83.8262
       0.149709       0.101298       0.147813      0.0993569      0.0294406      0.0293248      0.0227443      0.0232878     -0.0113827     -0.0159592      -0.022956     -0.0202859        93.3771
       0.154313       0.102879       0.150267       0.100579      0.0588795      0.0293248      0.0485551      0.0275999     -0.0136305     -0.0123021     -0.0176158     -0.0143363        103.875
       0.154402       0.101236       0.151493       0.100579      0.0294406              0      0.0349019     0.00788569     -0.0139597    -0.00915648     -0.0110567    -0.00930943        94.8622
       0.155303       0.100767        0.15272       0.100579      0.0294396              0      0.0310002     0.00225305     -0.0137841    -0.00597371    -0.00756215    -0.00723651         92.373
       0.162395         0.1036         0.1564       0.101801      0.0883201      0.0293248       0.071943        0.02159     -0.0137313    -0.00427414    -0.00691075    -0.00677102        113.345
       0.164071       0.105282       0.158853       0.103023      0.0588802      0.0293248      0.0626124      0.0271148     -0.0135418    -0.00397552    -0.00663128     -0.0102663        113.483
       0.166302       0.103668       0.161307       0.103023      0.0588795              0       0.059946     0.00774709      -0.010394    -0.00392045     -0.0139011     -0.0171346        109.241
       0.168692       0.106174        0.16376       0.104244      0.0588802      0.0293248      0.0591847      0.0231597     -0.0081661    -0.00712539     -0.0203682     -0.0262768        117.478
       0.180064       0.107763       0.169893       0.105466         0.1472      0.0293249       0.122053      0.0275634    -0.00421705     -0.0106984     -0.0321854     -0.0321173        146.492
       0.178757       0.112057       0.172347        0.10791      0.0588795       0.058649      0.0769291      0.0497674     -0.0011833     -0.0164908     -0.0320491     -0.0336894        141.311
       0.180136       0.112062         0.1748       0.109132      0.0588802      0.0293249       0.064037      0.0351656    0.000991677     -0.0172148     -0.0353296     -0.0377282        136.625
       0.179304       0.112937       0.176027       0.110354      0.0294396      0.0293248      0.0393246      0.0309936   -0.000607158      -0.017853     -0.0401268     -0.0388912        129.257
         0.1859       0.117026       0.179707       0.112797      0.0883201      0.0586495      0.0743214      0.0507478     0.00120971     -0.0201336     -0.0376557     -0.0326478        152.502
       0.190413       0.122908       0.183387       0.116463      0.0883201      0.0879745      0.0843205      0.0773383    -0.00511041     -0.0197306       -0.02764     -0.0219409        170.914
       0.191352       0.124239        0.18584       0.118907      0.0588802      0.0586495      0.0661489      0.0639892    -0.00646868     -0.0150409     -0.0162419     -0.0176194        164.334
       0.193373       0.126365       0.188293        0.12135      0.0588802      0.0586492       0.060957      0.0601749    -0.00716927    -0.00891091     -0.0189972     -0.0157464        165.839
       0.201661        0.13762         0.1932        0.12746        0.11776       0.146623        0.10153       0.121924    -0.00919726    -0.00909699     -0.0124955    -0.00873673        217.782
       0.198596       0.136298       0.194427       0.129904      0.0294399      0.0586495      0.0500372      0.0767279    -0.00898972    -0.00765325    -0.00497789    -0.00218825         183.74
       0.201576       0.137665        0.19688       0.132347      0.0588802      0.0586495      0.0563536      0.0638148    -0.00955525    -0.00370778    0.000601768      0.0073657        184.835
        0.20418       0.139801       0.199333       0.134791      0.0588802      0.0586495      0.0581583      0.0601253    -0.00665798   -4.65036e-05      0.0141301      0.0126128        189.187
       0.206676       0.142157       0.201787       0.137235      0.0588795      0.0586499      0.0586734      0.0590714    -0.00235918     0.00625693      0.0110955      0.0153713         194.04
         0.2151       0.150511       0.206693       0.142122       0.117761       0.117299       0.100879       0.100663    -0.00245478     0.00625514      0.0196471      0.0173016        239.616
       0.212074       0.147486        0.20792       0.143344      0.0294396      0.0293244      0.0498507      0.0497068    -0.00263527     0.00856625      0.0149555     0.00913811        198.457
       0.215065       0.147495       0.210373       0.144566      0.0588795      0.0293251      0.0562998      0.0351484    -0.00127711     0.00753545     0.00332069     0.00676489        198.408
       0.217672       0.151338       0.212827        0.14701      0.0588802      0.0586495       0.058143      0.0519349     0.00354299     0.00183915      0.0102091      0.0118594        211.464
       0.223148       0.154181       0.216507       0.149453      0.0883201      0.0586495      0.0796981      0.0567311     0.00145695     0.00457393      0.0135093      0.0171099        229.962
       0.224362       0.156739        0.21896       0.151897      0.0588802      0.0586499      0.0648282      0.0581017    6.78051e-05     0.00657819      0.0207105      0.0216718        229.529
       0.223483       0.156248       0.220187       0.153119      0.0294396      0.0293241      0.0395506      0.0375462   -3.43573e-05     0.00851725      0.0226336      0.0240488        213.654
       0.227086       0.154013        0.22264       0.153119      0.0588802              0      0.0533575      0.0107275   -3.43573e-05     0.00851725      0.0254641      0.0223699        209.871
       0.226889       0.159309       0.223867       0.155563      0.0294399      0.0586495      0.0362735      0.0449575   -3.43573e-05     0.00851725      0.0192752      0.0188026        221.377
       0.230688         0.1596        0.22632       0.156785      0.0588802      0.0293244      0.0524211       0.033791   -3.43573e-05     0.00851725      0.0183301      0.0164576         226.94
       0.230547       0.160557       0.227547       0.158006      0.0294396      0.0293255      0.0360057      0.0306014   -3.43573e-05     0.00851725       0.014585      0.0110688        221.944
       0.228404       0.161702       0.227547       0.159228              0      0.0293241      0.0102874       0.029689   -3.43573e-05     0.00851725     0.00755262     0.00708199        213.161
       0.230771       0.162903       0.228773        0.16045      0.0294399      0.0293255      0.0239678      0.0294293   -3.43573e-05     0.00851725     0.00661135     0.00462294        223.414
       0.229344       0.164118       0.228773       0.161672              0      0.0293244     0.00684793      0.0293544   -3.43573e-05     0.00851725     0.00263453     0.00416422        216.558
       0.228936       0.162371       0.228773       0.161672              0              0     0.00195655     0.00838697   -3.43573e-05     0.00851725     0.00569344     0.00766993        206.037
        0.22882       0.161872       0.228773       0.161672              0              0    0.000559015     0.00239628   -3.43573e-05     0.00851725     0.00964642     0.00742722        201.281
       0.228787       0.161729       0.228773       0.161672              0              0    0.000159719     0.00068465   -3.43573e-05     0.00851725     0.00520849     0.00256443        200.828
       0.228777       0.161688       0.228773       0.161672              0              0     4.5635e-05    0.000195609   -3.43573e-05     0.00851725   -8.00983e-05     0.00140715        200.626
       0.228774       0.161677       0.228773       0.161672              0              0    1.30398e-05    5.58854e-05   -3.43573e-05     0.00851725     0.00289345   -0.000838915        201.224
       0.228774       0.161673       0.228773       0.161672              0              0    3.72699e-06    1.59662e-05   -3.43573e-05     0.00851725    -0.00457137     -0.0045182        199.908
       0.228773       0.161672       0.228773       0.161672              0              0    1.06726e-06    4.56013e-06   -3.43573e-05     0.00851725    -0.00446478    -0.00477287        200.703
       0.228773       0.161672       0.228773       0.161672              0              0    3.06002e-07    1.30263e-06   -3.43573e-05     0.00851725    -0.00508096     -0.0054577        200.703
       0.228773       0.161672       0.228773       0.161672              0              0    8.94359e-08    3.72179e-07   -3.43573e-05     0.00851725    -0.00583443    -0.00693743        201.895
       0.228773       0.161672       0.228773       0.161672              0              0    2.61551e-08    1.06337e-07   -3.43573e-05     0.00851725    -0.00804044    -0.00655612        202.445
       0.228773       0.161672       0.228773       0.161672              0              0    7.33909e-09    3.03819e-08   -3.43573e-05     0.00851725    -0.00507195    -0.00316071         200.56
       0.228773       0.161672       0.228773       0.161672              0              0    1.02663e-09    8.41299e-09   -3.43573e-05     0.00851725    -0.00124947     0.00376272        200.475
       0.228773       0.161672       0.228773       0.161672              0              0    2.57615e-11    1.53414e-09   -3.43573e-05     0.00851725     0.00877428     0.00568962        200.329
       0.228773       0.161672       0.228773       0.161672              0              0    7.35989e-12   -1.03327e-09   -3.43573e-05     0.00851725     0.00260496     0.00463152        201.322
       0.228773       0.161672       0.228773       0.161672              0              0    1.35883e-10   -2.43572e-09   -3.43573e-05     0.00851725     0.00665808     0.00658655        201.145
       0.228773       0.161672       0.228773       0.161672              0              0    9.41845e-10   -3.90666e-09   -3.43573e-05     0.00851725     0.00651455     0.00587225        201.202
       0.228773       0.161672       0.228773       0.161672              0              0    5.36662e-10   -1.91888e-09   -3.43573e-05     0.00851725     0.00522995     0.00262403        199.442
       0.228773       0.161672       0.228773       0.161672              0              0    3.09651e-09   -2.15362e-09   -3.43573e-05     0.00851725    1.90735e-05    -0.00620633        199.519
       0.228773       0.161672       0.228773       0.161672              0              0    1.95497e-09   -1.15045e-09   -3.43573e-05     0.00851725     -0.0124307     -0.0187916         199.62
       0.228773       0.161672       0.228773       0.161672              0              0    1.62881e-09    -4.6248e-10   -3.43573e-05     0.00851725     -0.0251525     -0.0270824        200.054
       0.228773      0.0904547       0.228773       0.132347              0      -0.703794    8.46487e-09       -0.50271   -3.43573e-05     0.00851725     -0.0290124     -0.0303453        113.904
       0.228773       0.120378       0.228773       0.132347              0              0   -8.14818e-11      -0.143632   -3.43573e-05     0.00851725     -0.0316782      -0.030134        129.565
       0.228773       0.128927       0.228773       0.132347              0              0   -6.17984e-10     -0.0410376   -3.43573e-05     0.00851725       -0.02859      -0.027621         156.84
       0.228773        0.13137       0.228773       0.132347              0              0   -1.52387e-09      -0.011725   -3.43573e-05     0.00851725      -0.026652     -0.0239943        166.431
       0.228773       0.132068       0.228773       0.132347              0              0   -1.12791e-09       -0.00335   -3.43573e-05     0.00851725     -0.0213367      -0.016584        169.968
       0.228773       0.132268       0.228773       0.132347              0              0   -2.07043e-10   -0.000957144   -3.43573e-05     0.00851725     -0.0118316     -0.0092289        170.366
       0.228773       0.132324       0.228773       0.132347              0              0   -7.68117e-11    -0.00027347   -3.43573e-05     0.00851725    -0.00662622    -0.00573742        170.446
       0.228773       0.132341       0.228773       0.132347              0              0    1.83733e-09   -7.81337e-05   -3.43573e-05     0.00851725    -0.00484861    -0.00597971         169.48
       0.228773       0.132345       0.228773       0.132347              0              0    2.39612e-09   -2.23226e-05   -3.43573e-05     0.00851725    -0.00711081    -0.00385625        170.771
       0.228773       0.132347       0.228773       0.132347              0              0    1.82139e-09   -6.37627e-06   -3.43573e-05     0.00851725   -0.000601724    -0.00126965        171.062
       0.228773       0.132347       0.228773       0.132347              0              0    1.08878e-09   -1.82179e-06   -3.43573e-05     0.00851725    -0.00193747    -0.00193521        171.529
       0.228773       0.132347       0.228773       0.132347              0              0    4.44852e-10   -5.19976e-07   -3.43573e-05     0.00851725    -0.00193295    0.000149727        170.928
       0.228773       0.132347       0.228773       0.132347              0              0    3.94664e-10   -1.48765e-07   -3.43573e-05     0.00851725     0.00223207     0.00378275        170.609
       0.228773       0.132347       0.228773       0.132347              0              0   -1.54801e-10   -4.23371e-08   -3.43573e-05     0.00851725     0.00533295     0.00173426        169.571
       0.228773       0.132347       0.228773       0.132347              0              0    4.90894e-10   -1.24977e-08   -3.43573e-05     0.00851725    -0.00186417    -0.00260987        169.818
       0.228773       0.132347       0.228773       0.132347              0              0    7.33649e-11   -3.57076e-09   -3.43573e-05     0.00851725    -0.00335572    -0.00546788        170.974
       0.228773       0.132347       0.228773       0.132347              0              0    2.88524e-10   -7.52656e-10   -3.43573e-05     0.00851725    -0.00758001    -0.00645536        170.962
       0.228773       0.132347       0.228773       0.132347              0              0    7.51339e-10   -2.15045e-10   -3.43573e-05     0.00851725    -0.00533068    -0.00560422        169.782
       0.228773       0.132347       0.228773       0.132347              0              0     2.0876e-09    3.88948e-11   -3.43573e-05     0.00851725    -0.00587777    -0.00783725        170.516
       0.228773       0.132347       0.228773       0.132347              0              0    2.73695e-09     3.7901e-10   -3.43573e-05     0.00851725    -0.00979672     -0.0128082        173.379
       0.228773       0.132347       0.228773       0.132347              0              0    1.31711e-09    6.43412e-10   -3.43573e-05     0.00851725     -0.0158198     -0.0157992        169.791
       0.228773       0.132347       0.228773       0.132347              0              0    5.43545e-10    7.18956e-10   -3.43573e-05     0.00851725     -0.0157786     -0.0179463        169.516
       0.228773       0.132347       0.228773       0.132347              0              0    1.55299e-10     1.0081e-09   -3.43573e-05     0.00851725     -0.0201139     -0.0223533        169.627
       0.228773       0.132347       0.228773       0.132347              0              0    3.11933e-10    6.89372e-10   -3.43573e-05     0.00851725     -0.0245927     -0.0233932        170.383
       0.228773       0.132347       0.228773       0.132347              0              0   -4.45999e-10    3.97636e-10   -3.43573e-05     0.00851725     -0.0221938     -0.0237515        170.468
       0.228773       0.132347       0.228773       0.132347              0              0    1.40133e-10   -2.20841e-10   -3.43573e-05     0.00851725     -0.0253093     -0.0207168        171.891
       0.228773       0.132347       0.228773       0.132347              0              0    4.00384e-11    4.72025e-10   -3.43573e-05     0.00851725     -0.0161244     -0.0155744         171.38
       0.228773       0.132347       0.228773       0.132347              0              0    1.04824e-09    1.34866e-10   -3.43573e-05     0.00851725     -0.0150246     -0.0143056        170.258
       0.228773       0.132347       0.228773       0.132347              0              0    5.67061e-10   -2.29029e-10   -3.43573e-05     0.00851725     -0.0135866     -0.0143606        171.051
       0.228773       0.132347       0.228773       0.132347              0              0    4.29579e-10    3.35906e-10   -3.43573e-05     0.00851725     -0.0151346     -0.0166366        170.056
       0.228773       0.132347       0.228773       0.132347              0              0    2.79836e-09    1.46141e-10   -3.43573e-05     0.00851725     -0.0181386      -0.015702        169.936
       0.228773       0.132347       0.228773       0.132347              0              0    1.33465e-09    2.42426e-10   -3.43573e-05     0.00851725     -0.0132653     -0.0103448        169.161
       0.228773       0.132347       0.228773       0.132347              0              0    2.38804e-09    1.13951e-09   -3.43573e-05     0.00851725    -0.00742425    -0.00684421        169.778
       0.228773       0.132347       0.228773       0.132347              0              0    1.01675e-09    1.12826e-09   -3.43573e-05     0.00851725    -0.00626414    -0.00413436        170.814
       0.228773       0.132347       0.228773       0.132347              0              0     1.0263e-09    8.57484e-10   -3.43573e-05     0.00851725     -0.0020046    0.000479698        170.069
       0.228773       0.132347       0.228773       0.132347              0              0    2.56673e-11    1.18146e-09   -3.43573e-05     0.00851725     0.00296354     0.00244188        169.545
       0.228773       0.132347       0.228773       0.132347              0              0   -2.60229e-10    8.30879e-10   -3.43573e-05     0.00851725     0.00192022    0.000174046         170.05
       0.228773       0.132347       0.228773       0.132347              0              0     1.9321e-10   -3.01675e-11   -3.43573e-05     0.00851725    -0.00157242    -0.00283714        170.615
       0.228773       0.132347       0.228773       0.132347              0              0    1.88984e-10    -8.6193e-12   -3.43573e-05     0.00851725    -0.00410186    -0.00460537        171.021
       0.228773       0.132347       0.228773       0.132347              0              0    5.38952e-10   -1.07271e-09   -3.43573e-05     0.00851725    -0.00510892    -0.00407491        169.714
       0.228773       0.132347       0.228773       0.132347              0              0    9.56671e-10   -5.74051e-10   -3.43573e-05     0.00851725    -0.00304094    -0.00606157        170.769
       0.228773       0.132347       0.228773       0.132347              0              0    1.87871e-09   -4.31577e-10   -3.43573e-05     0.00851725    -0.00908223    -0.00914017        171.667
