       -0.03272     -0.0598199     -0.0815733     -0.0252733        0.58624      -0.414559        0.58624      -0.414559    4.57514e-05   -3.70744e-06   -1.17563e-06     0.00852966        44.4682
     -0.0718514     -0.0295054     -0.0815733     -0.0252733              0              0      0.0627512     -0.0337128    4.57514e-05   -3.70744e-06      0.0170588      0.0195966        68.0757
     -0.0747524     -0.0273693     -0.0815733     -0.0252733              0              0       0.109905     -0.0245191     -0.0150385     0.00504636      0.0221338      0.0226531        52.7506
     -0.0757358     -0.0274868     -0.0803467     -0.0252733      0.0294399              0      0.0345394     -0.0373184     -0.0245662      0.0106484      0.0231724      0.0296969         59.629
     -0.0727989     -0.0305005       -0.07912     -0.0264952      0.0294399     -0.0293248       0.100431     -0.0564009      -0.037213       0.010945       0.036221      0.0451941         49.295
     -0.0755127     -0.0292823       -0.07912     -0.0264952              0              0      0.0341965     -0.0358555     -0.0327407      0.0169948      0.0541677      0.0598288        54.1228
     -0.0675992     -0.0325371     -0.0766667      -0.027717      0.0588802     -0.0293248       0.147181     -0.0676205     -0.0331121      0.0259187      0.0654888      0.0701113        54.2812
      -0.068911     -0.0340036       -0.07544     -0.0289389      0.0294399     -0.0293248      0.0697085     -0.0600092     -0.0252599      0.0314757      0.0747337      0.0709977        57.1779
     -0.0675337     -0.0330096     -0.0742133     -0.0301608      0.0294401     -0.0293248      0.0947441    -0.00985153     -0.0377175      0.0353801      0.0672617      0.0346956        53.8405
      -0.067357      -0.036671     -0.0729867     -0.0313826      0.0294399     -0.0293248      0.0614485     -0.0963989     -0.0372199       0.031034     0.00213099    -0.00411247        47.2685
     -0.0596235     -0.0418146     -0.0693067     -0.0350482      0.0883198     -0.0879744       0.132021     -0.0723069     -0.0366677   -0.000494373     -0.0103566     -0.0230256        41.1728
     -0.0601088     -0.0395293     -0.0668533     -0.0362701      0.0588804     -0.0293249      0.0664507     -0.0425692     -0.0239458    -0.00931383     -0.0356947     -0.0418247        163.712
     -0.0601486     -0.0396989     -0.0656267      -0.037492      0.0294396     -0.0293243      0.0856306     -0.0316561      -0.015952     -0.0184952      -0.047955     -0.0434012        72.4565
     -0.0599857      -0.038982     -0.0631733     -0.0387138      0.0588804     -0.0293248      0.0129212      0.0111609     0.00732872     -0.0248071     -0.0388475     -0.0423617        66.2094
     -0.0548682     -0.0433388     -0.0594933     -0.0411576        0.08832     -0.0586496      0.0599964     -0.0271885      0.0151144     -0.0215551     -0.0458761      -0.042546        70.4712
      -0.051144     -0.0429822       -0.05704     -0.0423794      0.0588799     -0.0293248       0.106445     0.00206595      0.0451379     -0.0227782     -0.0392156     -0.0384984        82.4547
     -0.0577045     -0.0439566       -0.05704     -0.0436013              0     -0.0293249     -0.0264546    0.000640425      0.0545822     -0.0197325      -0.037781     -0.0366455         82.178
     -0.0550527     -0.0442284     -0.0558133     -0.0436013      0.0294402              0     0.00935187     -0.0259596      0.0238324     -0.0190414       -0.03551     -0.0139458         68.425
     -0.0435093      -0.047944     -0.0509067     -0.0448232        0.11776     -0.0293248      0.0841445     -0.0503264     0.00107334     -0.0176219     0.00761986      0.0394392        60.0272
     -0.0460777     -0.0479485       -0.04968     -0.0448232      0.0294401              0      0.0237605     -0.0459556     -0.0162264     0.00377415      0.0712581       0.102697        63.4864
     -0.0426333      -0.047559     -0.0472267      -0.046045      0.0588799     -0.0293248      0.0477624      0.0281139     -0.0249993      0.0362351       0.134136       0.111426        78.1843
     -0.0373647     -0.0518812     -0.0447733     -0.0472669      0.0588804     -0.0293246       0.118088     -0.0676976     -0.0070993      0.0657774      0.0887127      0.0644355        76.2769
     -0.0366847     -0.0593677       -0.04232     -0.0509325      0.0588799     -0.0879744      0.0598388      -0.101818      0.0175415      0.0366095      0.0401583      0.0113544        69.6447
     -0.0388031     -0.0539495       -0.04232     -0.0509325              0              0      0.0691079     -0.0384028      0.0172413      0.0107731     -0.0174491     -0.0421157        52.0496
     -0.0463453     -0.0572522     -0.0435467     -0.0521543     -0.0294402     -0.0293248     -0.0694654      -0.102792      0.0184465     -0.0173211     -0.0667823     -0.0507881        63.9677
     -0.0459347     -0.0529507     -0.0447733     -0.0521543     -0.0294397              0     0.00949048    -0.00344517     0.00050423     -0.0398624     -0.0347901     -0.0192381        51.4889
     -0.0484146     -0.0549014     -0.0472267     -0.0533762     -0.0588804     -0.0293249     0.00766744     -0.0205051      0.0103405     -0.0250503    -0.00368617      0.0143356        52.0783
     -0.0472192     -0.0529784     -0.0472267     -0.0533762              0              0     -0.0152972      0.0203281    -0.00139442    -0.00240482      0.0323577      0.0329156        47.3329
     -0.0489103     -0.0594763     -0.0484533     -0.0558199     -0.0294397     -0.0586494    -0.00574062     -0.0430978     -0.0271585      0.0153627      0.0334749      0.0292349        63.0918
     -0.0450796      -0.063511     -0.0484533     -0.0582637              0     -0.0586495      0.0627339       -0.06329     -0.0309203      0.0160786      0.0249949      0.0175524        55.5964
      -0.048852      -0.069618       -0.04968     -0.0619293     -0.0294402     -0.0879742     0.00187895     -0.0993605     -0.0251918      0.0106687      0.0101104     0.00765371        59.0856
     -0.0462215     -0.0672592       -0.04968     -0.0631511              0     -0.0293248      0.0640466     -0.0464457     -0.0279238     0.00292324     0.00519705   -0.000540939        41.3932
     -0.0491187     -0.0703906     -0.0509067     -0.0655949     -0.0294401     -0.0586495      0.0283463     -0.0605087     -0.0206288    0.000266421    -0.00627871    -0.00872458        47.9688
     -0.0484813     -0.0699192     -0.0509067     -0.0668167              0     -0.0293248      0.0326563     -0.0384998     -0.0221851    -0.00633396     -0.0111707     -0.0111542        41.1182
     -0.0478556     -0.0719489     -0.0509067     -0.0692604              0     -0.0586495       0.046998     -0.0150223     -0.0227934    -0.00877584     -0.0111376     -0.0248875        44.4606
     -0.0454527     -0.0734674       -0.04968     -0.0704823      0.0294401     -0.0293248      0.0515085     -0.0539976      -0.021454    -0.00902344      -0.038637     -0.0321262        39.0403
     -0.0468248     -0.0759464       -0.04968      -0.072926              0     -0.0586495       0.040519     -0.0245259     -0.0197544     -0.0212443     -0.0256138     -0.0260225         38.983
     -0.0454233     -0.0762315       -0.04968     -0.0741479              0     -0.0293248      0.0810163     -0.0296461     -0.0129879     -0.0175543     -0.0264314     -0.0191007        49.0561
     -0.0445826     -0.0795509     -0.0484533     -0.0765916      0.0294402     -0.0586494      0.0355404     -0.0263084       -0.00683     -0.0155581     -0.0117699     -0.0111428        44.1256
     -0.0422097     -0.0802916     -0.0472267     -0.0778135      0.0294397     -0.0293248      0.0719593     -0.0342908     -0.0180742     -0.0101013     -0.0105157    -0.00455227        40.9116
     -0.0399645     -0.0795996         -0.046     -0.0790354      0.0294402     -0.0293249      0.0847897       0.015957     -0.0179427    -0.00976182     0.00141144     -0.0128869        38.0025
     -0.0386141     -0.0819035     -0.0447733     -0.0802572      0.0294402     -0.0293248      0.0816282     -0.0281408     -0.0200103    -0.00474871     -0.0271854     -0.0311099        39.4038
     -0.0343419     -0.0833409       -0.04232     -0.0814791      0.0588799     -0.0293248       0.103741     -0.0247698     -0.0238828     -0.0169325     -0.0350351     -0.0327942        34.7394
     -0.0344389     -0.0811448     -0.0410933     -0.0814791      0.0294401              0      0.0853431     0.00594683     -0.0268636     -0.0225306     -0.0305539     -0.0263423        29.8876
      -0.030707     -0.0806501       -0.03864     -0.0814791      0.0588799              0       0.102439      0.0106293     -0.0268808     -0.0203625     -0.0221309     -0.0157669        25.7015
     -0.0278704     -0.0804842     -0.0361867     -0.0814791      0.0588799              0       0.110143      0.0163154     -0.0214812     -0.0144558    -0.00940281    -0.00554525         24.931
     -0.0258345     -0.0795678     -0.0337333     -0.0814791      0.0588803              0       0.101327      0.0394569     -0.0144232    -0.00827278    -0.00168763     -0.0119671        23.2867
     -0.0269723      -0.082982     -0.0325067      -0.082701      0.0294397     -0.0293246      0.0711337    -0.00173201    -0.00876799     -0.0046239     -0.0222465     -0.0312714        30.2257
     -0.0262998     -0.0818749       -0.03128      -0.082701      0.0294401              0      0.0700791      0.0112903    -0.00307348     -0.0135968     -0.0402963      -0.045501        35.7636
     -0.0249712     -0.0834179     -0.0300533      -0.082701      0.0294402              0      0.0744576     -0.0337009     0.00234494     -0.0236842      -0.050706      -0.028323         41.341
     -0.0157515     -0.0785986     -0.0251467     -0.0814791        0.11776      0.0293246       0.110946      0.0497702     0.00239084     -0.0280998    -0.00593742     0.00382757        27.6444
      -0.019104     -0.0768572       -0.02392     -0.0802572      0.0294401      0.0293248      0.0490308      0.0477671    -0.00899973    -0.00268711      0.0135913      0.0156674        32.7971
     -0.0119941     -0.0824482       -0.02024     -0.0814791        0.08832     -0.0293248       0.110253     -0.0121353     -0.0108184     0.00590335      0.0177436      0.0179167        33.4281
     -0.0149488     -0.0813825     -0.0190133     -0.0814791      0.0294401              0      0.0382166      0.0110833    -0.00153949     0.00749658      0.0180893     0.00697565        34.9819
    -0.00462135     -0.0846511     -0.0141067      -0.082701        0.11776     -0.0293246       0.132904     -0.0273421      0.0037956     0.00723063    -0.00413845     -0.0111703        33.4104
    -0.00794065     -0.0829602       -0.01288      -0.082701      0.0294401              0      0.0622217    -0.00125482      0.0187247    -0.00314928     -0.0182024     -0.0245247        33.5633
    -0.00510433     -0.0814177     -0.0104267      -0.082701      0.0588799              0      0.0686901       0.024012      0.0172655     -0.0109133     -0.0308471     -0.0407656        24.1471
    -0.00306665     -0.0806263    -0.00797335      -0.082701      0.0588799              0      0.0518176      0.0307295     0.00855241      -0.018438     -0.0506842     -0.0593374        23.0421
      0.0053233     -0.0810648    -0.00306667      -0.082701        0.11776              0      0.0953728       0.013007    -0.00216522     -0.0278014     -0.0679911     -0.0629269        21.5103
     0.00650054     -0.0797873   -0.000613346      -0.082701      0.0588799              0      0.0958553      0.0479709    -0.00302222     -0.0361115     -0.0578604     -0.0566324        19.1797
     0.00763149     -0.0778896    0.000613327     -0.0814791      0.0294402      0.0293246       0.115685       0.034965     0.00341353     -0.0324564      -0.055404     -0.0405234         27.513
      0.0103174     -0.0760629     0.00306665     -0.0814791      0.0588799              0      0.0852155       0.108413     0.00316141     -0.0294908     -0.0256435     -0.0442964        29.1699
      0.0166238     -0.0756463     0.00674665     -0.0802572        0.08832      0.0293248       0.125556      0.0437634     -0.0229451     -0.0161002     -0.0629503     -0.0651449        40.6446
      0.0200322     -0.0717897      0.0104267     -0.0790354        0.08832      0.0293248      0.0995125       0.121789     -0.0414367     -0.0350378     -0.0673398     -0.0901797        43.6336
      0.0211915      -0.072441        0.01288     -0.0790354      0.0588803              0       0.102263      0.0890576     -0.0504972     -0.0369704      -0.113019      -0.132016        39.1496
      0.0278524     -0.0693897      0.0153333     -0.0765916      0.0588799      0.0586497        0.21396      0.0652285     -0.0332418     -0.0584175      -0.151015      -0.142177        40.2801
      0.0329945     -0.0659996      0.0214667     -0.0741479         0.1472      0.0586494       0.092365      0.0969551    -0.00793948     -0.0774675      -0.133338      -0.109734          35.03
      0.0286388     -0.0583928      0.0226933     -0.0717042      0.0294401      0.0586495      0.0832164       0.222216     -0.0263148     -0.0693762     -0.0861275     -0.0978915        35.9943
      0.0347563     -0.0563698      0.0263733     -0.0680386        0.08832      0.0879741       0.114134       0.118644    -0.00639715     -0.0444521      -0.109653     -0.0951095        31.3016
       0.038138     -0.0590603        0.03128     -0.0668167        0.11776      0.0293249      0.0554616       0.102008      0.0186801     -0.0574317     -0.0805684     -0.0629528        30.2136
       0.048222     -0.0500476      0.0361867     -0.0619293        0.11776       0.117299       0.207724       0.154812      0.0279623      -0.046199     -0.0453374     -0.0336057        31.4459
      0.0476776      -0.051392      0.0398667     -0.0594855        0.08832      0.0586494      0.0773531      0.0937895      0.0515088     -0.0271673     -0.0218738    -0.00429432        10.1353
      0.0491823     -0.0520219      0.0435467     -0.0570418        0.08832      0.0586496      0.0511533      0.0491429      0.0250903     -0.0152962      0.0132852      0.0390363        13.0236
      0.0499782     -0.0497571      0.0447733     -0.0545981      0.0294401      0.0586496      0.0827241      0.0714968     0.00114665     0.00103127      0.0647869      0.0708566        18.2105
      0.0672114     -0.0413318        0.05336     -0.0497106        0.20608       0.117299       0.150911       0.116521    -0.00122073      0.0265404      0.0769248      0.0576439        35.1688
      0.0669188     -0.0440222        0.05704     -0.0472669        0.08832      0.0586496       0.114471      0.0184834     -0.0141862      0.0348403      0.0383658      0.0323472        24.8525
      0.0701711      -0.045115        0.06072      -0.046045        0.08832      0.0293246       0.120424      0.0056044    -0.00921598       0.011714      0.0263286      0.0218945        19.2341
       0.072656     -0.0371661         0.0644     -0.0423794        0.08832      0.0879744      0.0971241      0.0680279     0.00489828     0.00497447      0.0174603     0.00595093        9.92009
      0.0841581     -0.0288323        0.07176      -0.037492        0.17664       0.117299       0.148171        0.10662      0.0177903     0.00177978    -0.00555892     -0.0186644        14.5625
      0.0810189     -0.0313854      0.0742133     -0.0362701      0.0588804      0.0293243      0.0885445      0.0600214       0.029546    -0.00924016     -0.0317699      -0.042318        12.6501
      0.0844706     -0.0285404      0.0778933     -0.0338264        0.08832      0.0586496      0.0826679      0.0555752      0.0394878     -0.0226451     -0.0528657     -0.0503374        16.7564
      0.0926317     -0.0214779      0.0840267     -0.0301608         0.1472      0.0879744      0.0879025       0.115139      0.0383099     -0.0350255     -0.0478085     -0.0482523        23.6887
      0.0946501     -0.0174467      0.0877067     -0.0264952        0.08832      0.0879744      0.0857431       0.107406      0.0282947     -0.0333626     -0.0486961     -0.0421329        25.6092
      0.0958984      -0.017189      0.0913866     -0.0240514      0.0883196      0.0586496      0.0266531      0.0798901      0.0272414     -0.0324217     -0.0355704     -0.0213891        18.3723
      0.0976008     -0.0152119        0.09384     -0.0216077      0.0588802      0.0586491      0.0511076      0.0832075      0.0245945     -0.0261201    -0.00720793     0.00194263        13.5549
       0.100064     -0.0137172      0.0962933      -0.019164      0.0588804      0.0586496      0.0498253      0.0651449      0.0396598     -0.0117684      0.0110931      0.0191574        18.9612
       0.104468    -0.00917469      0.0999733     -0.0154984        0.08832      0.0879744      0.0473352      0.0757133      0.0461437    -0.00226761      0.0272217      0.0320325        14.9299
       0.105773    -0.00329494       0.102427     -0.0130547      0.0588793      0.0586496       0.021442       0.175584      0.0405311      0.0062735      0.0368433      0.0147991        15.6714
       0.104259     -0.0051102       0.103653     -0.0118328      0.0294406      0.0293248    -0.00671866      0.0245406      0.0341546     0.00966047    -0.00724694   -0.000971645        6.56516
       0.109104    -0.00584138       0.106107    -0.00938906      0.0588795      0.0586496      0.0468424      0.0350203      0.0309367    -0.00982322     0.00530624      0.0178533        9.47151
       0.111407     0.00393265        0.10856    -0.00450161      0.0588802       0.117299      0.0216297       0.114593      0.0319236    -0.00735248      0.0303998      0.0293427        10.6599
       0.111946     0.00318465       0.109787    -0.00205788      0.0294397      0.0586496      0.0304276      0.0571611      0.0254723     0.00732278       0.028285      0.0290399        8.30643
       0.112424    0.000778897       0.111013    -0.00083601      0.0294406      0.0293248     0.00814118     0.00940744      0.0241635     0.00780319      0.0297952      0.0353818        8.25585
       0.111202     0.00414057       0.111013     0.00160772              0      0.0586496     0.00415654      0.0266965      0.0173234      0.0078523      0.0409684      0.0446653        9.01528
       0.113643     0.00715877        0.11224     0.00405146      0.0294396      0.0586496        0.01273      0.0381125      0.0176011      0.0127795      0.0483623      0.0448356        10.7091
       0.115274     0.00936927       0.113467     0.00649517      0.0294397      0.0586491      0.0195156      0.0292502      0.0157945       0.016952      0.0413089      0.0370069         9.2794
       0.111311     0.00629489       0.113467     0.00649517              0              0     -0.0517452    -0.00480666      0.0158645      0.0143831      0.0327053       0.032362        6.74361
       0.114411     0.00790451       0.114693     0.00771704      0.0294406      0.0293248      0.0097299     0.00365152      0.0183136      0.0096011      0.0320187      0.0297379        8.65398
       0.113884      0.0126986       0.114693      0.0101608              0      0.0586496     -0.0198137        0.03221      0.0257418       0.008965      0.0274572      0.0215559         7.5341
       0.113598      0.0132651       0.114693      0.0113826              0      0.0293248     -0.0109926      0.0207496      0.0295678     0.00604831      0.0156541     0.00955009         9.0908
       0.113305      0.0144087       0.114693      0.0126045              0      0.0293248     -0.0177875      0.0194366      0.0368988   -0.000394237      0.0034461    -0.00120823        11.4102
       0.113949      0.0161179       0.114693      0.0138264              0      0.0293248   -0.000716511      0.0283009      0.0377797    -0.00641764    -0.00586235     -0.0105849        13.5172
       0.112893      0.0168398       0.114693      0.0150482              0      0.0293248     -0.0361657      0.0109616      0.0351073     -0.0109645     -0.0153074    -0.00847912         5.0407
       0.110107      0.0185756       0.113467      0.0162701     -0.0294406      0.0293248     -0.0477463      0.0288209      0.0204305     -0.0151653     -0.0016506     0.00441217        5.72273
       0.112767      0.0206423       0.113467       0.017492              0      0.0293248    -0.00152337      0.0477288      0.0169961    -0.00969828      0.0104742     0.00635815        6.18993
       0.112819      0.0181602       0.113467       0.017492              0              0     -0.0138379     0.00413835      0.0201323    -0.00153137     0.00224304     0.00131989         5.9127
       0.109629      0.0170554        0.11224       0.017492     -0.0294397              0     -0.0371217     -0.0112671      0.0180903    -0.00418021    0.000396729     0.00487661        5.93236
       0.105562      0.0204754       0.109787      0.0187138     -0.0588802      0.0293248     -0.0459167      0.0261076      0.0183989    -0.00596572     0.00935698     0.00818205        4.68806
       0.108676      0.0189399       0.109787      0.0187138              0              0    -0.00886044     0.00029722      0.0241599    -0.00274218     0.00700665      0.0071373        2.66354
        0.10567      0.0216269        0.10856      0.0199357     -0.0294397      0.0293248     -0.0429589      0.0216625      0.0250871    -0.00260104     0.00726795     0.00515985        3.08598
       0.102114      0.0195195       0.106107      0.0199357     -0.0588802              0     -0.0401047     -0.0147043       0.019783    -0.00277091     0.00305176     0.00935364        2.34891
       0.104671      0.0196304       0.106107      0.0199357              0              0     -0.0233707   -0.000420662      0.0185829    -0.00392867       0.015655      0.0168819        3.05515
       0.102647      0.0198063        0.10488      0.0199357     -0.0294397              0      -0.028326     0.00191467      0.0118692     0.00219308      0.0181079      0.0137625        2.53516
       0.101734      0.0196478       0.103653      0.0199357     -0.0294397              0     -0.0187229    -0.00346136      0.0111193     0.00381314     0.00941658     0.00386858        2.77718
      0.0972999      0.0194208         0.1012      0.0199357     -0.0588802              0     -0.0476801     -0.0102348      0.0128339     0.00042187    -0.00167967    -0.00332197        1.42938
       0.100271      0.0169122         0.1012      0.0187138              0     -0.0293248     -0.0102136     -0.0203244      0.0130744    -0.00553001    -0.00496424    -0.00712769        2.19833
      0.0984218      0.0209675      0.0999733      0.0199357     -0.0294397      0.0293248     -0.0146363     0.00756308      0.0131714    -0.00728489     -0.0092911    -0.00585765          3.832
      0.0938216        0.01761        0.09752      0.0187138     -0.0588804     -0.0293248     -0.0446481    -0.00944238      0.0132891    -0.00951232    -0.00242405    -0.00211471        2.21488
      0.0936143      0.0185058      0.0962933      0.0187138     -0.0294396              0     -0.0336607    -0.00292136      0.0115863    -0.00738705    -0.00180536   -0.000860983        2.21551
      0.0961816      0.0181645      0.0962933      0.0187138              0              0    -0.00268258     -0.0131836      0.0103744    -0.00660778    8.39233e-05     0.00197697         2.8856
      0.0941327      0.0166865      0.0950666       0.017492     -0.0294406     -0.0293248    -0.00847953    -0.00224289       0.010792      -0.005659     0.00387001      0.0015254        2.19191
      0.0923087       0.017095        0.09384       0.017492     -0.0294397              0     -0.0162891    -0.00675796      0.0110425     -0.0038221   -0.000819366    -0.00191508        2.84328
      0.0905167      0.0170438      0.0926133       0.017492     -0.0294397              0     -0.0281479    -0.00872148      0.0107395    -0.00483681    -0.00301081    -0.00101953        3.26976
      0.0922745      0.0178395      0.0926133       0.017492              0              0    -0.00360501      0.0106777     0.00785563     -0.0062889    0.000971794    -0.00285186        3.81546
        0.09029      0.0208364      0.0913866      0.0187138     -0.0294405      0.0293248    -0.00744858      0.0262945     0.00805292    -0.00564052    -0.00667516     -0.0104016        5.89296
      0.0912438      0.0163437      0.0913866       0.017492              0     -0.0293248    -0.00379297     -0.0173707      0.0106985    -0.00824202     -0.0141281     -0.0127204        5.86954
      0.0884778       0.019658        0.09016      0.0187138     -0.0294397      0.0293248      -0.020671     0.00309418       0.010676     -0.0120689      -0.011313   -0.000910429        7.47704
       0.087172       0.020015      0.0889333      0.0187138     -0.0294397              0     -0.0162783      0.0301949      0.0115419     -0.0116516     0.00949287     0.00550699        2.89206
      0.0884433      0.0188129      0.0889333      0.0187138              0              0    -0.00738366    -0.00473089      0.0146885    -0.00170935     0.00152159     0.00269556        3.05588
      0.0894309      0.0219042      0.0889333      0.0199357              0      0.0293248      0.0135303       0.028487      0.0142638    -0.00491227     0.00386906    0.000146389        4.00249
      0.0828921      0.0204151        0.08648      0.0199357     -0.0588802              0     -0.0502312     0.00336213      0.0141701    -0.00511469    -0.00357686    -0.00462666        2.87448
       0.086041      0.0197498        0.08648      0.0199357              0              0      0.0005108    -0.00675045      0.0086411    -0.00791694    -0.00567643    -0.00187291        3.84492
      0.0866863      0.0199032        0.08648      0.0199357              0              0     0.00148602    0.000605803     0.00907407    -0.00901736     0.00193071     0.00457144        4.90425
      0.0838518      0.0198645      0.0852533      0.0199357     -0.0294397              0     -0.0166506   -0.000539665     0.00885758    -0.00634409     0.00721216     0.00860071        2.80827
      0.0848373      0.0229464      0.0852533      0.0211576              0      0.0293244     -0.0079122      0.0246782      0.0089973    -0.00346006     0.00998926     0.00710583        3.38129
      0.0823492      0.0210823      0.0840267      0.0211576     -0.0294401              0     -0.0172978    -0.00680704      0.0112589    -0.00176872     0.00422239      0.0061388        2.53483
      0.0839242       0.021127      0.0840267      0.0211576              0              0     0.00458734     0.00304324      0.0171361    -0.00339485     0.00805473      0.0058732        2.54103
      0.0807042      0.0207667         0.0828      0.0211576     -0.0294403              0     -0.0288637    -0.00855445      0.0200064     -0.0028937      0.0036912     0.00451469        1.99835
       0.082416      0.0208595         0.0828      0.0211576              0              0   -0.000563848    -0.00338067      0.0172435    -0.00381387     0.00533772     0.00529718        1.59707
      0.0801621      0.0205782      0.0815733      0.0211576     -0.0294396              0     -0.0138944     -0.0114099      0.0158914    -0.00378526     0.00525665     0.00858068        2.17787
      0.0813953      0.0204459      0.0815733      0.0211576              0              0    -0.00458342      -0.011344      0.0116067    -0.00378121      0.0119042      0.0161672        2.80915
      0.0790238      0.0178816      0.0803467      0.0199357     -0.0294403     -0.0293244     -0.0158557     -0.0204171     0.00418053   -0.000887048      0.0204296      0.0181131        3.33087
       0.081032      0.0186806      0.0803467      0.0199357              0              0      0.0148637     -0.0190058     0.00287673     0.00359606      0.0157967      0.0150127        2.63667
      0.0815871      0.0159418      0.0803467      0.0187138              0     -0.0293248      0.0194617     -0.0357888     0.00386712     0.00244473      0.0142288      0.0138688        3.77879
      0.0817077      0.0173236      0.0803467      0.0187138              0              0      0.0197363     -0.0190546     0.00366423        0.00124      0.0135093      0.0135136        3.58945
      0.0787481      0.0176128        0.07912      0.0187138     -0.0294401              0    -0.00248396     -0.0169992     0.00139222    0.000798213      0.0135179      0.0151496        3.89838
      0.0795556      0.0151877        0.07912       0.017492              0     -0.0293248     0.00188112     -0.0251053    -0.00102463    0.000669229      0.0167813      0.0137782        3.86703
       0.080394      0.0163905        0.07912       0.017492              0              0      0.0231404     -0.0152288   -9.75382e-05     0.00089227      0.0107746     0.00820923        2.98141
      0.0799932      0.0169002        0.07912       0.017492              0              0      0.0103106    -0.00742083     0.00771925    -0.00159694     0.00564337     0.00260973        1.94395
      0.0797688      0.0171995        0.07912       0.017492              0              0       0.010668    -0.00412134      0.0107836    -0.00426794   -0.000424442     -0.0028529        2.16835
      0.0796149      0.0143382        0.07912      0.0162701              0     -0.0293248     0.00866858     -0.0250974      0.0146237    -0.00719906    -0.00528139    -0.00529216        1.63204
       0.076214      0.0159015      0.0778933      0.0162701     -0.0294397              0     -0.0215642    -0.00318697      0.0164047     -0.0095755    -0.00530288    -0.00572688        3.44254
      0.0773202      0.0134589      0.0778933      0.0150482              0     -0.0293248     -0.0073849     -0.0179761      0.0164081    -0.00976576    -0.00615088    -0.00675535        1.77958
      0.0779388      0.0145002      0.0778933      0.0150482              0              0     0.00382313    -0.00997273       0.016485    -0.00978829    -0.00735985    -0.00392539        2.94262
      0.0778694      0.0118611      0.0778933      0.0138264              0     -0.0293248    -0.00154894     -0.0245317      0.0171717     -0.0101298   -0.000490782     0.00388002        1.80462
      0.0779793      0.0133595      0.0778933      0.0138264              0              0     0.00159506    -0.00304821      0.0162021    -0.00816644     0.00825071     0.00921631         2.6323
       0.075501      0.0134577      0.0766667      0.0138264     -0.0294401              0     -0.0089462    -0.00529944      0.0150172     -0.0036688      0.0101824      0.0106297        1.84607
      0.0765704      0.0132955      0.0766667      0.0138264              0              0    -0.00295919    -0.00814474       0.013734    -0.00240875      0.0110769      0.0116453        2.68911
      0.0771043      0.0133201      0.0766667      0.0138264              0              0     0.00645174     -0.0064253     0.00906358    -0.00209404      0.0122137      0.0114713        2.10992
      0.0773532      0.0163319      0.0766667      0.0150482              0      0.0293248     0.00949507      0.0150825     0.00751445    -0.00135769      0.0107288     0.00884962        3.32348
      0.0774959      0.0152546      0.0766667      0.0150482              0              0      0.0125503     0.00321076     0.00753138    -0.00142707     0.00697041     0.00349903        1.61876
      0.0771577      0.0149437      0.0766667      0.0150482              0              0     0.00425466    -0.00241511     0.00802431     -0.0027851    2.90871e-05    -0.00239234        1.86793
       0.077444       0.015032      0.0766667      0.0150482              0              0      0.0150167   -0.000386613     0.00928531    -0.00642587    -0.00481304    -0.00644381         2.2635
       0.076917      0.0149636      0.0766667      0.0150482              0              0    0.000312557     -0.0037977      0.0134474     -0.0090561    -0.00807444    -0.00608435        2.49656
       0.076748      0.0153138      0.0766667      0.0150482              0              0     0.00112831     0.00571623      0.0139333     -0.0105002    -0.00409397    -0.00386572        2.57175
      0.0767924      0.0154459      0.0766667      0.0150482              0              0     0.00346605     0.00678519      0.0163042    -0.00923396    -0.00363743    -0.00476576         3.8569
      0.0769719      0.0184714      0.0766667      0.0162701              0      0.0293248     0.00785664      0.0285657      0.0187313     -0.0087576    -0.00589411    -0.00821612         5.6997
      0.0771239      0.0167464      0.0766667      0.0162701              0              0     0.00897667    0.000837889      0.0189514    -0.00896407     -0.0105382    -0.00704973        4.30463
      0.0768227       0.016409      0.0766667      0.0162701              0              0    -0.00195774     0.00100502      0.0158099     -0.0107679    -0.00356138     0.00104237        3.98232
      0.0769884      0.0163329      0.0766667      0.0162701              0              0     0.00273665     0.00151547     0.00867865     -0.0087576     0.00564575     0.00879765        3.93915
      0.0777954      0.0157147      0.0766667      0.0162701              0              0      0.0211281     -0.0111847     0.00680027    -0.00403906      0.0119495      0.0176592        3.69229
      0.0807585       0.015627      0.0778933      0.0162701      0.0294401              0      0.0365356    -0.00708575     0.00838861    0.000429976      0.0233693      0.0254226        3.87163
      0.0790661      0.0157777      0.0778933      0.0162701              0              0       0.011302    -0.00236447     0.00722442     0.00622843      0.0274763      0.0226107        4.21063
      0.0790252        0.01253      0.0778933      0.0150482              0     -0.0293248      0.0183112     -0.0323018     0.00552389     0.00817155       0.017745      0.0124545        2.29909
      0.0787137      0.0104908      0.0778933      0.0138264              0     -0.0293248      0.0104219     -0.0462661     0.00773618     0.00439166       0.007164      0.0065608        1.51366
        0.08148     0.00996374        0.07912      0.0126045      0.0294397     -0.0293248       0.029959     -0.0272386     0.00984976    -0.00138224      0.0059576     0.00053215        1.92355
        0.08009     0.00897606        0.07912      0.0113826              0     -0.0293248      0.0134065     -0.0289088      0.0125321    -0.00234343    -0.00489375    -0.00965212        1.93689
      0.0794627      0.0103505        0.07912      0.0113826              0              0     0.00395944     -0.0192616      0.0151928    -0.00859798     -0.0144105     -0.0110205        4.25576
      0.0822671      0.0117743      0.0803467      0.0113826      0.0294401              0      0.0240521      0.0117371      0.0159873     -0.0132653    -0.00763068    -0.00963014         5.1453
      0.0810111      0.0120319      0.0803467      0.0113826              0              0     0.00947074      0.0093955      0.0170592     -0.0113386     -0.0116296     -0.0135612        5.30416
      0.0801659      0.0117988      0.0803467      0.0113826              0              0    -0.00712198     0.00333547      0.0173267     -0.0115372     -0.0154929     -0.0137992         3.5138
      0.0802338      0.0121554      0.0803467      0.0113826              0              0   -0.000269442      0.0135956       0.016814     -0.0133287     -0.0121054      -0.012756        3.31902
      0.0803176      0.0147638      0.0803467      0.0126045              0      0.0293248     0.00113556      0.0232808      0.0183666     -0.0130201     -0.0134066     -0.0099259        4.36694
      0.0769928      0.0166419        0.07912      0.0138264     -0.0294401      0.0293248     -0.0283918      0.0370955      0.0197661     -0.0126374      -0.006445    -0.00510061        5.14267
      0.0783196        0.01787        0.07912      0.0150482              0      0.0293248    -0.00898589      0.0346923      0.0197248    -0.00872685    -0.00375627     -0.0026734        4.76529
      0.0757152       0.019209      0.0778933      0.0162701     -0.0294397      0.0293248     -0.0264986      0.0388849      0.0197966    -0.00728489    -0.00159055    -0.00357272        4.57422
      0.0739283      0.0201685      0.0766667       0.017492     -0.0294401      0.0293248     -0.0354326      0.0311212      0.0197676    -0.00643207    -0.00555491    -0.00588817        4.62719
      0.0732393      0.0209003        0.07544      0.0187138     -0.0294401      0.0293248      -0.020159      0.0209284      0.0194881    -0.00729109    -0.00622152   -0.000948834        3.90341
       0.071735      0.0219535      0.0742133      0.0199357     -0.0294397      0.0293248     -0.0328077      0.0212214      0.0193807    -0.00779213     0.00432396       0.011735        3.71159
      0.0708945      0.0202064      0.0729867      0.0199357     -0.0294401              0     -0.0222325     0.00378987      0.0119683    -0.00248064       0.019146      0.0235648        3.65737
      0.0703769      0.0220692        0.07176      0.0211576     -0.0294403      0.0293244    -0.00995366     0.00674606     0.00971839     0.00496839      0.0279841      0.0325909        4.83894
       0.068979      0.0200837      0.0705333      0.0211576     -0.0294396              0     -0.0206535     -0.0182659     0.00642202     0.00954186      0.0371981      0.0416331        6.94754
      0.0686784      0.0227496      0.0693067      0.0223794     -0.0294403      0.0293248     0.00214307     0.00549325   -0.000622297      0.0136937      0.0460682      0.0437369        7.90799
      0.0694406       0.021254      0.0693067      0.0223794              0              0    -0.00883396     -0.0159068     -0.0018616      0.0178436      0.0414052      0.0354052        6.61302
      0.0679683      0.0204969        0.06808      0.0223794     -0.0294401              0      0.0108919     -0.0303519    -0.00607314      0.0166819      0.0294051      0.0266728        4.01494
      0.0654505      0.0211183      0.0668533      0.0223794     -0.0294397              0     -0.0223401     -0.0136993      0.0039197     0.00924944      0.0239401      0.0166669        3.45652
      0.0672257      0.0217758      0.0668533      0.0223794              0              0      0.0126579    -0.00570695      0.0060092     0.00658213     0.00939369   -0.000427508         5.0664
      0.0647683      0.0207416      0.0656267      0.0223794     -0.0294401              0    -0.00249507     -0.0377729      0.0154657   -0.000459683     -0.0102485    -0.00244157         10.526
      0.0624201      0.0229533         0.0644      0.0223794     -0.0294401              0     -0.0258376      0.0239376      0.0179779     -0.0099969      0.0053668    -0.00290583        6.46307
      0.0637854      0.0223682         0.0644      0.0223794              0              0    -0.00953377    -0.00801246      0.0138447    -0.00419451     -0.0111789     -0.0108004        4.52764
      0.0612785       0.019388      0.0631733      0.0211576     -0.0294397     -0.0293248     -0.0245868     -0.0223876      0.0109114    -0.00910534      -0.010422    -0.00760028        3.84373
      0.0599534      0.0209354      0.0619467      0.0211576     -0.0294401              0     -0.0213775    -0.00110345      0.0109743      -0.010226    -0.00477877    -0.00276136        5.86537
      0.0590952      0.0210484        0.06072      0.0211576     -0.0294402              0      -0.011983    -0.00310448      0.0142452    -0.00805999   -0.000743989     0.00299358        6.12184
      0.0568263      0.0212257      0.0594933      0.0211576     -0.0294397              0     -0.0408583     0.00337226      0.0157673    -0.00527443     0.00673056     0.00723839         6.3635
      0.0590576      0.0206815      0.0594933      0.0211576              0              0   -0.000414673     -0.0102761      0.0119903    -0.00184037     0.00774527      0.0113769        3.26228
      0.0570759      0.0210443      0.0582667      0.0211576     -0.0294402              0    -0.00808725     0.00355898      0.0141685   -0.000975263      0.0150084      0.0122643        5.53639
      0.0575531      0.0207085      0.0582667      0.0211576              0              0     -0.0170869    -0.00824693      0.0145417     0.00203978     0.00951958     0.00805855        2.82896
      0.0526896      0.0207645      0.0558133      0.0211576     -0.0588799              0     -0.0307526    -0.00470496      0.0101357    0.000121224     0.00659704     0.00426817        5.18873
      0.0556575      0.0201074      0.0558133      0.0211576              0              0     0.00312039     -0.0226104       0.013514    -0.00152518      0.0019393     0.00845289        3.04243
      0.0531714      0.0237725      0.0545867      0.0223794     -0.0294401      0.0293248     -0.0177171      0.0215105      0.0133521    -0.00379778      0.0149674      0.0151691        4.19381
      0.0488406      0.0221342      0.0521333      0.0223794     -0.0588799              0     -0.0376694    -0.00766925     0.00889156     0.00105797      0.0153699      0.0178161        5.34398
      0.0493529      0.0219373      0.0509067      0.0223794     -0.0294402              0     -0.0119208    -0.00323103     0.00626347     0.00232803      0.0202618      0.0181813        3.45236
      0.0484225      0.0240888        0.04968      0.0236013     -0.0294397      0.0293248     -0.0135546    -0.00300556     0.00577912      0.0039296      0.0161009      0.0199022          4.628
      0.0478137      0.0228897      0.0484533      0.0236013     -0.0294402              0     0.00035676     -0.0104011     0.00176892     0.00329541      0.0237026      0.0260973        4.44685
      0.0465782      0.0255147      0.0472267      0.0248232     -0.0294402      0.0293248    -0.00550385     0.00633875      0.0007802     0.00680314       0.028492      0.0289001        6.56385
      0.0452096      0.0240175          0.046      0.0248232     -0.0294397              0    -0.00851678     -0.0127532    -0.00312593     0.00930654      0.0293078      0.0286055        8.00477
      0.0477321      0.0236843          0.046      0.0248232              0              0      0.0328409     -0.0153367    -0.00391212     0.00965642      0.0279031      0.0251083        4.14783
      0.0475014      0.0238319          0.046      0.0248232              0              0      0.0157626     -0.0120874    -0.00126317     0.00946211      0.0223136      0.0167017        4.60838
      0.0452007      0.0236203      0.0447733      0.0248232     -0.0294402              0       0.016584     -0.0205713    -0.00205066     0.00719784      0.0110903     0.00955963        3.35631
      0.0460109      0.0242958      0.0447733      0.0248232              0              0      0.0157147    -0.00392236     0.00143466    0.000475156     0.00802898     0.00325155        3.73709
      0.0458839      0.0271487      0.0447733       0.026045              0      0.0293248      0.0130454     0.00767656     0.00064752   -0.000739825    -0.00152652    -0.00105709        5.59779
      0.0460814      0.0266301      0.0447733       0.026045              0              0      0.0208963      0.0115701     0.00134776    -0.00518645   -0.000587447    -0.00417162        6.22222
      0.0462163      0.0291762      0.0447733      0.0272669              0      0.0293248      0.0247055      0.0203865     0.00724003    -0.00560571    -0.00775617    -0.00804756        9.63653
       0.045059      0.0278643      0.0447733      0.0272669              0              0    -0.00363676     0.00613561      0.0111073    -0.00799848    -0.00833903    -0.00655203        7.64574
      0.0489084      0.0296172          0.046      0.0284887      0.0294402      0.0293248      0.0478602     0.00253761       0.010625    -0.00868787    -0.00476499     0.00758457        8.72019
      0.0441679      0.0288895      0.0447733      0.0284887     -0.0294402              0    -0.00909695       0.011176      0.0169383    -0.00711311      0.0199332      0.0239434        6.62793
      0.0450648      0.0308961      0.0447733      0.0297106              0      0.0293248     0.00581562      0.0112828      0.0132532     0.00490319      0.0279531      0.0309696        6.55111
      0.0457672      0.0287597      0.0447733      0.0297106              0              0      0.0171158     -0.0170875      0.0107565     0.00983428      0.0339861      0.0376892        7.70696
      0.0425864      0.0282315      0.0435467      0.0297106     -0.0294401              0     -0.0140943     -0.0195432     0.00848601      0.0119921      0.0413923      0.0412569        9.18424
      0.0442504      0.0273391      0.0435467      0.0297106              0              0      0.0132187      -0.039292     0.00424025      0.0153935      0.0411215      0.0453243        8.50556
      0.0420712       0.024727        0.04232      0.0284887     -0.0294397     -0.0293248     0.00408079     -0.0448376     0.00447855      0.0158415      0.0495272      0.0471625        11.1932
      0.0426981      0.0255117        0.04232      0.0284887              0              0    0.000204399     -0.0447898     0.00519631      0.0195372      0.0447984      0.0445676        8.53276
      0.0438906      0.0261927        0.04232      0.0284887              0              0      0.0307879     -0.0290984     0.00385842       0.017584      0.0443363      0.0399365        6.90995
      0.0436075      0.0230944        0.04232      0.0272669              0     -0.0293248      0.0155533     -0.0593143     0.00705597      0.0169705      0.0355363      0.0347004        7.70668
      0.0399071      0.0216068      0.0410933       0.026045     -0.0294401     -0.0293248     -0.0195051     -0.0584257     0.00551007      0.0127079      0.0338645      0.0331354        7.26895
      0.0418371      0.0213349      0.0410933      0.0248232              0     -0.0293248      0.0185507     -0.0363059      0.0052118      0.0113008      0.0324068      0.0226326        7.14402
      0.0419221      0.0226523      0.0410933      0.0248232              0              0      0.0119937     -0.0350658      0.0115847      0.0107936      0.0128579     0.00943518        4.02059
      0.0413412      0.0205244      0.0410933      0.0236013              0     -0.0293248      6.442e-05     -0.0400591      0.0132071   -0.000371587     0.00601292     0.00460148        4.45396
      0.0420958      0.0193435      0.0410933      0.0223794              0     -0.0293248      0.0226031     -0.0390738      0.0132311    -0.00321485     0.00318956     0.00374794        6.26988
      0.0411758       0.018268      0.0410933      0.0211576              0     -0.0293248    -0.00665332     -0.0361477      0.0149969    -0.00432326     0.00430679     0.00562477        4.51394
      0.0416606      0.0203723      0.0410933      0.0211576              0              0      0.0125689    -0.00680954      0.0111209    -0.00417198     0.00694275     0.00498581        3.85527
      0.0417863      0.0207029      0.0410933      0.0211576              0              0      0.0104608    -0.00751931      0.0124352    -0.00309206     0.00302839     0.00254345        4.36945
      0.0413597      0.0209319      0.0410933      0.0211576              0              0    -0.00016136    -0.00252202      0.0121641    -0.00380374     0.00205851     0.00113106        4.70236
      0.0384459       0.023753      0.0398667      0.0223794     -0.0294402      0.0293248     -0.0163137      0.0131137      0.0108789    -0.00432123    0.000203609     0.00230265        7.27534
      0.0398459      0.0260054      0.0398667      0.0236013              0      0.0293248     0.00272738      0.0337125      0.0128767    -0.00545443     0.00440216     0.00150728        7.08157
      0.0401736      0.0270434      0.0398667      0.0248232              0      0.0293248      0.0063868      0.0231309      0.0161966     -0.0045277     -0.0013871   -0.000911059        8.01146
      0.0401272      0.0311733      0.0398667      0.0272669              0      0.0586496     0.00400473      0.0450099      0.0173218    -0.00608243   -0.000435061      0.0017972        10.2404
      0.0378146      0.0278139        0.03864      0.0272669     -0.0294397              0    -0.00142267    0.000763409      0.0169466    -0.00624586     0.00402975      0.0110044         9.7929
      0.0387328      0.0291754        0.03864      0.0284887              0      0.0293248    -0.00204847    -0.00144501      0.0145826    -0.00453402      0.0179791      0.0312762        7.36079
      0.0397168       0.030586        0.03864      0.0297106              0      0.0293248      0.0184351     0.00984761     0.00453672     0.00539004      0.0445733      0.0526986        8.62119
      0.0431855      0.0314488      0.0398667      0.0309325      0.0294397      0.0293248      0.0436466     0.00398826     0.00263808      0.0193695       0.060823      0.0631375        12.1094
      0.0423202      0.0305572      0.0398667      0.0309325              0              0      0.0348041     0.00819011   -0.000816847      0.0273769      0.0654531      0.0484014        13.5415
      0.0414548      0.0283816      0.0398667      0.0309325              0              0      0.0152696     -0.0497267    -0.00315538      0.0287595      0.0313492      0.0269985        5.32803
      0.0418675      0.0288562      0.0398667      0.0309325              0              0      0.0325621     -0.0274051    -0.00499251      0.0131887      0.0226483      0.0175877        3.95147
      0.0410649      0.0324869      0.0398667      0.0321544              0      0.0293248      0.0114867    0.000334868     0.00126252     0.00719188       0.012527     0.00906134        7.73156
      0.0418223      0.0317653      0.0398667      0.0321544              0              0      0.0397251    -0.00676288     0.00650737      0.0020846     0.00559568     0.00329304        9.26245
      0.0403596      0.0317352      0.0398667      0.0321544              0              0    -0.00216469     -0.0071448      0.0156975    -0.00106729    0.000990868     0.00046587        8.75888
      0.0407544      0.0291057      0.0398667      0.0309325              0     -0.0293248      0.0194142     -0.0207334      0.0127641    -0.00334753   -5.91208e-05      -0.001662        7.24845
      0.0441425      0.0265286      0.0410933      0.0297106      0.0294402     -0.0293248      0.0444983     -0.0499963      0.0152985     -0.0038426    -0.00326505     0.00629091        6.64138
      0.0392468      0.0292149      0.0398667      0.0297106     -0.0294402              0     -0.0124282     0.00440782      0.0133965    -0.00501884      0.0158472      0.0140233        6.95457
      0.0431658      0.0293443      0.0410933      0.0297106      0.0294402              0      0.0241737    -0.00602241     0.00515053     0.00256931      0.0121989      0.0102167        6.56077
      0.0430438      0.0259646      0.0410933      0.0284887              0     -0.0293248      0.0325861     -0.0349779     0.00416694     0.00195788     0.00823402     0.00941372        3.25278
      0.0456514      0.0246741        0.04232      0.0272669      0.0294401     -0.0293248      0.0429084     -0.0285347     0.00767801    0.000125277      0.0105934     0.00804043        3.22726
       0.044264      0.0229902        0.04232       0.026045              0     -0.0293248      0.0268056     -0.0419444     0.00763879    0.000221479     0.00548792     0.00697994        2.92326
      0.0468486      0.0243999      0.0435467       0.026045      0.0294397              0      0.0425578     -0.0253582     0.00662992    -0.00132896     0.00847197      0.0139308        3.60112
      0.0456718      0.0223437      0.0435467      0.0248232              0     -0.0293248      0.0306137     -0.0272209     0.00571117   -0.000813615      0.0193896      0.0200467        2.49111
      0.0481288      0.0235242      0.0447733      0.0248232      0.0294401              0      0.0425935     -0.0175045     0.00572655     0.00408708      0.0207038      0.0203657        2.51392
       0.049203      0.0237583          0.046      0.0248232      0.0294402              0      0.0356217     -0.0145789     0.00529704     0.00556182      0.0200281      0.0186338        2.22207
      0.0478589      0.0241069          0.046      0.0248232              0              0      0.0287515    -0.00753533     0.00572321     0.00553297      0.0172396      0.0126681        3.04631
      0.0504265      0.0239457      0.0472267      0.0248232      0.0294397              0      0.0448183     -0.0151893      0.0122664     0.00401555     0.00809669     0.00667191        3.60293
      0.0486044      0.0214162      0.0472267      0.0236013              0     -0.0293248      0.0176761     -0.0252357      0.0155626    -0.00030638     0.00524664     0.00223541        4.23353
      0.0477895      0.0227173      0.0472267      0.0236013              0              0     0.00488742     -0.0133209       0.014668    -0.00208975    -0.00077639    -0.00122536        5.48628
      0.0507373      0.0228705      0.0484533      0.0236013      0.0294402              0       0.028927     -0.0140556       0.012979    -0.00471593    -0.00167434     0.00289917        3.96501
      0.0496439      0.0233679      0.0484533      0.0236013              0              0      0.0178392   -0.000680387      0.0140884    -0.00482644     0.00747204     0.00914383        5.27816
      0.0494187      0.0266269      0.0484533      0.0248232              0      0.0293248      0.0159921      0.0252389      0.0156274   -0.000572217      0.0108156     0.00783396        5.23064
      0.0489499      0.0254062      0.0484533      0.0248232              0              0      0.0041101      0.0090232       0.015677     0.00149547     0.00485229   -0.000617667        4.18975
      0.0459347      0.0239973      0.0472267      0.0248232     -0.0294402              0     -0.0154147     -0.0226081       0.013417   -0.000402343    -0.00608727     0.00079155        7.90624
      0.0475905      0.0248036      0.0472267      0.0248232              0              0     0.00947199     0.00629401      0.0131101    -0.00586332      0.0076704     0.00762129        6.41478
       0.047784      0.0254218      0.0472267      0.0248232              0              0     0.00717645      0.0147586      0.0138343   -0.000860584     0.00757122   -0.000351268        7.45265
      0.0477455      0.0239576      0.0472267      0.0248232              0              0      0.0065689     -0.0251351      0.0135427   -0.000680697    -0.00827329    -0.00168671        7.56796
      0.0449324      0.0246448          0.046      0.0248232     -0.0294397              0    -0.00998882      0.0025186       0.013439    -0.00868787     0.00490046     0.00661898        9.81497
      0.0469665        0.02489          0.046      0.0248232              0              0      0.0231087     0.00279004      0.0137747    -0.00421501     0.00833797     0.00718975        6.17651
      0.0463071      0.0275832          0.046       0.026045              0      0.0293248    -0.00478262      0.0172745      0.0137901    -0.00129033     0.00604153     0.00515223         8.0903
      0.0466618      0.0228258          0.046      0.0248232              0     -0.0293248     0.00996304     -0.0304731     0.00685665    -0.00163366      0.0042634     0.00871038        4.88118
        0.04698      0.0267841          0.046       0.026045              0      0.0293248      0.0151163     0.00819803     0.00745449    -0.00283028      0.0131569      0.0164733        5.21779
      0.0475111      0.0256502          0.046       0.026045              0              0      0.0282359    -0.00701976       0.012609     0.00148331      0.0197902      0.0226302         5.2871
      0.0437986      0.0255662      0.0447733       0.026045     -0.0294402              0     -0.0150097    -0.00287583      0.0152764     0.00521396      0.0254707      0.0223556        8.52446
      0.0446444      0.0247418      0.0447733       0.026045              0              0    -0.00451771     -0.0239524      0.0116445     0.00784217      0.0192399      0.0210514        4.57309
      0.0420373      0.0248766      0.0435467       0.026045     -0.0294401              0     -0.0178597     -0.0149645      0.0112556      0.0060321      0.0228624      0.0225096         7.5257
      0.0440222       0.024055      0.0435467       0.026045              0              0       0.016238     -0.0368755      0.0161338     0.00636123      0.0221572      0.0306602        13.1845
      0.0367039      0.0231996      0.0410933      0.0248232     -0.0588799     -0.0293248     -0.0676048      0.0014856      0.0227605     0.00654756      0.0391636       0.023684        19.3202
       0.041065      0.0241309      0.0410933      0.0248232              0              0      0.0215202     -0.0104021      0.0196497      0.0164631     0.00820351     -0.0063653        13.5807
      0.0384013      0.0229572      0.0398667      0.0248232     -0.0294402              0     -0.0186087     -0.0435368      0.0274462     0.00317477     -0.0209338     -0.0138472        17.1615
      0.0396912      0.0214702      0.0398667      0.0236013              0     -0.0293248    -0.00306472     -0.0217221      0.0178451     -0.0128564    -0.00675999    -0.00221217        7.55778
      0.0377631      0.0267293        0.03864      0.0248232     -0.0294397      0.0293248    -0.00830079      0.0304995     0.00725183     -0.0071211     0.00233603   -0.000289022        9.87422
      0.0392651      0.0241043        0.03864      0.0248232              0              0     0.00575972     -0.0261352     0.00128636   -0.000658047    -0.00291347      0.0107994        10.5984
      0.0408418      0.0245755        0.03864      0.0248232              0              0      0.0397984     0.00496705    -0.00103488    -0.00230659      0.0245118      0.0279231         10.138
      0.0400321      0.0241049        0.03864      0.0248232              0              0      0.0108299     -0.0105725     0.00198517      0.0113069      0.0313349      0.0323434        6.38771
      0.0380254      0.0240602      0.0374133      0.0248232     -0.0294402              0      0.0227774    -0.00578694   -0.000419642       0.014146      0.0333519      0.0271606        5.73055
      0.0412915      0.0239015        0.03864      0.0248232      0.0294402              0      0.0276457     -0.0125552     0.00528834      0.0146817      0.0209689       0.013309        4.95397
      0.0410587      0.0261187        0.03864       0.026045              0      0.0293248      0.0422215     -0.0116208     0.00418923     0.00923704     0.00564861     0.00849247        6.10825
      0.0394385       0.026041        0.03864       0.026045              0              0   -0.000754101     0.00575756     0.00726209     0.00161217      0.0113363     0.00743151        6.17142
      0.0403681      0.0264503        0.03864       0.026045              0              0      0.0356873      0.0102239     0.00501904     0.00298475     0.00352669    -0.00566801        6.28705
       0.042795      0.0284865      0.0398667      0.0272669      0.0294397      0.0293248      0.0348914     0.00381558      0.0152131   -0.000253212     -0.0148621      -0.012262        9.17935
      0.0384242      0.0247554        0.03864       0.026045     -0.0294397     -0.0293248    0.000690348     -0.0147304      0.0137663    -0.00894965    -0.00966261    -0.00646838        9.18299
      0.0421835      0.0263894      0.0398667       0.026045      0.0294397              0      0.0291357      0.0105996      0.0132719    -0.00821759    -0.00327418    -0.00552286        8.43783
      0.0414332      0.0286957      0.0398667      0.0272669              0      0.0293248      0.0238228     0.00871716        0.01212    -0.00432123    -0.00777155    -0.00132795        10.4976
      0.0415458       0.024941      0.0398667       0.026045              0     -0.0293248      0.0276071    -0.00844959      0.0120567    -0.00496973     0.00511456     0.00655174         4.8452
      0.0410382      0.0286099      0.0398667      0.0272669              0      0.0293248      0.0121677      0.0156687      0.0107767   -0.000551593     0.00798893     0.00878048        8.46289
      0.0413454       0.024392      0.0398667       0.026045              0     -0.0293248      0.0225499     -0.0207344     0.00451825     0.00173711     0.00957203     0.00991297         3.9769
       0.044475      0.0250408      0.0410933       0.026045      0.0294402              0      0.0444509      -0.015261     0.00469873     0.00239359      0.0102539      0.0121484        4.37714
      0.0432141      0.0255098      0.0410933       0.026045              0              0      0.0292108    -0.00487142     0.00493393     0.00264107      0.0140433      0.0127001        4.21881
      0.0428083      0.0249472      0.0410933       0.026045              0              0      0.0245722      -0.021253     0.00628886     0.00452064      0.0113573      0.0158076        6.30425
      0.0426166      0.0226641      0.0410933      0.0248232              0     -0.0293248      0.0221131      -0.020183     0.00784347     0.00436519      0.0202579      0.0169005        4.28853
      0.0449418      0.0233735        0.04232      0.0248232      0.0294401              0      0.0289564     -0.0240925     0.00944898     0.00733899      0.0135427      0.0144119        4.41688
      0.0435292      0.0232032        0.04232      0.0248232              0              0      0.0161784     -0.0276869      0.0107547     0.00455545      0.0152812      0.0215511         6.4875
      0.0428741      0.0249684        0.04232      0.0248232              0              0     0.00762553      0.0178478      0.0169295     0.00436722      0.0278215       0.016099        12.2785
      0.0417846      0.0241622        0.04232      0.0248232              0              0     -0.0128747     -0.0163637      0.0230244     0.00976895     0.00437593   -0.000353801        12.2083
      0.0439549      0.0238732        0.04232      0.0248232              0              0      0.0491395     -0.0181479      0.0275771     0.00054251    -0.00508328    -0.00317588        14.2681
      0.0396886      0.0229927      0.0410933      0.0248232     -0.0294401              0     -0.0244246     -0.0397008      0.0353906    -0.00573446    -0.00126853      0.0167069        18.5832
      0.0406232       0.027607      0.0410933       0.026045              0      0.0293248     -0.0116009      0.0333104      0.0163432    -0.00403906      0.0346823      0.0353146        16.1911
      0.0420421      0.0246848      0.0410933       0.026045              0              0      0.0147061     -0.0323226     0.00172791      0.0160521      0.0359497      0.0461879        15.5232
      0.0410797      0.0249283      0.0398667       0.026045     -0.0294402              0      0.0332496    -0.00369411     0.00059781      0.0159455      0.0564265      0.0511909         15.191
      0.0408472      0.0205307      0.0398667      0.0248232              0     -0.0293248    -0.00173182     -0.0663712    0.000360941      0.0240266      0.0459557      0.0477281        11.7688
      0.0417134      0.0221973      0.0398667      0.0248232              0              0      0.0289598     -0.0296504    -0.00983157      0.0207624      0.0495009      0.0433669        8.25861
      0.0422821       0.022637      0.0398667      0.0248232              0              0      0.0390264     -0.0312513    -0.00249889      0.0204167      0.0372329      0.0307975        6.45563
      0.0379248       0.019924        0.03864      0.0236013     -0.0294397     -0.0293248     -0.0145457     -0.0494474     0.00762877      0.0156449      0.0243616      0.0193858        7.27688
      0.0402751      0.0199471        0.03864      0.0236013              0              0      0.0414187     -0.0676173      0.0139146     0.00748216      0.0144105      0.0287771        11.6575
      0.0386981      0.0227976        0.03864      0.0236013              0              0     -0.0119906     0.00894971      0.0254483     0.00307046      0.0431433      0.0355177        11.5299
      0.0388117      0.0217347        0.03864      0.0236013              0              0     0.00551439      -0.037155      0.0190296      0.0153627      0.0278916      0.0297847        10.9653
       0.038803      0.0157343        0.03864      0.0211576              0     -0.0586496     0.00203817     -0.0690037      0.0215825      0.0113866      0.0316782      0.0329504        15.2703
       0.038514      0.0179242        0.03864      0.0211576              0              0    -0.00276252     -0.0480278      0.0235462       0.010262      0.0342226       0.039268         12.369
      0.0382833      0.0190174        0.03864      0.0211576              0              0     -0.0057724     -0.0259189      0.0257023      0.0119409      0.0443134      0.0438924        19.2071
      0.0371595       0.018992      0.0374133      0.0199357     -0.0294402     -0.0293244      0.0198471      0.0184119       0.027632      0.0170932      0.0434713       0.011425        26.9903
      0.0357872      0.0162678      0.0374133      0.0199357              0              0     -0.0472701     -0.0910096      0.0303163      0.0169641     -0.0206194    -0.00890463        17.8567
      0.0346924       0.015438      0.0361867      0.0187138     -0.0294401     -0.0293248    -0.00618293     -0.0333207      0.0130369     -0.0132041     0.00281286     0.00886536        8.17802
      0.0363187      0.0204039      0.0361867      0.0199357              0      0.0293248     0.00168684      0.0026881      0.0181262    -0.00639929      0.0149174      0.0216727        6.41912
        0.03717      0.0227001      0.0361867      0.0211576              0      0.0293244      0.0195255      0.0217022      0.0189376     0.00403784      0.0284276      0.0286999        6.38221
      0.0344457      0.0177754        0.03496      0.0199357     -0.0294397     -0.0293244    -0.00192852     -0.0288966      0.0185693     0.00988935      0.0289717      0.0281343        9.64717
       0.035315      0.0179768        0.03496      0.0199357              0              0    0.000761292     -0.0305286      0.0121333      0.0105442      0.0272975      0.0291505        8.13825
      0.0366081      0.0181696        0.03496      0.0199357              0              0      0.0298141     -0.0250786     0.00645432     0.00970756       0.031004      0.0323453        6.55046
      0.0362294       0.018369        0.03496      0.0199357              0              0       0.011782     -0.0209313     0.00673733       0.010219      0.0336871      0.0324955        6.98508
      0.0367355       0.021383        0.03496      0.0211576              0      0.0293244      0.0296803    0.000134857     0.00513337      0.0113356      0.0313029      0.0283861        5.37685
      0.0359308      0.0231166        0.03496      0.0223794              0      0.0293248     0.00675897     0.00508583     0.00831911      0.0111657      0.0254688      0.0225434        4.30012
      0.0363312      0.0220949        0.03496      0.0223794              0              0      0.0258808    -0.00170686     0.00987003     0.00872968      0.0196185      0.0126352         4.5891
      0.0359167      0.0218131        0.03496      0.0223794              0              0       0.013356    -0.00941939      0.0193771      0.0040419     0.00565243    0.000285149        6.20857
      0.0331366      0.0276471      0.0337333      0.0248232     -0.0294401      0.0586496     0.00123104      0.0288104      0.0198868    -0.00333132    -0.00508271     -0.0051923          14.62
      0.0343615      0.0289083      0.0337333       0.026045              0      0.0293248      0.0113795      0.0380201      0.0202703    -0.00856127    -0.00530192    -0.00802496        14.3666
      0.0343888      0.0295424      0.0337333      0.0272669              0      0.0293248     0.00501939      0.0204265       0.015251    -0.00904597      -0.010748     -0.0057592         13.519
      0.0349942      0.0310314      0.0337333      0.0284887              0      0.0293248      0.0190135       0.032625     0.00765083     -0.0103302   -0.000771322     0.00240803        13.6832
      0.0388244      0.0323213        0.03496      0.0297106      0.0294401      0.0293248      0.0564518      0.0330678     0.00653097    -0.00695146     0.00558758      0.0064621        12.9927
        0.03751      0.0334928        0.03496      0.0309325              0      0.0293248      0.0338356      0.0329759     0.00629089    -0.00301446     0.00733614     0.00523376        14.2715
      0.0344325      0.0312018      0.0337333      0.0309325     -0.0294401              0      0.0150492    -0.00158023      0.0023639    -0.00244571     0.00313139     0.00495529        11.6125
      0.0351967      0.0338816      0.0337333      0.0321544              0      0.0293248      0.0169763      0.0225041    0.000309919    -0.00340499     0.00677919     0.00611019        14.2837
      0.0360896       0.034888      0.0337333      0.0333762              0      0.0293248      0.0388929      0.0107266     -0.0012125    -0.00289561     0.00544119      0.0107574         13.395
      0.0367236      0.0336644      0.0337333      0.0333762              0              0      0.0494294     0.00702119     0.00245056    -0.00286294      0.0160737      0.0161328        8.57165
      0.0358723      0.0356936      0.0337333      0.0345981              0      0.0293248      0.0241065     0.00813757     0.00333688     0.00169407      0.0161915      0.0186276        11.0224
      0.0356013      0.0346597      0.0337333      0.0345981              0              0      0.0235776     0.00456197    -0.00207784     0.00260817      0.0210633      0.0173221        8.97423
      0.0397295      0.0311717        0.03496      0.0333762      0.0294401     -0.0293248      0.0747727     -0.0283296    -0.00113895     0.00471507      0.0135813     0.00978279        8.66327
      0.0410512      0.0293875      0.0361867      0.0321544      0.0294397     -0.0293248      0.0626607     -0.0346158     0.00488124     0.00228297     0.00598478     0.00264978        6.87094
      0.0387695      0.0309683      0.0361867      0.0321544              0              0       0.029973     -0.0177136     0.00208554    -0.00179518   -0.000685385   -0.000829684         8.2657
      0.0396389      0.0315973      0.0361867      0.0321544              0              0      0.0610028    -0.00842893    -0.00114408    -0.00517429   -0.000973727    0.000564098        9.54451
        0.04079      0.0284427      0.0374133      0.0309325      0.0294401     -0.0293248      0.0282849     -0.0363693      0.0015882     -0.0055504     0.00210142     0.00922251        10.1149
      0.0403771      0.0278835      0.0374133      0.0297106              0     -0.0293248      0.0499596     -0.0096194    -0.00298991    -0.00345815      0.0163431      0.0104294        7.05693
       0.042898      0.0288737        0.03864      0.0297106      0.0294402              0      0.0574476     -0.0142952      0.0081738     0.00410544     0.00451517     0.00180435         6.1712
      0.0405972      0.0264858        0.03864      0.0284887              0     -0.0293248      0.0217804     -0.0226233      0.0105095    6.57916e-05   -0.000907004    -0.00479543        5.37343
      0.0400029      0.0250359        0.03864      0.0272669              0     -0.0293248      0.0198043     -0.0275551      0.0110425    -0.00381602    -0.00868395     -0.0107456        6.56553
      0.0423219      0.0269903      0.0398667      0.0272669      0.0294397              0       0.028742    -0.00177496      0.0165378    -0.00736882     -0.0128072     -0.0145735        8.88238
       0.040918       0.027831      0.0398667      0.0272669              0              0      0.0168543      0.0098178       0.021903    -0.00947739     -0.0163399     -0.0187528        11.4603
       0.040189      0.0283732      0.0398667      0.0272669              0              0     0.00522132      0.0182742      0.0280938     -0.0110831     -0.0211657     -0.0253482         15.638
      0.0401177      0.0285909      0.0398667      0.0272669              0              0     0.00725931       0.019125      0.0300727     -0.0141428     -0.0295305     -0.0328154        16.5466
      0.0371515      0.0286315        0.03864      0.0272669     -0.0294397              0     -0.0159357      0.0176586      0.0299296     -0.0181352     -0.0361003      -0.035783        20.0204
      0.0378457      0.0314982        0.03864      0.0284887              0      0.0293248     -0.0172207      0.0358263      0.0249235     -0.0215509     -0.0354654     -0.0300303        21.2496
      0.0391396      0.0325444        0.03864      0.0297106              0      0.0293248      0.0127927      0.0281392      0.0225509     -0.0218024     -0.0245951     -0.0106039         17.423
       0.039858      0.0350446        0.03864      0.0309325              0      0.0293248      0.0212111      0.0667868      0.0225509     -0.0218024     0.00338745     0.00126362        12.6361
      0.0367701      0.0346469      0.0374133      0.0321544     -0.0294402      0.0293248    -0.00737045      0.0199368      0.0225509     -0.0218024   -0.000859808     0.00614977        10.8973
      0.0385698      0.0355601      0.0374133      0.0333762              0      0.0293248      0.0206624      0.0275539      0.0225526     -0.0218024      0.0131588      0.0172343        10.3741
      0.0396542       0.036542      0.0374133      0.0345981              0      0.0293248      0.0365892      0.0228514      0.0225509     -0.0218024      0.0213099      0.0230622        10.1009
      0.0364746      0.0399539      0.0361867      0.0370418     -0.0294401      0.0586492     0.00232099      0.0284997      0.0225526     -0.0218024      0.0248146      0.0290923        11.8301
      0.0354781      0.0393691        0.03496      0.0382637     -0.0294397      0.0293248      0.0162807     0.00591379      0.0225526     -0.0218024        0.03337      0.0399108        10.6626
      0.0371838      0.0406964        0.03496      0.0394855              0      0.0293248      0.0323652      0.0181497      0.0225526     -0.0218024      0.0464511      0.0438423        9.59672
      0.0344588      0.0410671      0.0337333      0.0407074     -0.0294401      0.0293249      0.0128421    -0.00464527      0.0225526     -0.0218024       0.041234      0.0412426        8.50564
      0.0313178      0.0455663        0.03128      0.0431511     -0.0588799      0.0586495      0.0245437      0.0300202      0.0225526     -0.0218024      0.0412507       0.035316        18.8948
      0.0309648       0.048177      0.0300533      0.0455949     -0.0294402      0.0586496      0.0193414      0.0219608      0.0225526     -0.0218024      0.0293818      0.0276599        16.9291
      0.0311094      0.0473574      0.0300533      0.0468167              0      0.0293248    -0.00254399    -0.00619995      0.0225526     -0.0218024      0.0259376      0.0321145        19.5538
      0.0294889      0.0518358      0.0288267      0.0492604     -0.0294401      0.0586492      0.0169082      0.0319404      0.0225526     -0.0218024      0.0382915      0.0387597        18.6444
      0.0257902      0.0556772      0.0263733      0.0517042     -0.0588799      0.0586496       0.010434      0.0559666      0.0225526     -0.0218024       0.039228      0.0277357         18.744
      0.0243564       0.054091      0.0251467       0.052926     -0.0294401      0.0293248    -0.00843799    -0.00097074      0.0225526     -0.0218024       0.016243      0.0159273        17.4923
      0.0204266      0.0574655      0.0226933      0.0553698     -0.0588799      0.0586496     -0.0154675      0.0135885      0.0225526     -0.0218024      0.0156112      0.0236311        25.7423
      0.0224928      0.0585815      0.0226933      0.0565916              0      0.0293248     -0.0056865      0.0297987      0.0225526     -0.0218024       0.031651      0.0302873        16.3841
      0.0138603      0.0655217      0.0190133      0.0602572       -0.08832      0.0879744     -0.0653594      0.0640981      0.0225526     -0.0218024       0.028924      0.0230408           29.3
      0.0175773      0.0641217      0.0177867       0.062701     -0.0294401      0.0586496      0.0244164     -0.0245515      0.0225526     -0.0218024       0.017158      0.0209064        23.4985
      0.0172253      0.0647569        0.01656      0.0651447     -0.0294397       0.058649      0.0139197     -0.0188232      0.0225526     -0.0218024      0.0246549      0.0368629        29.6098
      0.0136038      0.0685446      0.0141067      0.0675884     -0.0588803      0.0586497      0.0154704   -0.000715328      0.0225526     -0.0218024      0.0490708      0.0670595        39.2466
     0.00858345      0.0788937      0.0116533      0.0724759     -0.0588799       0.117299     -0.0528694      0.0951948      0.0225526     -0.0218024      0.0850487      0.0823512        42.5079
     0.00974354      0.0801331      0.0104267      0.0749196     -0.0294402      0.0586497     0.00188845      0.0757794      0.0225526     -0.0218024      0.0796514      0.0573997        34.3627
      0.0100835      0.0779407         0.0092      0.0773633     -0.0294397      0.0586492      0.0179492     -0.0327275      0.0225526     -0.0218024      0.0351453      0.0423675        27.8092
     0.00601954      0.0846354     0.00674665      0.0810289     -0.0588803      0.0879743    -0.00620195       0.047543      0.0225526     -0.0218024      0.0495901      0.0475011        34.2631
     0.00130734      0.0944267     0.00306665      0.0871383       -0.08832       0.146624    0.000534289      0.0720163      0.0225526     -0.0218024      0.0454106      0.0508885         46.726
     0.00268434      0.0963574        0.00184      0.0908039     -0.0294397      0.0879743      0.0226046      0.0640917      0.0225526     -0.0218024      0.0563664      0.0570593        38.0447
    -0.00193233      0.0957283   -0.000613346      0.0932476     -0.0588803      0.0586492      -0.016583      0.0160492      0.0225526     -0.0218024      0.0577517      0.0630937        36.3594
    -0.00438322        0.10292    -0.00306667      0.0981351     -0.0588799       0.117299    -0.00484053      0.0460659      0.0225526     -0.0218024      0.0684357      0.0750046        44.6859
    -0.00684433       0.114927       -0.00552       0.105466     -0.0588799       0.175949    -0.00562472       0.112182      0.0225526     -0.0218024      0.0815735      0.0799456        61.9053
    -0.00445459       0.111241    -0.00797335       0.109132     -0.0588803       0.087974       0.143331     -0.0373474      0.0225526     -0.0218024      0.0783172      0.0841203        49.4699
    -0.00923537        0.11856     -0.0104267       0.114019     -0.0588799       0.117299     -0.0500847       0.085158      0.0225526     -0.0218024      0.0899229      0.0823836        52.3319
     -0.0118681       0.125021     -0.0116533       0.118907     -0.0294397       0.117299      0.0141752       0.057895      0.0225526     -0.0218024      0.0748429      0.0718098        49.2559
     -0.0201802       0.137445       -0.01656        0.12746       -0.11776       0.205273     -0.0307072       0.104411      0.0225526     -0.0218024      0.0687766      0.0709095        86.5577
     -0.0176702       0.135712     -0.0177867       0.131125     -0.0294401      0.0879747      0.0204517      0.0344951      0.0225526     -0.0218024      0.0730414      0.0829968         64.978
     -0.0230632       0.142841       -0.02024       0.136013     -0.0588799       0.117299     -0.0476114      0.0960055      0.0225526     -0.0218024      0.0929513      0.0827084        70.1553
      -0.025212       0.146852     -0.0226933         0.1409     -0.0588799       0.117299     -0.0193007      0.0554788      0.0225526     -0.0218024      0.0724664      0.0664158        67.1438
     -0.0315862       0.163369        -0.0276       0.150675       -0.11776       0.234597     -0.0175901       0.142771      0.0225526     -0.0218024      0.0603652      0.0546455        159.996
     -0.0272757       0.153924     -0.0288267       0.155563     -0.0294402       0.117299      0.0666647      -0.156638      0.0225526     -0.0218024      0.0489259      0.0716114         83.242
     -0.0355608       0.160911     -0.0325067       0.159228       -0.08832       0.087974      -0.072317       0.101234      0.0225526     -0.0218024      0.0942979      0.0839524        155.522
     -0.0395398       0.177393       -0.03496       0.164116     -0.0588799       0.117299     -0.0572123       0.170973      0.0225526     -0.0218024       0.073607      0.0795355        257.671
     -0.0473738       0.198322     -0.0398667       0.173891       -0.11776       0.234598     -0.0900854       0.293177      0.0225526     -0.0218024      0.0854635      0.0705881        378.098
     -0.0478529       0.197996       -0.04232       0.178778     -0.0588799       0.117299     -0.0453772       0.231788      0.0225526     -0.0218024      0.0557122      0.0364389         364.35
       -0.04232       0.178778       -0.04232       0.178778              0              0              0              0      0.0225526     -0.0218024      0.0171652      0.0135622        190.733
       -0.04232       0.178778       -0.04232       0.178778              0              0              0              0      0.0225526     -0.0218024     0.00995827    -0.00572292        210.768
       -0.04232       0.178778       -0.04232       0.178778              0              0              0              0      0.0225526     -0.0218024      -0.021403     -0.0268886        238.508
       -0.04232       0.178778       -0.04232       0.178778              0              0              0              0      0.0225526     -0.0218024      -0.032374     -0.0345218        269.082
       -0.04232       0.178778       -0.04232       0.178778              0              0              0              0      0.0225526     -0.0218024     -0.0366697     -0.0471053        308.583
     -0.0421512       0.204829       -0.04232       0.178778              0              0     0.00202601       0.312611      0.0225526     -0.0218024     -0.0575408     -0.0545843        354.577
     -0.0422959         0.1825       -0.04232       0.178778              0              0    0.000578855      0.0893179      0.0225526     -0.0218024     -0.0516279     -0.0424956        173.628
     -0.0423062       0.180905       -0.04232       0.178778              0              0    0.000165388      0.0255195      0.0225526     -0.0218024     -0.0333638     -0.0263344        139.572
     -0.0423161       0.179386       -0.04232       0.178778              0              0     4.7254e-05      0.0072913      0.0225526     -0.0218024     -0.0193048     -0.0168029         130.41
     -0.0423189       0.178952       -0.04232       0.178778              0              0    1.35013e-05     0.00208323      0.0225526     -0.0218024     -0.0143011    -0.00864094        127.254
     -0.0423197       0.178828       -0.04232       0.178778              0              0    3.85757e-06    0.000595208      0.0225526     -0.0218024    -0.00298067     0.00501919        127.451
     -0.0423199       0.178792       -0.04232       0.178778              0              0    1.10217e-06    0.000170059      0.0225526     -0.0218024      0.0130191      0.0180197        128.592
       -0.04232       0.178782       -0.04232       0.178778              0              0    3.14774e-07    4.85883e-05      0.0225526     -0.0218024      0.0230203      0.0252485        128.948
       -0.04232       0.178779       -0.04232       0.178778              0              0    8.99208e-08    1.38824e-05      0.0225526     -0.0218024      0.0274768      0.0212173        127.772
