     -0.0133341       0.016923     -0.0751114    0.000307674       0.741327       0.199384       0.741327       0.199384   -1.63881e-05    3.12209e-05        241.598      -0.542143       0.213708
     -0.0684821     0.00783536     -0.0750318    0.000375271     0.00190884     0.00162231       0.087468     0.00172599   -0.000104841   -0.000371587        403.448        0.20927       0.288243
     -0.0720412     0.00283819     -0.0749645    0.000391922      0.0016163    0.000399627      0.0180669       0.035792    -0.00826245     -0.0213196        148.057       0.219338       0.019389
     -0.0735969     0.00696162     -0.0747763    0.000524807     0.00451559     0.00318924     0.00799684       0.129765     -0.0205309     -0.0159755        145.644      -0.679321      -0.190264
     -0.0700157     0.00279521     -0.0733218     0.00163063      0.0349093      0.0265398      0.0428681     -0.0420743     -0.0200621    -0.00805606        131.877       0.563915      -0.206514
     -0.0691826      0.0067541     -0.0727892     0.00191658      0.0127814     0.00686279      0.0585786       0.111975     -0.0113764     -0.0306056        115.392      -0.457553      0.0674514
     -0.0705601     0.00692869     -0.0724986     0.00281601     0.00697517      0.0215863      0.0199051      0.0384582    -0.00271099    -0.00426401        122.696     -0.0727286     -0.0481386
     -0.0709031     0.00759171      -0.072106     0.00381624     0.00942153      0.0240056      0.0123066      0.0450666     -0.0044344     -0.0199024        122.874       0.118252      -0.129579
     -0.0670657     0.00929823     -0.0706269     0.00490171      0.0354989      0.0260513      0.0549532      0.0570262    -0.00369459     -0.0258072        117.446       0.203228        0.12523
      -0.064912      0.0113069     -0.0693376     0.00574268      0.0309425      0.0201833      0.0662935       0.089667    0.000844422     -0.0208495        114.246      -0.162918        0.36802
     -0.0646919      0.0101355     -0.0688503     0.00617937      0.0116968      0.0104805      0.0635712      0.0481693    -0.00609773     -0.0118377         113.87     -0.0203866       0.523935
     -0.0651509      0.0120891     -0.0680184      0.0067219       0.019964      0.0130206      0.0160208      0.0905205     -0.0240591     -0.0182089        126.753      -0.428896     -0.0705157
     -0.0589138      0.0146515     -0.0650193      0.0077018      0.0719798      0.0235176      0.0678145       0.103096      -0.041497     -0.0221378        217.116      -0.603834      -0.405192
     -0.0543216       0.011982     -0.0628271     0.00817732       0.052613      0.0114125       0.131049      0.0158656      -0.033938     -0.0429449        330.595       0.357143      0.0268435
     -0.0532831      0.0168406     -0.0613766     0.00970581      0.0348125      0.0366838       0.115788       0.107516     -0.0158114     -0.0678895        114.468       0.253235       0.252138
     -0.0538695       0.018611     -0.0608392      0.0114804      0.0128957      0.0425912       0.104055      0.0814717     -0.0158913     -0.0550041        111.827       0.593654        0.45941
     -0.0514523      0.0265387     -0.0580909      0.0147336      0.0659601      0.0780766      0.0547843       0.189288     -0.0317733     -0.0362955        99.1177      -0.232666      -0.259332
      -0.047875      0.0251447     -0.0558858       0.015916      0.0529229      0.0283768       0.112473       0.127832      -0.045966     -0.0160326        293.987      -0.410154       -0.19241
      -0.043422      0.0250116     -0.0534703      0.0170102      0.0579708      0.0262619       0.144643       0.111035     -0.0335337     -0.0305052         487.63      -0.450928      0.0636541
     -0.0431514      0.0250976     -0.0515146      0.0181192      0.0469381      0.0266148       0.101788      0.0801043     -0.0253461      -0.049408        428.384      -0.076803      -0.104112
     -0.0381175      0.0397783     -0.0482872      0.0245189      0.0774568       0.153592       0.139556       0.200514     -0.0268628     -0.0676358        241.091     -0.0301408      0.0471994
     -0.0364451      0.0430158      -0.045729      0.0286025      0.0613958      0.0980081       0.118119       0.178816      -0.025029      -0.070622        229.146       0.222568     -0.0147411
     -0.0314741      0.0443181     -0.0432204      0.0322736      0.0602083      0.0881053       0.184365       0.139091     -0.0253816     -0.0694438        207.592       0.692221       0.585524
     -0.0319505      0.0509835     -0.0413289      0.0357829      0.0453946       0.084224       0.100505       0.245867     -0.0296597     -0.0559079        144.757      -0.262095       0.139655
     -0.0364529      0.0564505     -0.0406693      0.0424432      0.0158317       0.159848      0.0214306       0.127251     -0.0526186     -0.0317345        123.145       0.678855      -0.665224
     -0.0320871      0.0574073      -0.039106      0.0457364      0.0375183      0.0790356       0.111399       0.173692     -0.0503837      -0.039382        90.7003       0.169291      -0.386271
     -0.0296185      0.0629797     -0.0378363      0.0499965      0.0304724       0.102242       0.122033       0.178527      -0.019982    -0.00971271        81.5797      -0.209961     -0.0727753
     -0.0310212      0.0618463     -0.0379066      0.0541622    -0.00168729      0.0999778        0.11574      0.0528974    -0.00421089    -0.00220443        86.9201        0.69181       0.467588
      -0.032376         0.0757     -0.0375082      0.0626881     0.00956315       0.204622      0.0630892       0.157949    -0.00604838    -0.00772477        109.003       0.571235       0.291529
     -0.0277711      0.0775147     -0.0362926      0.0682396      0.0291733       0.133234       0.139751      0.0959849      -0.025552      0.0225766         93.924        0.63564       0.726288
     -0.0263747      0.0816192     -0.0342459      0.0727884      0.0491217       0.109173      0.0710661       0.140854     -0.0404469      0.0466254        90.7616      -0.204115      0.0188979
     -0.0213211       0.080298     -0.0317937      0.0768145      0.0588523      0.0966257       0.145047     0.00463865     -0.0708728      0.0721036        65.4487        0.19555     -0.0879743
    -0.00955326      0.0892795     -0.0257258      0.0842796       0.145628       0.179162       0.199168      0.0333741     -0.0722412      0.0647098        67.5757       0.385415      -0.420317
     -0.0074691      0.0916862     -0.0227504      0.0877708      0.0714102      0.0837883       0.219842      0.0744329     -0.0667923      0.0683752        58.0445      -0.375825     -0.0144308
    -0.00678248      0.0925097     -0.0203109      0.0912646      0.0585493      0.0838512       0.179201     -0.0115362     -0.0476194      0.0847213        49.3099      -0.231684     -0.0298533
    -0.00675996      0.0920283     -0.0177781      0.0936641       0.060786       0.057589       0.131948     -0.0405911     -0.0478067      0.0677328         46.285      -0.121077      -0.346448
     0.00466479      0.0994262     -0.0111248      0.0978962        0.15968       0.101569       0.202724       0.011895     -0.0451869       0.058527        46.4572      -0.242677      -0.345245
     0.00601483      0.0991014    -0.00740986      0.0995431      0.0891577      0.0395274       0.177042     -0.0163253     -0.0305563      0.0541624         42.918      -0.248697      -0.220011
     0.00916115      0.0992137    -0.00365112        0.10055      0.0902096      0.0241608       0.175738     -0.0239504     -0.0158605      0.0449891        43.9264      -0.260994      0.0886489
      0.0114466      0.0982395    -0.00022707       0.101207      0.0821773      0.0157703        0.15621     -0.0611286    -0.00773042      0.0343718        47.7259       0.131723       0.260189
      0.0242925       0.101849     0.00807194        0.10207       0.199176      0.0207226       0.186899      0.0108823     -0.0132084       0.023902        43.3251      -0.267003     -0.0860478
      0.0264427       0.100653      0.0128501       0.102259       0.114675     0.00451863       0.172341     -0.0353641     -0.0223836      0.0279211        38.5606     -0.0215646     -0.0980335
      0.0311677      0.0990194      0.0180704       0.101531       0.125287     -0.0174748       0.158843      -0.030518     -0.0184124      0.0184593        35.7347     -0.0822632      -0.228349
      0.0355851      0.0967193      0.0227374        0.10014        0.11201     -0.0333649       0.170214     -0.0441971     -0.0130143      0.0176864        32.2044     -0.0672251    -0.00560327
      0.0505066      0.0940601      0.0322585      0.0983728       0.228506     -0.0424206       0.216863     -0.0565994    -0.00305551      0.0144384         30.302   -0.000557719      -0.163981
      0.0495534      0.0935848      0.0368122       0.097132       0.109288     -0.0297793        0.15758     -0.0444544    -0.00203937      0.0118736        32.3634     0.00592373      -0.132899
      0.0518311      0.0916758      0.0417079      0.0960667       0.117497     -0.0255679       0.109312     -0.0710677     0.00488884      0.0115033        31.4608       0.355556      -0.426247
      0.0570505      0.0907794      0.0465822      0.0946381       0.116983     -0.0342856       0.139663     -0.0394113      0.0125229       0.013978        28.0174       0.103703     -0.0577713
      0.0717077      0.0847829      0.0556758      0.0913024       0.218248     -0.0800564       0.197399     -0.0753821      0.0285479      0.0287267        17.2038     -0.0919973       0.133588
       0.069202      0.0824459      0.0598204      0.0893887      0.0994707     -0.0459284       0.104499     -0.0987554      0.0280587      0.0308847        18.5972      0.0982637        0.02575
      0.0733713      0.0784061      0.0645164      0.0867456       0.112703     -0.0634355       0.107899      -0.113178      0.0222775      0.0267591        16.8924       0.221738       0.117764
      0.0767562      0.0772986      0.0690759      0.0844293       0.109428     -0.0555904      0.0794808     -0.0814748      0.0206159      0.0290173         15.355     -0.0697549       -0.13084
      0.0913214      0.0672083      0.0776523      0.0791811       0.205834      -0.125957       0.163336      -0.155639      0.0165436      0.0389044        16.4385     -0.0105815     -0.0874827
       0.090378      0.0655857      0.0816526       0.075849      0.0960072     -0.0799713       0.100776      -0.126397      0.0213521      0.0364171        14.0438      -0.126007     -0.0957272
      0.0918406      0.0630236      0.0850367      0.0728737      0.0812187     -0.0714058      0.0854238       -0.13274       0.024962      0.0349568        11.8591      0.0237606      0.0833153
      0.0934865      0.0597942      0.0881793      0.0694902      0.0754226     -0.0812058      0.0579554      -0.121244      0.0288872      0.0290398        12.4498     -0.0365161      0.0437543
       0.102087      0.0502317      0.0936687      0.0638708       0.131744      -0.134865      0.0995297      -0.181754      0.0268691      0.0290213         14.641       0.184081      0.0845788
       0.103294      0.0502014      0.0964583      0.0602249      0.0669508     -0.0875015      0.0936653      -0.108605      0.0246584      0.0288392        12.6181      -0.220963       0.371937
       0.102548        0.04732        0.09881      0.0566056      0.0564423     -0.0868634      0.0223806      -0.113684      0.0178816      0.0348853        11.4998      -0.344844      -0.147289
       0.105172      0.0423253       0.100963      0.0528365      0.0516704     -0.0904578      0.0559811      -0.145958     0.00522274      0.0242598        7.66992     0.00943261      -0.041034
       0.113054      0.0284874       0.105242      0.0445701       0.102707      -0.198393       0.098298      -0.197308      0.0117356      0.0115278        10.8111      0.0402396      0.0579113
        0.11105      0.0310975       0.106594      0.0410652      0.0324372     -0.0841173      0.0549242      -0.116021      0.0132968      0.0123706        5.16782      -0.106773      0.0778852
       0.110447      0.0280801       0.107819      0.0371617      0.0294031     -0.0936846      0.0242385      -0.112597      0.0122097      0.0147042        5.96975     -0.0770072      -0.111824
       0.113264      0.0226885       0.109572      0.0324357      0.0420601      -0.113424      0.0502333      -0.117766     0.00899977      0.0120125        4.44832     -0.0818215      0.0131955
       0.116208     0.00916057       0.111953      0.0236283      0.0571427      -0.211378      0.0465892       -0.16173      0.0125536     0.00744342         10.663      -0.340663     -0.0895449
       0.115186     0.00880898       0.112979      0.0192703      0.0246241      -0.104592      0.0225415      -0.134099      0.0128332     0.00197839         6.5856     -0.0609201      -0.155215
       0.114649      0.0093888       0.114119      0.0149442      0.0273587      -0.103827     -0.0146216     -0.0295017      0.0170687     -0.0110707        7.04114      0.0263825     -0.0755286
       0.116675     0.00515417       0.115038      0.0115209      0.0220642     -0.0821585      0.0274217     -0.0741175      0.0236444     -0.0124124        3.69121      -0.067025   -0.000724705
        0.11763     -0.0092881       0.115911     0.00358068      0.0209491      -0.190565      0.0210086      -0.165664      0.0268504     -0.0120198        9.72029       0.148028      0.0509576
        0.11611    -0.00877618        0.11631   -0.000429211     0.00959194     -0.0962375     -0.0121961     -0.0863987      0.0271011     -0.0126089        5.37929     -0.0631012     -0.0836176
       0.115888     -0.0109717       0.116445    -0.00426817     0.00323635      -0.092135     -0.0052093     -0.0773222      0.0256726     -0.0077206        5.61401     -0.0471453       0.027237
        0.11458     -0.0140318       0.116168    -0.00791679    -0.00665581      -0.087567     -0.0241831     -0.0709001      0.0274811     -0.0101503        7.11328     0.00337047    -0.00270468
       0.112905     -0.0260283       0.115381      -0.015095     -0.0188745      -0.172277      -0.031522      -0.129149      0.0274401     -0.0116924        13.8615      0.0589693      0.0374588
       0.113827     -0.0231666        0.11472     -0.0185413     -0.0158817     -0.0827124    -0.00553687     -0.0282942      0.0272322     -0.0115678        7.46629      0.0397602      0.0204902
       0.111896     -0.0275225       0.113978     -0.0218847     -0.0178033       -0.08024     -0.0273343     -0.0679359       0.025204    -0.00978233        11.8822    -0.00394693      0.0492074
       0.111786     -0.0321291       0.113249     -0.0256641     -0.0174857     -0.0907054     -0.0062298     -0.0737116       0.024234    -0.00777377        13.4728     -0.0494965       0.294059
       0.104995     -0.0411494       0.110523     -0.0323204     -0.0654218      -0.159752     -0.0837168     -0.0861282      0.0199886    -0.00780655        27.2852      -0.362112     -0.0573782
       0.106391     -0.0401052       0.109056     -0.0354102     -0.0352085     -0.0741559     -0.0149413     -0.0455253     0.00945491     -0.0115125        16.8915      -0.432073       0.290635
        0.10512     -0.0412486        0.10762     -0.0377854     -0.0344714     -0.0570039     -0.0353322     -0.0511554     0.00998003     -0.0286421        14.4589      0.0550016      0.0947984
        0.10297     -0.0405671        0.10584     -0.0399035     -0.0427231     -0.0508342     -0.0368933     0.00849693    -0.00198835     -0.0466899        12.6174      0.0018995       -0.07473
      0.0988078     -0.0419328       0.102818     -0.0420335     -0.0725198       -0.05112     -0.0434667      0.0095496    -0.00569564     -0.0455425        12.3427      0.0972678     -0.0616139
       0.100279     -0.0424918       0.101363     -0.0435315     -0.0349293     -0.0359528      0.0037155      0.0224667     -0.0033552     -0.0434725         10.926       0.114093       0.233541
       0.099318     -0.0431748      0.0999472     -0.0447795      -0.033977     -0.0299511    -0.00214853      0.0303898    -0.00175672     -0.0381996        10.7042       0.104132       0.216187
      0.0969224     -0.0441857       0.098181     -0.0458051     -0.0423898     -0.0246155     -0.0151611       0.027253     -0.0113936     -0.0336611        11.6093       0.145639      0.0206094
      0.0957799     -0.0453782      0.0962774      -0.047109     -0.0456868      -0.031294     0.00664162      0.0386665     -0.0191519     -0.0291472        12.3882     -0.0742922      0.0949059
      0.0968636     -0.0460002      0.0954652     -0.0476865     -0.0194914     -0.0138588      0.0258754      0.0228234     -0.0192561     -0.0231688        14.5236      0.0479547      0.0752273
      0.0965871     -0.0465494      0.0947039     -0.0480553     -0.0182712    -0.00885227      0.0288757       0.019331       -0.02214     -0.0250485        14.5973       0.190275     -0.0270822
      0.0965113     -0.0456805      0.0939614     -0.0480183     -0.0178217    0.000887632      0.0432132      0.0364552     -0.0252776     -0.0246066        12.2517       0.130404      0.0128143
      0.0962682     -0.0446953      0.0935368     -0.0476256     -0.0101908     0.00942689      0.0380454      0.0434151     -0.0252743     -0.0152801        12.9851      0.0440481      -0.116899
      0.0966453     -0.0467432      0.0933695     -0.0478068    -0.00401455    -0.00434938      0.0497149     0.00826791      -0.024601     -0.0105389        15.1283        0.21387     -0.0930042
      0.0964786     -0.0457083      0.0931596     -0.0476198    -0.00503808     0.00448743      0.0505445      0.0360414      -0.019617    -0.00813986        11.2147     -0.0467034     -0.0480515
       0.096019     -0.0449127      0.0930454     -0.0470563    -0.00274032      0.0135237      0.0420538        0.02885     -0.0159597    0.000994432        9.25208      -0.081894     -0.0824141
      0.0958209     -0.0440535      0.0928834     -0.0463785    -0.00388724      0.0162669      0.0461437      0.0318451     -0.0138306    0.000247943        8.50955      -0.114999     0.00601547
      0.0965511     -0.0426525      0.0933695     -0.0455742      0.0116665       0.019305      0.0407244      0.0408027     -0.0107697    -0.00372602        7.57869      -0.153698      -0.093841
      0.0979647     -0.0414477       0.093969     -0.0447022      0.0143867      0.0209278      0.0610709      0.0416712     -0.0101492     -0.0103179        6.53152     -0.0940528       0.068694
      0.0978321     -0.0396298      0.0944737      -0.043573      0.0121134      0.0271003      0.0416006      0.0507114    -0.00738138      -0.016542        6.06174     -0.0176092     -0.0486278
       0.100417     -0.0335968      0.0959325     -0.0405422      0.0350105      0.0727393      0.0580898      0.0865919     -0.0087226     -0.0193789        7.87959      0.0654111      -0.087925
       0.100528     -0.0335007      0.0968452     -0.0390094       0.021906      0.0367875      0.0450042       0.067734    -0.00728064     -0.0193278        5.92041       0.167533      -0.179295
       0.100015     -0.0320841       0.097519     -0.0372923        0.01617      0.0412102      0.0276313      0.0656908    -0.00359922     -0.0169898        5.57063       0.194565      -0.291534
       0.101683     -0.0297121      0.0981604     -0.0356412      0.0153937       0.039625      0.0636137      0.0889829     0.00388664    -0.00981296        6.25431      -0.146835       0.173758
       0.100982     -0.0257855      0.0988752     -0.0324464       0.017157      0.0766759      0.0190093      0.0740298      0.0156216    -0.00177075        6.05317      0.0612136     0.00787776
      0.0998992     -0.0263323      0.0988863     -0.0310594     0.00026536      0.0332886      0.0156821       0.061789     0.00872737    -0.00704564        5.82705      0.0155781      0.0515358
       0.102369     -0.0237653      0.0998563     -0.0289891      0.0232801       0.049687       0.035574      0.0664898     0.00814086    -0.00535001        3.84713    -0.00819953       0.123393
       0.102177     -0.0213998       0.100156      -0.026986      0.0071851      0.0480739      0.0273024      0.0751321     0.00574786    -0.00497986        3.68401      -0.121409       0.110085
        0.10523     -0.0156918       0.101799     -0.0232506      0.0394317      0.0896507       0.037823      0.0888547    0.000660363    -0.00487138         7.3179      0.0176876     -0.0755048
       0.106101     -0.0169711       0.102499     -0.0217441      0.0168008      0.0361542      0.0546853       0.054844    -0.00389927    -0.00870432        6.43777       0.153886      0.0883842
       0.107136     -0.0150839       0.103517     -0.0200848      0.0244446      0.0398232      0.0444189      0.0696012    -0.00213676    -0.00807048        4.54641    -0.00199666    -0.00395243
       0.107124     -0.0145901       0.104065     -0.0185933      0.0131543      0.0357971      0.0409549      0.0459471     -0.0042215    -0.00253774        4.10905      0.0930616     -0.0216338
       0.108355     -0.0137979       0.104928     -0.0172732      0.0206982      0.0316819      0.0458134      0.0442393    -0.00411886    -0.00226582        5.29118      0.0634805       -0.02471
       0.110793      -0.012286       0.106324     -0.0155918      0.0335165      0.0403537       0.060873      0.0363708    -0.00373715     0.00165104         5.7198       0.143814      0.0361709
       0.110886     -0.0126243       0.107205      -0.014776      0.0211378      0.0195799      0.0462339      0.0282876    -0.00297349     0.00424658        6.46474      0.0601555      -0.028521
       0.111781     -0.0138858       0.108073     -0.0147366      0.0208429    0.000945747      0.0512546      0.0150268    -0.00318509       0.010094        6.75414     -0.0900862       0.019154
       0.115345     -0.0171712       0.110193     -0.0156548      0.0508804     -0.0220377      0.0631622     -0.0219478     -0.0030213      0.0124726        8.82453     -0.0309461     -0.0598051
       0.115499     -0.0175882       0.111298     -0.0161968      0.0265017     -0.0130078      0.0548333     -0.0162005    -0.00287324     0.00920223        4.97165     -0.0556765     -0.0537007
        0.11663     -0.0183892       0.112489     -0.0169211      0.0285956      -0.017384      0.0556108     -0.0176391   -0.000515637      0.0076357        5.57147     -0.0544804    0.000316175
       0.117588     -0.0188304       0.113881     -0.0176686      0.0333949     -0.0179393      0.0421918     -0.0107777     0.00163335     0.00512611         4.1056      -0.107776      -0.128649
        0.12091      -0.021782       0.116255     -0.0197036      0.0569925     -0.0488397      0.0536268     -0.0148365     0.00204438     0.00284766         5.0791      -0.280646      -0.220387
       0.120051     -0.0224888       0.117133     -0.0207108      0.0210671     -0.0241726      0.0384781     -0.0290088     0.00697846    -0.00174416         5.0181    -0.00390602      -0.130068
       0.119561       -0.02208       0.117985     -0.0216446      0.0204538     -0.0224108      0.0151445     0.00309696      0.0180776     -0.0145376        5.02453     -0.0631017      -0.160044
       0.118777     -0.0215332        0.11835     -0.0224398     0.00874507     -0.0190855     0.00629839      0.0227018      0.0228807     -0.0145539        6.01164      -0.187226     -0.0449523
       0.117793     -0.0256376       0.118797     -0.0245428      0.0107392     -0.0504721     -0.0243712     -0.0120615      0.0285479     -0.0169224        7.13347     -0.0220858      -0.202074
       0.117196     -0.0252267         0.1187     -0.0256912    -0.00233281     -0.0275615     -0.0151946      0.0169434      0.0298399     -0.0248705        8.84441     -0.0930505     0.00296429
       0.116169     -0.0248011        0.11835     -0.0259435    -0.00840175    -0.00605392     -0.0275363     0.00815599      0.0379409     -0.0263595        9.88242       0.211883       0.115276
       0.113166     -0.0239725        0.11734     -0.0263273     -0.0242497    -0.00921249     -0.0619482      0.0435819      0.0387729     -0.0290754        9.44454      0.0549521    -0.00461749
       0.109312     -0.0250793       0.115059     -0.0270479      -0.054733     -0.0172948     -0.0694372      0.0327834      0.0336134     -0.0203545        9.83194    -0.00424943       0.106554
       0.109193     -0.0261906       0.113603     -0.0274973     -0.0349474      -0.010784     -0.0504925      0.0160069      0.0329507     -0.0187241        8.60462        0.11802       0.250473
        0.10772     -0.0272001       0.112051     -0.0281477     -0.0372528     -0.0156102     -0.0567315      0.0171202      0.0269747     -0.0182538        6.17281       0.111409        0.18592
       0.105893     -0.0264869        0.11015      -0.027979     -0.0456244     0.00404893     -0.0522817      0.0187187      0.0158399     -0.0134741        5.09784       0.179231       0.146902
      0.0996009     -0.0262343       0.106197     -0.0277334     -0.0948542     0.00589326     -0.0789284      0.0206211     0.00834042    -0.00856317        7.29585       0.161668      0.0987777
      0.0999708      -0.027324       0.104208     -0.0277839     -0.0477566    -0.00121035      -0.050843      0.0042763     0.00268871    -0.00119818        7.47985       0.184275      0.0173855
      0.0986231     -0.0286855       0.102056     -0.0280412     -0.0516368     -0.0061757     -0.0384421    -0.00969098    -0.00140875     0.00719999        10.1154        0.17293    -0.00787435
       0.098167     -0.0278167       0.100238     -0.0279861     -0.0436322     0.00132206     -0.0152038      0.0128899    -0.00162035      0.0146674        9.22174      -0.163285       0.121914
      0.0922296     -0.0292439      0.0968926      -0.028595     -0.0802889     -0.0146132     -0.0594955    -0.00170857    -0.00224417      0.0194453        13.5989      -0.357394     -0.0776738
       0.093095     -0.0309838      0.0953759     -0.0289974     -0.0364013    -0.00965792     -0.0213449     -0.0395298    -0.00570744      0.0105237        11.2403      0.0249566     -0.0382747
      0.0940584     -0.0297084      0.0946017     -0.0291318     -0.0185798    -0.00322491    -0.00182472    -0.00337274    -0.00299567     -0.0054195        5.42444      -0.020635     -0.0200188
      0.0925441     -0.0290124      0.0935045     -0.0291506     -0.0263332   -0.000451371     -0.0112396      0.0013968    -0.00138849    -0.00575901        5.97056      0.0235317     -0.0942263
       0.090152     -0.0314329      0.0919525     -0.0303763     -0.0372482     -0.0294177       -0.01951    -0.00794358    0.000505272    -0.00496973        6.77201     -0.0481973      -0.102824
      0.0915015     -0.0325167      0.0917015     -0.0312378    -0.00602424     -0.0206749      0.0013712     -0.0171511     0.00475079    -0.00429262         7.8836      0.0345275     -0.0467457
       0.091471     -0.0324891      0.0915392     -0.0319412    -0.00389653     -0.0168837    -0.00113799    0.000196357     0.00862342     -0.0052724        7.03055     -0.0775007     -0.0682878
      0.0902861     -0.0334558      0.0910447     -0.0327173     -0.0118679     -0.0186264      -0.009908    -0.00868296      0.0104113    -0.00471402        7.66099     -0.0258319     -0.0822606
       0.089959     -0.0349751      0.0905774     -0.0337993     -0.0112134      -0.025968    -0.00265828     -0.0126222      0.0131026    -0.00655056        9.54429     0.00138604       0.045786
      0.0901644     -0.0337509      0.0905144     -0.0339119     -0.0015133    -0.00270215    -0.00478864     0.00372932      0.0163837    -0.00799466        7.67235      0.0238259      0.0462653
      0.0899617     -0.0334262      0.0903318      -0.033913    -0.00438273   -2.56598e-05    -0.00371643     0.00525194      0.0151718    -0.00800492        7.04729      0.0913945      0.0631893
      0.0899842     -0.0335053      0.0903605      -0.034088    0.000689507    -0.00419953    -0.00911132      0.0114932      0.0129644    -0.00736059        6.86163      0.0261022     -0.0528698
       0.090732     -0.0345145       0.090182      -0.034418    -0.00428385    -0.00792119      0.0180951    -0.00253686      0.0108576    -0.00376703        6.89486      0.0786211       0.195979
      0.0896759     -0.0344365      0.0900319     -0.0345943    -0.00360256    -0.00423065     -0.0136952     0.00625552      0.0120526    -0.00279523        6.80192      -0.012657     -0.0661829
      0.0893682     -0.0345461      0.0897223     -0.0346228    -0.00743008   -0.000683427    -0.00334064    2.10933e-05      0.0055452    0.000436175        7.08402      0.0141398     -0.0824702
      0.0908829     -0.0340598      0.0899642     -0.0346854     0.00580591    -0.00150239      0.0165677      0.0155992     0.00649458    0.000716317        5.83407      -0.158944      0.0244226
      0.0914299     -0.0342425      0.0902629     -0.0345834     0.00716865     0.00244769      0.0164988   -0.000294229       0.010408   -3.82781e-05        5.72572     -0.0193597      0.0582613
      0.0910399     -0.0342624      0.0903131     -0.0346306     0.00120378    -0.00113341     0.00924484     0.00536546     0.00990647    -0.00608422          5.901       0.010496      0.0334976
      0.0915856     -0.0333092      0.0904094     -0.0343805      0.0023126     0.00600216      0.0202164      0.0153991     0.00781876    -0.00642992        5.17095      0.0014443       0.122662
      0.0909195      -0.031818      0.0906821     -0.0338458     0.00654423      0.0128344     -0.0103967       0.030762     0.00613839    -0.00626839        5.99509     -0.0863424      -0.251336
      0.0936039     -0.0329185      0.0915028     -0.0336903      0.0196976     0.00373167      0.0354714     0.00150006     0.00148017    -0.00600244        3.92611       0.146027     -0.0383051
      0.0933355     -0.0311398       0.091909     -0.0332708     0.00974679      0.0100667      0.0165458      0.0389087     0.00999385    -0.00830151        3.70495      -0.110572     -0.0511885
      0.0926726     -0.0321585      0.0919244     -0.0332051    0.000369787     0.00157884      0.0134725     0.00849886       0.012709    -0.00403477        5.43161      0.0348004      0.0582503
       0.092361     -0.0318525      0.0920815      -0.032973      0.0037719     0.00556916    0.000612423      0.0153556      0.0138986    -0.00723375        6.40662      0.0455982    -0.00383683
      0.0938798     -0.0292077      0.0926905     -0.0318599      0.0146164      0.0267155      0.0177637      0.0360139      0.0128621    -0.00617017        4.03909    -0.00677137      0.0707258
      0.0931144     -0.0297087      0.0927977     -0.0314538      0.0025726     0.00974491   -0.000344173      0.0209061       0.012385    -0.00506176        5.79898      0.0363343     -0.0402121
      0.0931858     -0.0296206      0.0929033     -0.0311315     0.00253326     0.00773665     0.00372066      0.0214021     0.00908691    -0.00495518        4.18172    -0.00301202     -0.0426276
      0.0937921     -0.0294666      0.0930514     -0.0308948     0.00355411     0.00568038      0.0138082      0.0211298     0.00945002    -0.00363196        4.24645     -0.0582867      0.0659719
      0.0934892     -0.0287929      0.0931151     -0.0305849     0.00152904     0.00743772     0.00325448      0.0279666      0.0113078    -0.00360967        6.46113      -0.150328       0.022869
      0.0924907     -0.0307885      0.0927893     -0.0309503    -0.00781953    -0.00876935    -0.00429109    -0.00417744     0.00980956    -0.00638701        6.11687      0.0685169     -0.0143976
      0.0924969     -0.0292533      0.0926354     -0.0307812    -0.00369233     0.00405666    -0.00127421      0.0277963     0.00914306     -0.0116967        4.84892     -0.0666242     -0.0241568
      0.0928423     -0.0294592      0.0924433     -0.0307167    -0.00461161     0.00154862      0.0118538      0.0138651       0.009157    -0.00924231        5.31389      0.0419514       0.118265
      0.0915802     -0.0292001      0.0918909     -0.0304104     -0.0132567     0.00735077    -0.00393709      0.0123631     0.00938708     -0.0105634        5.24981       0.164932      0.0710745
      0.0911797     -0.0281972      0.0915298     -0.0301724     -0.0086664     0.00571154    -0.00587459      0.0348116     0.00624222    -0.00973715        5.72843     -0.0428201     -0.0292159
      0.0921846     -0.0292572       0.091549     -0.0301769    0.000460446   -0.000108048      0.0113058     0.00861289     0.00298006    -0.00265027        4.56629        0.05312    -0.00239746
      0.0927933     -0.0295695      0.0916042     -0.0300273     0.00132573     0.00359161      0.0194168     0.00259951      0.0032714    -0.00371791        4.65079       0.145301      0.0576921
       0.093505       -0.02928      0.0918129     -0.0300101     0.00500894    0.000413373      0.0258696      0.0155318     0.00335831    -0.00145997        4.67562     -0.0112504       0.110754
       0.093137     -0.0302806      0.0919315     -0.0303749     0.00284439    -0.00875567      0.0118085     0.00470941      0.0014717     0.00359606        6.35903     -0.0960574     -0.0494558
        0.09504     -0.0316366      0.0926848     -0.0308427      0.0180799     -0.0112275      0.0318633     -0.0130725     -0.0034303     0.00323008        5.36265     0.00127948     -0.0556436
      0.0957626     -0.0307477      0.0933242      -0.030745      0.0153451     0.00234465      0.0313253    0.000237463    -0.00264138   -0.000140679        4.49178      0.0149288     -0.0812747
      0.0982301     -0.0313908      0.0945884     -0.0314155      0.0303406     -0.0160926      0.0513465      0.0103915    0.000692669   -0.000965011        4.80423      -0.189996      0.0371691
      0.0979678     -0.0317451       0.095121     -0.0318155      0.0127827     -0.0095998      0.0394642     0.00174269     0.00334126    -0.00180746        5.74312      -0.145879      0.0947693
      0.0977992     -0.0333581      0.0957636     -0.0326853      0.0154229      -0.020874      0.0199248    -0.00960828     0.00215847    -0.00928522        5.19393     -0.0054677     -0.0889567
      0.0985421     -0.0323156      0.0964314     -0.0331239      0.0160282     -0.0105272      0.0269545       0.020055   -0.000734028     -0.0145087        4.20664      -0.122839       -0.11475
       0.101918     -0.0319844      0.0981832     -0.0332761       0.042042    -0.00365201      0.0478337      0.0165237     0.00226575     -0.0144763        4.34672     -0.0109749     -0.0783747
       0.101508     -0.0326933      0.0991161     -0.0338131      0.0223891     -0.0128878      0.0259573      0.0184247      0.0069564     -0.0183213        4.52652      0.0233516      -0.147215
       0.101631     -0.0331624      0.0997378     -0.0342576      0.0149213     -0.0106691      0.0283782      0.0158624       0.011732     -0.0193645        5.20957      0.0895601     0.00288585
       0.102179      -0.033893       0.100408     -0.0348062      0.0160857     -0.0131658       0.025589      0.0154234        0.01705     -0.0185075        4.67597      0.0983376       0.124473
       0.102525     -0.0359232       0.101385     -0.0362244       0.023443      -0.034037     0.00447847      0.0179613      0.0159932     -0.0142206        5.40913      -0.118833     -0.0781774
        0.10258     -0.0363649        0.10162     -0.0366469     0.00563604     -0.0101409      0.0183782   -0.000523938      0.0109226     -0.0100296         5.5907      0.0715041      0.0855861
       0.102708     -0.0362596       0.102003     -0.0370577     0.00919551    -0.00985792     0.00560858      0.0165248      0.0125247     -0.0135867        4.77378      0.0210171      0.0180556
       0.102702     -0.0374516       0.102281     -0.0377695     0.00668156     -0.0170842     0.00300868      0.0063209        0.01058     -0.0125802         5.1837      0.0594818     -0.0368514
       0.103404     -0.0370553       0.102688     -0.0378649      0.0097568    -0.00228792     0.00887241      0.0115136     0.00962049     -0.0110034        4.85801      0.0960704     -0.0313187
       0.103224     -0.0360752       0.102755     -0.0377668     0.00161576     0.00235426     0.00788574      0.0297736      0.0100362    -0.00793721        4.54724     -0.0587106      0.0255565
       0.102809     -0.0369479       0.102752     -0.0379217   -7.04527e-05    -0.00371745   -0.000483621       0.012054      0.0111511    -0.00476505        4.96419    -0.00056893     0.00099611
       0.102964     -0.0378674       0.102688     -0.0381398     -0.0015353    -0.00523505     0.00791662    0.000702422      0.0111083    -0.00689424         6.0881       0.118147        0.10174
       0.102708     -0.0358782        0.10263     -0.0376018    -0.00139439      0.0129108   -0.000571375      0.0272665      0.0108731    -0.00727667         4.3618      0.0115141      0.0422112
       0.102783     -0.0371933        0.10248     -0.0378722    -0.00360256    -0.00648925     0.00707007      0.0099751     0.00658995    -0.00387741        5.04883       0.003544      0.0800842
       0.103299     -0.0369829        0.10258     -0.0377015     0.00241148     0.00409698     0.00909312     0.00855044      0.0040043    -0.00283636        4.76651      0.0368966      0.0309257
       0.102917     -0.0375307       0.102427     -0.0378637    -0.00367588    -0.00389287     0.00601848     0.00588902    0.000861469     -0.0024109        5.24184      0.0177076     -0.0343712
       0.103569     -0.0374192       0.102513     -0.0378465     0.00205171    0.000411987      0.0164455     0.00649515     0.00031263   -0.000958693        5.74367     0.00476288    -0.00956462
       0.103671     -0.0379507       0.102568     -0.0380553     0.00133216    -0.00501117      0.0156157     0.00272059    0.000687424   -0.000267398        5.56834     -0.0114634     -0.0132138
       0.103554      -0.038377       0.102531     -0.0382417    -0.00088352    -0.00447366      0.0157674    -0.00242142     0.00121767   -6.28352e-05        7.89022      0.0245628      0.0118364
       0.103655     -0.0391357       0.102611     -0.0386427     0.00190705    -0.00962359      0.0142699    -0.00568934     0.00197596   -8.92997e-05        6.17118      0.0319179    -0.00525059
        0.10409     -0.0401767       0.102757     -0.0393867     0.00351834      -0.017856      0.0204043    -0.00532607       0.002029    0.000366437        7.25985     -0.0551629      0.0377782
       0.105038     -0.0414262       0.103299     -0.0403101      0.0130032     -0.0221617      0.0212229     -0.0104726     0.00217206     0.00134634        8.15012       -0.10031     -0.0195769
       0.103894     -0.0409391       0.103043      -0.040504    -0.00615782    -0.00465274      0.0131195     -0.0070649     0.00197262    -0.00052501        6.94863     -0.0155462     -0.0141649
       0.103675     -0.0402139        0.10297     -0.0406182    -0.00174773    -0.00274175       0.009213     0.00938298     0.00197441    -0.00502266        6.22907      -0.064408      -0.053311
       0.103536     -0.0392894       0.102847     -0.0404723     -0.0029397      0.0035035      0.0116135      0.0178811     0.00204283    -0.00601066        5.78542     -0.0791052     -0.0206096
       0.102623     -0.0396197       0.102514     -0.0407621    -0.00800174     -0.0069555     0.00149988      0.0201723     0.00394971    -0.00835873        6.58893      -0.131318     -0.0520825
       0.102379     -0.0388163       0.102282     -0.0405984    -0.00557828     0.00392693     0.00329416      0.0245296      0.0053714      -0.012934        5.44703     -0.0801513     -0.0271048
       0.102043     -0.0387679       0.101895     -0.0405242    -0.00928527     0.00178179     0.00758319      0.0216364     0.00769621     -0.0183213        6.63821      0.0410698      0.0854237
       0.100296     -0.0357612       0.101161     -0.0396691     -0.0175983      0.0205218     -0.0127573      0.0603738     0.00813753        -0.0206        6.15508      -0.112954     -0.0040035
       0.100226      -0.035406       0.100632     -0.0391284     -0.0126992      0.0129781   -0.000385075       0.049081      0.0058896     -0.0200127        7.39938     -0.0535474      0.0587691
       0.100594     -0.0349603       0.100449     -0.0384769    -0.00440919      0.0156362     0.00268698      0.0435845     0.00578887     -0.0240523         7.3471      0.0873833      0.0296351
       0.101864     -0.0335254       0.100703     -0.0376996     0.00610113      0.0186553      0.0177188      0.0592963     0.00332421      -0.026435        6.08441      0.0400385      0.0535225
       0.101768     -0.0279318       0.100622     -0.0348167    -0.00193816      0.0691887      0.0177082      0.0854635     0.00128943     -0.0232219        7.53562       0.117993      0.0679483
       0.101814     -0.0277234        0.10049      -0.033571    -0.00316966      0.0298965      0.0212514      0.0828572   -0.000796971      -0.020921        6.91468     -0.0431213      0.0936359
       0.102972     -0.0283781       0.100828      -0.032674     0.00812352      0.0215296      0.0299515      0.0529486    -0.00398081     -0.0165911        5.87594      0.0466113      0.0721757
        0.10391     -0.0268339       0.101118     -0.0314019     0.00694978      0.0305296      0.0418573      0.0619991    -0.00783771     -0.0180289         6.7295   -0.000546594       0.121277
       0.105904     -0.0228716       0.102062     -0.0288795      0.0226529      0.0605384      0.0501604      0.0732479     -0.0109808     -0.0173274        8.73468      0.0860034      0.0428984
       0.106885     -0.0232123       0.102871      -0.027624      0.0194221      0.0301314      0.0521144      0.0543064     -0.0157685     -0.0171781        8.34039       0.146203     -0.0496784
        0.10841     -0.0224103       0.103883     -0.0263113      0.0242962      0.0315042      0.0605801      0.0493732     -0.0174186     -0.0136703        8.01531       0.141301     -0.0784626
       0.109587     -0.0212508       0.105098     -0.0249363       0.029156      0.0330002      0.0553129      0.0480058     -0.0156102    -0.00577749          8.319      0.0731269      -0.194672
       0.114024     -0.0186743       0.107618     -0.0229338      0.0604733      0.0480587      0.0840413      0.0540047     -0.0110782    -0.00057019        9.66617      0.0040021      -0.131333
       0.114648     -0.0194071       0.109012     -0.0221723      0.0334616      0.0182762      0.0801764      0.0383883    -0.00271612     0.00149368        6.28424       -0.11567      0.0836916
       0.114321     -0.0197039       0.110189     -0.0214177      0.0282458      0.0181119      0.0494215       0.016543     0.00238186     0.00139736         5.3443     -0.0067382    -0.00132905
         0.1149     -0.0176027       0.111514     -0.0204203      0.0317844       0.023936      0.0370492      0.0437708   -9.47392e-06    -0.00286294        4.83786      -0.198425      -0.163859
       0.120271     -0.0133239       0.114281     -0.0181542      0.0664244      0.0543883      0.0804986      0.0598741    0.000489894    -0.00491036        8.78593      -0.167354     -0.0120346
       0.119518     -0.0128713       0.115311     -0.0168158      0.0247246      0.0321199      0.0568538      0.0454413     0.00555009     -0.0136888        7.00422     -0.0142276      0.0932671
       0.119376     -0.0118799       0.116174     -0.0154999      0.0207011      0.0315834      0.0414463      0.0401584      0.0053491      -0.019428        7.85461       0.177447       0.102081
       0.119869    -0.00966687       0.117016     -0.0140142      0.0201983      0.0356566      0.0355824      0.0582552     0.00198621     -0.0193483        7.50123       0.125193      0.0455452
       0.122059    -0.00555414       0.118303     -0.0114443      0.0308917      0.0616772      0.0495959      0.0751652    -0.00241118     -0.0126089        11.6721      0.0725886      0.0469698
       0.121856    -0.00665586       0.118948     -0.0103258      0.0154898      0.0268442      0.0349179       0.044116    -0.00419229     -0.0064974        6.20041       0.097555     -0.0646939
        0.11971    -0.00695842       0.119359    -0.00972027     0.00987124      0.0145322     -0.0179315      0.0421109    -0.00594788    -0.00306953        5.60922     -0.0983262      -0.654055
       0.122071    -0.00638979       0.119838    -0.00901949      0.0114872      0.0168187      0.0512771      0.0374277     0.00049502   -0.000424874        5.01632      -0.199137     -0.0677555
       0.122493    -0.00300177       0.120854    -0.00711798      0.0243795      0.0456363      0.0149029      0.0508828      0.0257049    -0.00505759        7.11789      -0.155065     -0.0746907
        0.11942     -0.0042159       0.120516    -0.00657936    -0.00811154      0.0129268     -0.0149872      0.0237662      0.0265234     -0.0138114        8.92188      0.0535065    -0.00302631
       0.118946    -0.00330022       0.119942    -0.00522121     -0.0137631      0.0325955     0.00103795     0.00589364      0.0284182     -0.0197696        10.1676       0.502847       0.374499
       0.119847   -0.000934982       0.120296    -0.00412703     0.00849152      0.0262605     -0.0107701      0.0528449      0.0283603     -0.0185322        6.47457       0.169803        0.28211
        0.12117    9.49648e-05       0.120755    -0.00310835      0.0110121      0.0244482     0.00406261      0.0484323      0.0107947     0.00598525        7.98093      -0.117347       0.210026
       0.122911    -0.00334721       0.121199    -0.00328419       0.010663    -0.00422012      0.0249746    -0.00718923   -0.000541505      0.0102107        10.7205     -0.0206239       0.196607
       0.122754     -0.0035133       0.121569    -0.00317446     0.00888151     0.00263352     0.00241126     -0.0042309    -0.00796741     0.00477217        11.8886     -0.0608751      -0.244725
       0.123841    -0.00148944       0.122104    -0.00223951      0.0128367      0.0224387      0.0201075     0.00580738     -0.0154499      0.0034511        4.66332     -0.0119278      -0.361127
       0.126254   -0.000536897       0.122872    -0.00138744      0.0184232      0.0204497      0.0579729     0.00590342    -0.00673002     0.00126444        5.19896      0.0666615      0.0128057
       0.125428   -5.23686e-05       0.123304    -0.00102571      0.0103746     0.00868149      0.0263932      0.0178781     0.00879711    0.000634658        2.49472      -0.102128      0.0271337
       0.123294   -0.000462421       0.123089   -0.000819588    -0.00516164     0.00494705    0.000151763     0.00189585     0.00893861     0.00212561        1.46979     -0.0587466      -0.036173
       0.124349    0.000169875       0.123467   -0.000294437     0.00907463      0.0126036      0.0139227     0.00164593     0.00772339    -0.00128807        2.50438      0.0339695      0.0334332
        0.12497     0.00110394       0.124179    7.74193e-05      0.0170875     0.00892456     0.00210376      0.0175492     0.00812215    -0.00358905        2.68416     -0.0818901      -0.140089
       0.124192     0.00148604       0.124141    0.000489407   -0.000913739      0.0098877     0.00191157      0.0109101     0.00805754    -0.00324739        1.81158     -0.0389332     -0.0869419
       0.123362     0.00206848       0.123987    0.000712776    -0.00369143     0.00536087    -0.00955839      0.0232508       0.012518    -0.00533987         2.1286      -0.159593     -0.0836023
       0.122684     0.00262754        0.12377     0.00106779     -0.0052194     0.00852036     -0.0141597      0.0198675      0.0164893      -0.007203        2.95872      -0.113517     -0.0398032
       0.121229     0.00425764       0.122957     0.00205826     -0.0195052      0.0237712     -0.0166099      0.0220902      0.0203514     -0.0151961         6.2821      0.0727154        0.12412
       0.119533     0.00565371       0.122087     0.00290827     -0.0208796      0.0204002     -0.0357705       0.036528      0.0207196     -0.0185259        6.60942       0.080279      0.0626479
       0.118888     0.00653524       0.121145     0.00366234     -0.0226017      0.0180977     -0.0241294      0.0388888      0.0166102     -0.0154843        5.92151      0.0443975       0.156971
       0.119297     0.00633315       0.120515     0.00433115     -0.0151345      0.0160515     -0.0105294       0.020263      0.0139989     -0.0117294        3.99439       0.174294       0.236342
       0.116073     0.00734076       0.118861     0.00525406     -0.0396919      0.0221498     -0.0394117      0.0259427     0.00731081    -0.00954701        2.87236       0.159823      0.0312318
       0.116493      0.0076418       0.117937     0.00597387     -0.0221695      0.0172755     -0.0144399      0.0217087    -0.00238555    -0.00269116        4.26873      0.0844715      0.0132942
       0.116843     0.00794674       0.117227     0.00680851     -0.0170453      0.0200313   -0.000469309      0.0112772    -0.00386005     0.00526296         4.0657      0.0760191      0.0192928
       0.116005     0.00791722       0.116501     0.00734478     -0.0174297      0.0128705    -0.00731919     0.00779616    -0.00392288     0.00827562        4.01623     -0.0289198      -0.103572
       0.115792     0.00915076       0.115628     0.00819197     -0.0209354      0.0203325      0.0140057      0.0132808    -0.00375908      0.0104561        1.66093      -0.134655       0.101533
       0.115667     0.00904671       0.115565     0.00880869    -0.00151795      0.0148013    -0.00748209    -0.00354641    -0.00195092     0.00891601        2.27631     -0.0364171      -0.186666
       0.116864      0.0103583       0.115984     0.00959888      0.0100506      0.0189647      0.0102628     0.00865424    -0.00513321     0.00289677         2.1673     -0.0539444      -0.232803
       0.118367      0.0112383       0.116448      0.0100049      0.0111465     0.00974395      0.0344264      0.0219672     0.00108809    0.000986326        1.85932      -0.219712      0.0346902
       0.118841      0.0117257       0.117273      0.0106564      0.0197909      0.0156354       0.015156     0.00678635      0.0114494    -0.00272168        2.38261     -0.0430896     -0.0321933
       0.118421      0.0121509         0.1178      0.0111113      0.0126463      0.0109181     0.00309011      0.0106012      0.0107027      -0.011304        3.82875      0.0554583      -0.105204
       0.119306      0.0136696       0.118378      0.0119459      0.0138767      0.0200308       0.014753      0.0195646      0.0115735     -0.0119422        4.62596        0.11887      0.0203892
       0.119032      0.0141869       0.118759      0.0124952     0.00913864      0.0131827     8.1128e-05      0.0232223       0.015453    -0.00984551            4.4      0.0658202    -0.00480882
       0.119883      0.0145817        0.11908      0.0130319     0.00771618      0.0128824      0.0178179      0.0212096      0.0157598    -0.00453175        3.84074     0.00273044       0.214281
       0.119059      0.0134181       0.119176      0.0133955      0.0022915     0.00872451    -0.00799521     -0.0110234       0.015596    -0.00157036         3.9062        0.23943      0.0592287
       0.119635      0.0145852       0.119159       0.014057   -0.000413775       0.015878       0.012277     0.00822478     0.00565583    3.94463e-05        5.20783       0.130946        0.17624
       0.120425      0.0148518       0.119427      0.0149013     0.00643069      0.0202611      0.0112411    -0.00986419      0.0031299     0.00990795         7.4816       0.222948      0.0843177
       0.121349      0.0149814       0.119825      0.0156827     0.00955904      0.0187537      0.0187585     -0.0148076    -0.00395208       0.015643        7.29442       0.192947    -0.00333308
       0.122641      0.0138466       0.120326      0.0157581      0.0120134     0.00181134      0.0328647     -0.0253466    -0.00608092      0.0250167        11.6212      0.0360782      0.0146376
       0.123486       0.012632       0.121009      0.0154654      0.0164108    -0.00702529      0.0293705     -0.0354547    -0.00604838      0.0323347        13.2833      -0.160218     -0.0928545
       0.124943      0.0108063       0.121924      0.0149691      0.0219526     -0.0119124      0.0404895     -0.0626389    -0.00603288      0.0337298        12.8151     -0.0676332      -0.075606
       0.127636     0.00931283       0.123282      0.0142391      0.0325854     -0.0175195      0.0637975     -0.0716425    -0.00216907      0.0265813        11.4506      0.0506515       0.120465
       0.130691     0.00649621       0.125487      0.0129822      0.0529384     -0.0301652      0.0623289     -0.0976379   -0.000220951      0.0244008         13.692       0.292464      0.0293805
       0.130978     0.00933823       0.127198       0.012554      0.0410478     -0.0102777      0.0353219     -0.0205279    -0.00419062      0.0277555        13.2035      -0.350217       -0.27895
       0.133536     0.00580408       0.128727       0.011193      0.0367062     -0.0326624      0.0742584     -0.0819062    -0.00498658      0.0408535        13.4783       -0.12333      0.0501537
       0.137985   -0.000698853       0.131809     0.00792961      0.0739571      -0.078322      0.0715964      -0.114199     0.00456339      0.0285571        16.2977     -0.0319131      -0.039216
       0.135327     0.00216475       0.132962     0.00690147      0.0276736     -0.0246753      0.0136561     -0.0511158     0.00449854      0.0210754        9.40519      -0.290244       -0.37879
       0.135998    0.000794224       0.134325     0.00561672      0.0327176      -0.030834      0.0160031     -0.0718803      0.0074336      0.0187744        7.33384     -0.0380165      -0.387699
       0.137974     0.00104044       0.135667     0.00417974      0.0322144     -0.0344875      0.0398621     -0.0261382      0.0242255     0.00751494        6.89906      -0.301956     0.00880681
       0.139752    -0.00492139       0.137701    0.000924778      0.0488123     -0.0781192      0.0191297     -0.0776562      0.0375883     0.00506877        8.52611       -0.10526      0.0591792
       0.137426    -0.00394355       0.138333   -0.000554161      0.0151742     -0.0354945     -0.0227252     -0.0385929      0.0357388    -0.00685931        5.35225     -0.0763363     -0.0298383
       0.138394    -0.00386272       0.139063    -0.00191549      0.0175037      -0.032672    -0.00677485     -0.0199643      0.0329676      -0.010091        7.37426     -0.0672892       0.149489
       0.138865    -0.00621414       0.139895    -0.00374765      0.0199749     -0.0439719     -0.0232539     -0.0314506      0.0328907     -0.0131427        4.50876      0.0830544      0.0486976
       0.138416      -0.012248       0.140011      -0.007218     0.00277698     -0.0832883     -0.0221733     -0.0615363      0.0268537     -0.0154559        4.06755       0.191047      0.0957053
       0.138187     -0.0104253       0.140202    -0.00843182     0.00458872     -0.0291316     -0.0356323     -0.0152173      0.0247012      -0.011353        2.80069      0.0451207     -0.0537797
       0.137711     -0.0113034       0.139878    -0.00969128    -0.00777376      -0.030227     -0.0271343     -0.0157199      0.0217388     -0.0038221        2.72968    -0.00819083      0.0231982
        0.13706     -0.0135413       0.139235      -0.011198     -0.0154431     -0.0361615     -0.0239856     -0.0284358      0.0233617    -0.00252343        4.31975      0.0238227       0.161212
       0.134333     -0.0182456       0.137903     -0.0135016     -0.0319519     -0.0552864     -0.0488227     -0.0685544      0.0233633     -0.0025561        6.05286       0.295496      0.0901264
       0.133803     -0.0167323       0.137121     -0.0144608     -0.0187722     -0.0230214       -0.04802     -0.0167577      0.0176634     -0.0019467        5.19962      0.0106368     -0.0511098
       0.133862     -0.0186704        0.13622     -0.0159588     -0.0216165     -0.0359509     -0.0236796     -0.0294053      0.0136276      0.0116771        8.21909      -0.111839       0.092389
       0.132285     -0.0208274       0.135126     -0.0173053     -0.0262699     -0.0323154     -0.0395541     -0.0489524      0.0142273      0.0109041        7.13693     0.00114913    -0.00286495
       0.129209     -0.0267418       0.133299     -0.0204741     -0.0438495      -0.076051     -0.0534514     -0.0793965      0.0120354     0.00655578        11.0335      0.0607544     -0.0742055
       0.129387      -0.024929       0.132358     -0.0216329     -0.0225685     -0.0278114     -0.0368313     -0.0329554      0.0123542      0.0064473        7.90281      -0.127508      -0.057046
       0.129007     -0.0266286       0.131494     -0.0232004     -0.0207478     -0.0376204     -0.0297207     -0.0434185      0.0146926     0.00841509        7.60997     -0.0902576    0.000988363
        0.12742      -0.028604       0.130369     -0.0249308     -0.0270005     -0.0415311      -0.037733     -0.0460373      0.0173277     0.00497686        7.97608     -0.0370847     0.00671628
       0.125108     -0.0342771       0.128837     -0.0283065     -0.0367706      -0.081015      -0.047269     -0.0738378      0.0175305    9.04679e-05        12.1972      0.0307115     0.00707875
       0.126012       -0.03446       0.128244     -0.0302045     -0.0142243      -0.045553     -0.0248179     -0.0500239      0.0175287   -0.000954759        9.68672      0.0205148       0.101214
       0.126876     -0.0348241       0.127809      -0.031778     -0.0104309     -0.0377628    -0.00412216     -0.0327756      0.0170533   -0.000242841        8.67609     -0.0543885       0.280192
       0.125131     -0.0367666       0.127212     -0.0335049     -0.0143341     -0.0414468     -0.0394313      -0.040634      0.0117682     0.00030731        8.81028     0.00273783     -0.0860151
       0.127065     -0.0432444       0.127433     -0.0372485      0.0052979     -0.0898452    -0.00449942     -0.0701463   -0.000650462    -0.00115527        13.8008      -0.014908      -0.112437
       0.128302     -0.0425073       0.127784     -0.0390615     0.00842214     -0.0435123     0.00683957     -0.0337027     0.00171715    -0.00137604        10.2123      -0.155358      -0.093272
       0.128588     -0.0429452       0.128035     -0.0406411     0.00603318     -0.0379115     0.00861716     -0.0229055     0.00784439    -0.00310827        8.94334      -0.192395     -0.0210138
       0.129343     -0.0457036       0.128741     -0.0427661      0.0169373     -0.0509997     0.00289171     -0.0361002      0.0113435     -0.0104491        11.0331     -0.0566399      -0.079678
       0.132061     -0.0486723       0.130331     -0.0456976        0.03816     -0.0703548      0.0177716     -0.0224081      0.0124038     -0.0177485        12.0083      -0.207432     -0.0868049
       0.129833     -0.0451714       0.130822     -0.0468753      0.0117803     -0.0282649     -0.0355113      0.0691565      0.0156918     -0.0202807        10.6139      -0.230034       -0.12354
       0.129898     -0.0466821       0.131284     -0.0482934      0.0110972     -0.0340359     -0.0200756      0.0156341       0.019363     -0.0292779         11.131      -0.182395      -0.168873
       0.132415     -0.0499985       0.131694     -0.0494581     0.00984657     -0.0279524      0.0268281      -0.018822      0.0244047     -0.0385598        13.1341       0.132606       0.196267
       0.132162     -0.0493511       0.131912      -0.050415     0.00522208     -0.0229652     0.00503222       0.023759      0.0306308      -0.045749        9.81907       0.128255       0.326983
       0.129787     -0.0474945       0.131585     -0.0504261    -0.00784886   -0.000265718      -0.033028      0.0410661       0.020929     -0.0397256        8.46505       0.235263       0.117291
       0.131414     -0.0481508       0.131538     -0.0506135     -0.0011251    -0.00449815     0.00818993      0.0319282      0.0080455     -0.0328859        10.8493        0.32912       0.311895
       0.131079     -0.0478714       0.131508     -0.0507596    -0.00072813    -0.00350654      -0.017009      0.0508617     0.00394124     -0.0226289        10.6635      0.0806397     -0.0420128
       0.132337     -0.0488107       0.131486     -0.0503706    -0.00053072     0.00933453       0.017787     0.00962344    -0.00807172    -0.00948347        12.8342       0.329319      0.0439925
       0.132347     -0.0465886       0.131412     -0.0498177    -0.00176346      0.0132715      0.0103243      0.0640362     -0.0079692    -0.00550128        13.7312      -0.252261     -0.0791427
       0.132317      -0.046365       0.131889     -0.0492909      0.0114441      0.0126432     -0.0086666      0.0422307    -0.00763708     0.00660073        13.8892      -0.363369      -0.464585
       0.133381     -0.0478589       0.132052     -0.0492815     0.00390208    0.000224769      0.0311527      0.0128043    -0.00191658    -0.00623347        10.9349      -0.163221      -0.100471
       0.135343     -0.0448216       0.133222     -0.0478316      0.0280992       0.034798      0.0273181      0.0299166      0.0161808     -0.0210028        11.6511       0.120478     0.00515014
       0.134903     -0.0424021       0.133988     -0.0468836       0.018361      0.0227527     0.00781826      0.0681935      0.0180948     -0.0253264        8.42342     -0.0421192      0.0109386
       0.133742     -0.0410512        0.13428     -0.0457687     0.00701559      0.0267567     -0.0135343      0.0607584      0.0178031     -0.0192622        7.26646      0.0241946     -0.0703705
       0.135901      -0.041652       0.135159     -0.0451923      0.0211104      0.0138343      0.0142678       0.043607      0.0172784     -0.0193807        6.61653       0.127688       0.121784
       0.137507     -0.0384538       0.136642     -0.0436913      0.0355865      0.0360241     -0.0019014      0.0754667      0.0182124      -0.018667        5.96383     -0.0144049      -0.078931
       0.138046      -0.038406       0.137319     -0.0429128      0.0162452       0.018682      0.0127779      0.0622439      0.0150983     -0.0144005        5.61357      -0.080117      0.0787099
       0.138495     -0.0374678       0.138114      -0.041823      0.0190794      0.0261565    -0.00196006      0.0560851      0.0167245     -0.0150141        5.53702     -0.0219629    -0.00391948
       0.138734     -0.0374394       0.138571     -0.0407598      0.0109717      0.0255171     0.00199953      0.0322635      0.0143979     -0.0181843        4.62633       0.270758      0.0501843
       0.140553     -0.0314616       0.139514     -0.0380439      0.0226235      0.0651819      0.0130734      0.0923113      0.0140384      -0.019436        4.46627      0.0598193       0.107739
       0.140555     -0.0319931       0.139868      -0.036874     0.00849617      0.0280778     0.00946255      0.0643516      0.0123269    -0.00973119         6.2662    -0.00721792       0.150534
       0.141194     -0.0333686       0.140241     -0.0361217     0.00895393      0.0180542      0.0134569      0.0292211     0.00619096    -0.00602103        5.86995       0.132831       0.172307
       0.142379     -0.0334774       0.140888     -0.0354488      0.0155393       0.016149       0.016653       0.023482   -0.000416931    -0.00557913        8.73112       0.163258      0.0754035
       0.146567     -0.0285886       0.142562      -0.033274      0.0401613      0.0521956      0.0555606      0.0681803    -0.00671976   -0.000531089         14.648       -0.11671       0.151088
       0.146673     -0.0308961       0.143426     -0.0328693      0.0207367     0.00971237      0.0371138      0.0210831    -0.00957292      0.0049728        16.8252     -0.0472156     -0.0259121
       0.147188     -0.0319111       0.144263     -0.0323454      0.0200858      0.0125748        0.03373    -0.00632856     -0.0160924    9.64284e-05        16.6917        0.23266      -0.182709
       0.148985     -0.0307724        0.14517     -0.0321425      0.0217767      0.0048683      0.0575474      0.0320036     -0.0157142    -0.00238229        17.1798      -0.140999     0.00307543
       0.151914     -0.0303432       0.146827     -0.0314236      0.0397643      0.0172549      0.0703056     0.00598664    -0.00752109     0.00616311        17.6248      0.0119542       0.134413
       0.151158     -0.0316598       0.147456     -0.0317276      0.0150887    -0.00729766      0.0492879     0.00520505    -0.00826066      0.0012338        16.3936      -0.087117       0.130158
       0.151966     -0.0310728       0.148365     -0.0315814      0.0218142     0.00350878      0.0449837      0.0074043     -0.0139875    0.000939357        16.5608     -0.0949509      0.0182495
       0.152871     -0.0298243       0.149317     -0.0312399      0.0228581      0.0081967      0.0425768      0.0229472     -0.0188997    -0.00289561        18.1566      -0.176669      -0.143331
       0.156924      -0.028651       0.151426     -0.0306044      0.0506047      0.0152518      0.0718251       0.022893     -0.0189218     -0.0066712         20.357     -0.0727854      -0.126028
       0.157307     -0.0269034        0.15269     -0.0297973       0.030358      0.0193712      0.0598381      0.0396342     -0.0140915      -0.013793        17.7919     -0.0691061      -0.107614
       0.158218     -0.0251011       0.154182     -0.0286769      0.0358053        0.02689      0.0482823        0.04411    -0.00731629     -0.0176485        15.6538      0.0358025      -0.161315
       0.158286     -0.0259001       0.155276     -0.0281783      0.0262592      0.0119655      0.0371616       0.021907    -0.00246733      -0.019571        10.8127       0.266582      -0.146135
       0.161457     -0.0212354       0.157465     -0.0262619       0.052533      0.0459943      0.0489455      0.0739513     0.00406581     -0.0169369        12.6521        0.02338     -0.0916571
       0.161251      -0.021817       0.158658     -0.0255586      0.0286303      0.0168786      0.0316627      0.0519796     0.00961024    -0.00634612           9.72     -0.0858367     -0.0263907
       0.160619     -0.0220221        0.15948     -0.0249668      0.0197225      0.0142044     0.00956579      0.0404765      0.0130751    -0.00581635        8.71902      -0.129374     -0.0520549
       0.161421     -0.0221162       0.160527     -0.0243709      0.0251319      0.0143005     0.00721739      0.0245241      0.0139429    -0.00883533        9.07482      0.0223522     -0.0532842
       0.163586     -0.0169169       0.162028     -0.0220073      0.0360088      0.0567265      0.0173467      0.0657581      0.0165883     -0.0152371        8.76964      0.0125257     0.00466483
       0.163522     -0.0178506       0.162797     -0.0212242      0.0184643      0.0187953     0.00755665      0.0401173      0.0183385     -0.0147258        7.69118       0.105975       0.064871
       0.162248      -0.016005       0.162927     -0.0198469       0.003111      0.0330546     -0.0132487      0.0500187      0.0180402     -0.0131794        5.66221        0.08636      0.0282362
       0.161814     -0.0158831       0.163089     -0.0189733     0.00388741      0.0209661      -0.023204      0.0400684      0.0156726    -0.00818266        5.52082      0.0651319     -0.0745081
       0.161956     -0.0145762        0.16308     -0.0177312   -0.000201702      0.0298091     -0.0132497      0.0400358      0.0143059    -0.00458099        6.16712       0.040692      0.0108387
       0.162053      -0.014703       0.162974     -0.0169476    -0.00254488      0.0188072      -0.008852      0.0272996      0.0160752    -0.00202228        6.27452      0.0445839       0.134071
       0.160716     -0.0148345       0.162569     -0.0163639    -0.00971675      0.0140094     -0.0291202      0.0182579      0.0153713    1.28627e-05        4.25353      0.0475576      0.0341211
       0.159354     -0.0133579       0.161862     -0.0153545     -0.0169773      0.0242262     -0.0358517      0.0259058      0.0106927     0.00179623        4.37857    -0.00664157     -0.0519117
       0.157652     -0.0122416       0.160683     -0.0143135     -0.0282962       0.024982     -0.0382053      0.0254599     0.00982505     0.00344478        4.38613     -0.0291717     -0.0412557
       0.157726     -0.0119869       0.160048     -0.0137057     -0.0152371      0.0145876      -0.028725       0.024095      0.0110965     0.00326692        4.66447      -0.105909    0.000433866
       0.157499      -0.011316       0.159623     -0.0129074      -0.010191      0.0191602     -0.0298197      0.0165198      0.0130121     0.00225245         4.0782     -0.0247533     -0.0313265
       0.156082      -0.011692       0.158571     -0.0127944     -0.0252621     0.00271133     -0.0271034      0.0171171      0.0132168    -0.00217165        3.86214     -0.0785454      0.0936397
       0.153523      -0.011655       0.157164     -0.0124994     -0.0337572     0.00708023     -0.0502828     0.00641506      0.0142258    -0.00409616        3.59169      0.0559447    -0.00204474
       0.153234      -0.011248       0.156268     -0.0122823     -0.0215102     0.00521117     -0.0388384      0.0150987       0.011831    -0.00663258        3.59715      0.0361494    -0.00875081
       0.153829     -0.0120326       0.155464     -0.0124645     -0.0192865    -0.00437301      -0.010021     0.00606175      0.0118294    -0.00663258        3.83502      0.0417831       0.241199
       0.153039     -0.0121804       0.154836      -0.012346     -0.0150687     0.00284272     -0.0279925    -0.00191391      0.0118294    -0.00663258        3.76461       0.145336      0.0864766
       0.151029     -0.0130698       0.153581     -0.0126493     -0.0301237    -0.00727936     -0.0341602    -0.00424396      0.0118294    -0.00663258         4.1098       0.106155     -0.0304159
       0.152031     -0.0115375       0.153164     -0.0121907     -0.0100157      0.0110074     -0.0133739      0.0122299      0.0118294    -0.00663258        6.63805     -0.0397028     -0.0563195
       0.151961     -0.0122138       0.152589      -0.012242     -0.0137998     -0.0012323    -0.00351729     0.00202291      0.0118294    -0.00663258        6.45814      -0.113424      0.0161946
       0.151235     -0.0130269       0.152238     -0.0123677    -0.00843108    -0.00301621     -0.0186953     -0.0121001      0.0118294    -0.00663258         5.5317     -0.0310902      -0.150812
       0.148448     -0.0123213       0.150738     -0.0123391     -0.0359949    0.000688009      -0.023862     0.00375856      0.0118294    -0.00663258        3.91977      -0.107693     -0.0526716
       0.150171     -0.0132557       0.150624     -0.0127666    -0.00274408     -0.0102621     0.00038445    -0.00684679      0.0118294    -0.00663258        3.92401     -0.0604369       0.104714
       0.148809     -0.0127311       0.149922     -0.0128824     -0.0168375    -0.00277863     -0.0129725     0.00429072      0.0118294    -0.00663258        3.70548     -0.0706987       0.119272
        0.14756     -0.0124284       0.149357     -0.0129702     -0.0135541    -0.00210755     -0.0306227     0.00838891      0.0118294    -0.00663258        4.55738     -0.0421926      -0.105639
       0.145572     -0.0135128       0.147924     -0.0134732     -0.0344085     -0.0120703     -0.0241185    -0.00109583      0.0118294    -0.00663258        3.92453      0.0417789     -0.0138498
        0.14594     -0.0117705       0.147305      -0.013166     -0.0148534     0.00737183     -0.0148456      0.0222506      0.0118294    -0.00663258        4.56068     -0.0158928      0.0258206
       0.144577     -0.0118844       0.146316     -0.0132067     -0.0237379   -0.000975966      -0.020288      0.0200498      0.0118294    -0.00663258        3.33863     -0.0399751      0.0377613
       0.144076     -0.0114395       0.145716     -0.0131281     -0.0143867       0.001886     -0.0237968      0.0267594      0.0118294    -0.00663258        4.90275     -0.0995214     -0.0629366
       0.142931     -0.0127341        0.14487     -0.0135316     -0.0203154    -0.00968492     -0.0254202     0.00990133      0.0118294    -0.00663258        3.95701    -0.00148326       -0.10367
       0.143997     -0.0113257       0.144627     -0.0134257    -0.00582361     0.00254197    -0.00180641      0.0361477      0.0118294    -0.00663258        4.36421       -0.14121       0.052371
       0.143669     -0.0120445       0.144375     -0.0136161    -0.00604177    -0.00456939    -0.00975091      0.0191733      0.0118294    -0.00663258        4.43385    -0.00928854      0.0441169
        0.14355     -0.0122699       0.144359     -0.0138011    -0.00039804    -0.00444031     -0.0150624      0.0212528      0.0118294    -0.00663258        5.17049      0.0777667     -0.0633294
       0.143544     -0.0118608       0.144153     -0.0138856    -0.00493133    -0.00202744    -0.00522176      0.0316185      0.0118294    -0.00663258        4.54452       0.038512     0.00584439
       0.143901     -0.0122485       0.144085     -0.0140666    -0.00164509     -0.0043442    0.000475045      0.0266876      0.0118294    -0.00663258        4.08031      0.0413083      0.0859222
       0.144151     -0.0126581       0.144137     -0.0143248     0.00124419     -0.0061972    0.000402447      0.0267766      0.0118294    -0.00663258        3.62756     -0.0033221      0.0918259
       0.143415     -0.0144663       0.143929     -0.0150723    -0.00497317     -0.0179398     -0.0099977      0.0100901      0.0118294    -0.00663258        3.71804      0.0432508       -0.01544
       0.143224     -0.0162905       0.143629     -0.0160495    -0.00720334     -0.0234521    -0.00368336   -0.000992464      0.0118294    -0.00663258        3.38715       0.093103    -0.00932713
       0.142938     -0.0152345       0.143376     -0.0160527    -0.00608718   -7.78288e-05    -0.00678991      0.0126443      0.0118294    -0.00663258        2.59775       0.100829     -0.0601466
       0.143222     -0.0154588       0.143273     -0.0161561    -0.00245368    -0.00248109     0.00163984     0.00990202      0.0118294    -0.00663258        3.44158       0.107285     -0.0120956
        0.14296     -0.0165024       0.142987     -0.0166866    -0.00686002     -0.0127332     0.00379827     0.00820464      0.0118294    -0.00663258        2.49977     -0.0109131      0.0796381
       0.141425     -0.0173973        0.14231     -0.0173167     -0.0162646     -0.0151213     -0.0115285     0.00521459      0.0118294    -0.00663258        3.85145       -0.13012      0.0402655
       0.140352     -0.0178804       0.141523     -0.0175676     -0.0188745    -0.00602232     -0.0136222    -0.00770019      0.0118294    -0.00663258        4.23357     0.00584687       0.019596
       0.139834     -0.0174706       0.140848     -0.0176974     -0.0162138    -0.00311552     -0.0118214     0.00539235      0.0118294    -0.00663258        2.96377    -0.00339884    -0.00852543
       0.139423     -0.0173164       0.140203     -0.0178648     -0.0154696    -0.00401554    -0.00741086     0.00999874      0.0118294    -0.00663258        3.51324     -0.0288878     0.00120409
       0.136063     -0.0155159       0.138392     -0.0173182     -0.0434611      0.0131186      -0.025816      0.0261518      0.0118294    -0.00663258        3.62606     -0.0709699      0.0147594
       0.135393      -0.015974       0.137333     -0.0172641     -0.0254298     0.00129685     -0.0242696      0.0164492      0.0118294    -0.00663258        2.64283     -0.0145777     -0.0447711
       0.134895      -0.016224       0.136315     -0.0172995     -0.0244299   -0.000849143      -0.012545      0.0145713      0.0118294    -0.00663258         2.3506      0.0258331      0.0287694
         0.1344     -0.0156102       0.135458     -0.0172128     -0.0205582     0.00208144      -0.009799      0.0258205      0.0118294    -0.00663258        2.33751     -0.0459031      0.0593732
       0.131542     -0.0161341       0.133741      -0.017214     -0.0412012   -2.83867e-05     -0.0243881      0.0112842      0.0118294    -0.00663258         1.8685      0.0747446      0.0550236
       0.131906     -0.0177207       0.133064     -0.0179228      -0.016271     -0.0170119     -0.0142781     0.00686741      0.0118294    -0.00663258        3.26492      0.0450937     -0.0182681
       0.132043     -0.0178291       0.132584      -0.018315     -0.0114999    -0.00941344    -0.00624522      0.0109778      0.0118294    -0.00663258        3.75442      -0.012804     -0.0724611
       0.131382     -0.0182151       0.131789     -0.0186269     -0.0190823    -0.00748488       0.001169     0.00701475      0.0118294    -0.00663258        2.70768    -0.00368607      0.0219453
       0.128666     -0.0201976       0.130372     -0.0195785     -0.0340108     -0.0228387     -0.0209285    -0.00582922      0.0118294    -0.00663258        2.12563       0.020107     -0.0335819
       0.129228     -0.0213308        0.12977     -0.0205485     -0.0144435     -0.0232796   -0.000415854    -0.00552635      0.0118294    -0.00663258        2.94461     -0.0140608      0.0646661
       0.128203     -0.0213511       0.129052     -0.0211088     -0.0172337     -0.0134473     -0.0120652    0.000411839      0.0118294    -0.00663258        2.67873     -0.0284014     -0.0315591
       0.128519     -0.0214927       0.128573     -0.0216533     -0.0115145     -0.0130682     0.00589974     0.00757635      0.0118294    -0.00663258        3.54386      -0.090666      0.0678439
       0.126198     -0.0241099       0.127397     -0.0227481     -0.0282129     -0.0262761     -0.0153467     -0.0230775      0.0118294    -0.00663258        3.25933       0.144996     -0.0167324
       0.126026     -0.0235749       0.126808     -0.0234016     -0.0141442     -0.0156834    -0.00976455     0.00740702      0.0118294    -0.00663258        3.23794     -0.0114982      -0.085543
       0.125825     -0.0238983        0.12613     -0.0238429     -0.0162735     -0.0105913     0.00279123   -0.000576771      0.0118294    -0.00663258        3.23769       0.036444      0.0210562
       0.127367     -0.0240437       0.126051     -0.0246093     -0.0018822     -0.0183925      0.0285845       0.022531      0.0118294    -0.00663258        5.34995      -0.268611       0.261759
        0.12266     -0.0263067       0.124856     -0.0255667     -0.0286909     -0.0229779     -0.0477217     -0.0151261      0.0118294    -0.00663258        5.67547     0.00181086      -0.329818
       0.124757      -0.026439       0.124642     -0.0260215    -0.00513893     -0.0109168      0.0142387    -0.00823629      0.0118294    -0.00663258        4.87537       0.170398     -0.0702529
       0.123998     -0.0257914       0.124267     -0.0266002     -0.0089922     -0.0138881    -0.00543793       0.023396      0.0118294    -0.00663258        3.39852     -0.0556087      -0.122594
       0.125627     -0.0269668       0.124539     -0.0272782     0.00653404     -0.0162708      0.0241278     0.00531268      0.0118294    -0.00663258        3.17853     -0.0171743       0.141681
       0.124018     -0.0287577        0.12417     -0.0282194    -0.00885952     -0.0225897     -0.0034556    -0.00611968      0.0118294    -0.00663258        3.90702      0.0626377      0.0968522
       0.124129      -0.027465       0.124242     -0.0283021      0.0017193    -0.00198488    -0.00494587      0.0160314      0.0118294    -0.00663258        2.13023     0.00657161     -0.0182251
         0.1248      -0.028206       0.124272     -0.0287235    0.000727952     -0.0101147      0.0105666     0.00861384      0.0118294    -0.00663258        2.74749      0.0211553      0.0442359
       0.124672     -0.0278983       0.124195     -0.0288486    -0.00184214    -0.00300157     0.00638719      0.0164183      0.0118294    -0.00663258        3.01811     -0.0239867      0.0159943
