       -0.06216    -0.00117043     -0.0913867    -0.00572348        0.35072      0.0546366        0.35072      0.0546366     6.0891e-05   -1.56167e-06   -1.17563e-06      0.0147123        52.6215
     -0.0873844     -0.0123624     -0.0913867    -0.00572348              0              0      0.0328634     -0.0439966   -6.84511e-05    0.000215161      0.0294251      0.0314388        46.3644
     -0.0897881    -0.00873182     -0.0913867    -0.00572348              0              0      0.0147783     -0.0367055    -0.00738063      0.0134996       0.033453       0.033237        49.3844
      -0.090287    -0.00817526     -0.0913867    -0.00572348              0              0      0.0149461     -0.0354529     -0.0102781      0.0168456      0.0330205      0.0339189         48.694
     -0.0873873     -0.0107413       -0.09016    -0.00694534      0.0294401     -0.0293248      0.0368163     -0.0502206    -0.00930622      0.0163689      0.0348172      0.0354066        45.5989
      -0.088466    -0.00926253       -0.09016    -0.00694534              0              0      0.0254829     -0.0301478    -0.00725618      0.0163996       0.035996      0.0340304        48.7648
     -0.0890999     -0.0116812       -0.09016    -0.00816719              0     -0.0293243      0.0137626     -0.0449226    -0.00610581      0.0167761      0.0320654      0.0284352         53.648
     -0.0866214      -0.014477     -0.0889333    -0.00938906      0.0294399     -0.0293248      0.0257042      -0.079992    -0.00666466      0.0162341      0.0248055       0.034946        45.6875
      -0.090329     -0.0117756       -0.09016    -0.00938906     -0.0294399              0     0.00514381     -0.0235701    -0.00744345      0.0126672      0.0450869      0.0447721        53.8683
     -0.0838296     -0.0171847     -0.0877067     -0.0118328      0.0588799     -0.0586496      0.0460616      -0.067038    -0.00556889      0.0208545      0.0444579      0.0409493        41.7176
     -0.0854434      -0.018553     -0.0877067     -0.0130547              0     -0.0293248      0.0370798      -0.079936    -0.00592508      0.0222086      0.0374408      0.0412545        47.0791
     -0.0836092     -0.0192802       -0.08648     -0.0142765      0.0294399     -0.0293248      0.0315423     -0.0639614    -0.00676718      0.0188624      0.0450678      0.0468116        42.3397
     -0.0849845     -0.0201015       -0.08648     -0.0154984              0     -0.0293248      0.0190194     -0.0574691      -0.013513      0.0218956      0.0485554      0.0461645         44.332
     -0.0786862     -0.0244175     -0.0840267     -0.0179421        0.05888     -0.0586496      0.0736167     -0.0837827     -0.0143295      0.0240266      0.0437737      0.0408826        38.1677
     -0.0784755     -0.0273217        -0.0828     -0.0203859      0.0294399     -0.0586496      0.0535897     -0.0888577     -0.0134533       0.022908      0.0379906       0.035243        40.1896
     -0.0777181     -0.0296354     -0.0815733     -0.0228296      0.0294401     -0.0586491      0.0468466     -0.0858247     -0.0153265      0.0196087       0.032495      0.0293016        36.7952
     -0.0767841     -0.0284584     -0.0803467     -0.0240514      0.0294399     -0.0293248      0.0422148     -0.0514787     -0.0168262      0.0167291      0.0261083       0.018353        33.5253
     -0.0691621     -0.0379463     -0.0766667     -0.0289389      0.0883201      -0.117299      0.0988856      -0.112606     -0.0151799      0.0122458      0.0105977     0.00541162        30.0647
      -0.067537       -0.03531     -0.0742133     -0.0301608        0.05888     -0.0293248      0.0855118     -0.0684409    -0.00913777     0.00438558    0.000225544    0.000878811        24.8428
     -0.0688702     -0.0375467     -0.0729867     -0.0326045      0.0294399     -0.0586496      0.0483428     -0.0568435    -0.00873222   -0.000332844     0.00153255     -0.0002456        30.0781
      -0.064631      -0.037585     -0.0705333     -0.0338264        0.05888     -0.0293248      0.0807484     -0.0529945    -0.00999167   -0.000353229    -0.00202326      0.0035491        25.9344
     -0.0564167      -0.046875     -0.0656267     -0.0387138        0.11776      -0.117299       0.107455     -0.0959884    -0.00996425   -0.000629556     0.00912046      0.0117531        22.7844
      -0.056391     -0.0470741     -0.0631733     -0.0411576      0.0588804     -0.0586496      0.0821865     -0.0693037      -0.015613     0.00481116      0.0143852      0.0136242        23.6238
      -0.051234     -0.0488085     -0.0594933     -0.0436013        0.08832     -0.0586496        0.10509     -0.0593569     -0.0148647     0.00673782      0.0128636     0.00755644        20.5732
     -0.0502764     -0.0484655       -0.05704     -0.0448232      0.0588799     -0.0293248      0.0845755     -0.0472954     -0.0117473     0.00570678     0.00224876   -0.000186292        20.6392
     -0.0397631     -0.0580446     -0.0509067     -0.0497106         0.1472      -0.117299       0.133034      -0.102964     -0.0110178   -7.53522e-05    -0.00262108    -0.00209563        17.9042
     -0.0409743     -0.0580059     -0.0484533     -0.0521543      0.0588803     -0.0586495       0.094923     -0.0696557     -0.0106224    -0.00277497    -0.00157008    -0.00136913        18.6755
     -0.0369858     -0.0561266     -0.0447733     -0.0533762        0.08832     -0.0293249      0.0931774     -0.0254155    -0.00773683    -0.00271989    -0.00116816     -0.0076605        14.8437
     -0.0359894     -0.0592841       -0.04232     -0.0558199      0.0588799     -0.0586494      0.0803095     -0.0364178    -0.00712469    -0.00245167     -0.0141528     -0.0233839        17.3225
     -0.0254308     -0.0653745     -0.0361867     -0.0594855         0.1472     -0.0879744       0.127627     -0.0751396    -0.00565889    -0.00981296     -0.0326151     -0.0337545        13.7954
     -0.0263678      -0.064104     -0.0337333     -0.0607074      0.0588803     -0.0293248      0.0955588     -0.0486866     -0.0057049     -0.0182089      -0.034894     -0.0244787        16.6079
     -0.0222534     -0.0658855     -0.0300533     -0.0631511        0.08832     -0.0586494      0.0936431     -0.0169652    -0.00524833     -0.0183971      -0.014064     -0.0160067        11.9806
     -0.0219127     -0.0662482        -0.0276      -0.064373      0.0588799     -0.0293248      0.0627727     -0.0239831    -0.00767532    -0.00907851     -0.0179489       -0.01629        11.8579
     -0.0128985     -0.0730349     -0.0226933     -0.0680386        0.11776     -0.0879745       0.129297     -0.0551271    -0.00975313     -0.0087799     -0.0146312     -0.0153431        13.0771
     -0.0109986     -0.0718801     -0.0190133     -0.0692604        0.08832     -0.0293246      0.0885922     -0.0305788     -0.0061517    -0.00884963      -0.016055     -0.0154831        10.4609
    -0.00983621     -0.0724479       -0.01656     -0.0704823      0.0588799     -0.0293248      0.0906637     -0.0220228     -0.0082294    -0.00915028     -0.0149113     -0.0137772        9.86529
    -0.00845548     -0.0732997     -0.0141067     -0.0717042      0.0588799     -0.0293248      0.0646408     -0.0150806    -0.00525346    -0.00895394      -0.012643     -0.0135148        10.1748
     0.00297626     -0.0777549    -0.00797335     -0.0741479         0.1472     -0.0586495       0.135824     -0.0443621    -0.00806918    -0.00777162     -0.0143866     -0.0124153        10.8633
     0.00440101     -0.0775706    -0.00429335     -0.0753698        0.08832     -0.0293248       0.103305     -0.0227977    -0.00781014     -0.0078168     -0.0104439     -0.0103535        9.73237
     0.00472451     -0.0781756       -0.00184     -0.0765916      0.0588803     -0.0293246      0.0825877      -0.013616    -0.00793948    -0.00666715     -0.0102631     -0.0136688         9.0366
     0.00909166     -0.0768207        0.00184     -0.0765916        0.08832              0      0.0842113    -0.00557578    -0.00772324    -0.00647689     -0.0170745     -0.0157387        6.88845
      0.0189522     -0.0816231     0.00797333     -0.0790354         0.1472     -0.0586497       0.132165     -0.0233144     -0.0072886    -0.00886394     -0.0144028     -0.0180948        11.5044
      0.0202165     -0.0791639      0.0116533     -0.0790354        0.08832              0       0.104244    -0.00166178    -0.00356271    -0.00886191     -0.0217867     -0.0225515        6.96187
       0.022797     -0.0784839      0.0153333     -0.0790354        0.08832              0      0.0875185     0.00715562   -5.99873e-05     -0.0120729     -0.0233169     -0.0215361        6.63435
      0.0227233     -0.0807545      0.0177867     -0.0802572      0.0588799     -0.0293248      0.0541587    0.000657029     0.00216243     -0.0131365     -0.0197554     -0.0212879        7.41232
      0.0365023     -0.0823447      0.0251467     -0.0814791        0.17664     -0.0293248       0.136722    -0.00638889     0.00470028     -0.0124862     -0.0228204     -0.0249639        12.1155
      0.0327669     -0.0805896      0.0288267     -0.0814791        0.08832              0     0.00624686       0.021349      0.0106337     -0.0127846     -0.0271073     -0.0297895        7.57587
      0.0365496     -0.0799126        0.03128     -0.0814791      0.0588803              0       0.070949      0.0247055      0.0142845     -0.0152328     -0.0324717     -0.0372889         6.8442
      0.0415021     -0.0798832        0.03496     -0.0814791        0.08832              0      0.0772012      0.0209871      0.0160947     -0.0181557     -0.0421062     -0.0448152        7.38148
      0.0508544     -0.0772361      0.0410933     -0.0802572         0.1472      0.0293248       0.117841      0.0340383      0.0170151      -0.022866     -0.0475241     -0.0433537        8.73452
      0.0515187     -0.0782798      0.0447733     -0.0802572        0.08832              0       0.072504      0.0244622        0.01695     -0.0255371     -0.0391828     -0.0307444        6.35504
      0.0521232     -0.0756518      0.0472267     -0.0790354      0.0588799      0.0293248      0.0621906      0.0441164      0.0138633      -0.022502     -0.0223058     -0.0141401        4.08305
        0.05687     -0.0741415      0.0509067     -0.0778135        0.08832      0.0293249       0.068497      0.0502642       0.012551     -0.0147339    -0.00597432    -0.00250537         8.1694
      0.0670545     -0.0735801        0.05704     -0.0765916         0.1472      0.0293248       0.118602      0.0361047     0.00662467    -0.00408388    0.000964165      0.0043664        12.5289
       0.065847     -0.0760192      0.0594933     -0.0765916      0.0588803              0      0.0763103     0.00460503     0.00064752   -0.000844252     0.00776863      0.0122151        10.8315
      0.0703061     -0.0734407      0.0631733     -0.0753698        0.08832      0.0293246        0.08372       0.027624    -0.00353363     0.00201927      0.0166616      0.0147319        12.8855
      0.0712922     -0.0753564      0.0656267     -0.0753698      0.0588799              0      0.0660973    -0.00333487    -0.00720813     0.00628375      0.0128031      0.0123372        16.1455
      0.0821309     -0.0755573        0.07176     -0.0753698         0.1472              0       0.121841    5.69373e-05    -0.00765302      0.0056517      0.0118713      0.0076704         26.295
      0.0831686     -0.0751989        0.07544     -0.0753698      0.0883201              0      0.0873377     0.00625758    -0.00433293     0.00461267     0.00346947     -0.0049815        18.4897
       0.082163     -0.0754074      0.0778933     -0.0753698      0.0588802              0       0.040097    -0.00428761     0.00303874    -0.00047816     -0.0134322     -0.0165914        13.9839
      0.0866578     -0.0771427      0.0815733     -0.0765916      0.0883201     -0.0293246      0.0609689     0.00385663      0.0143697    -0.00950016      -0.019751     -0.0295321        16.5676
      0.0935931     -0.0760673        0.08648     -0.0765916        0.11776              0      0.0899014     0.00264414      0.0307458     -0.0127705     -0.0393133     -0.0416986        17.5971
      0.0924443     -0.0775944      0.0889333     -0.0765916      0.0588802              0      0.0253829     -0.0240657      0.0394381     -0.0217205     -0.0440836     -0.0400973        18.3402
      0.0926596       -0.07803        0.09016     -0.0778135      0.0294397     -0.0293248      0.0299121      0.0151846      0.0365065     -0.0244594     -0.0361106     -0.0393176        13.2661
      0.0951798     -0.0768778      0.0926133     -0.0778135      0.0588802              0       0.028473     0.00833056      0.0324638     -0.0212216     -0.0425247     -0.0402731        10.5115
      0.0998988     -0.0734214      0.0962933     -0.0765916      0.0883201      0.0293248      0.0303749      0.0424793      0.0242773      -0.022598     -0.0380214     -0.0346552        11.1873
      0.0981349      -0.074451        0.09752     -0.0765916      0.0294396              0    -0.00593574      0.0282068      0.0151793     -0.0209906     -0.0312888     -0.0259447        10.0871
      0.0995252     -0.0750678      0.0987466     -0.0765916      0.0294397              0     0.00976887      0.0206787      0.0130077     -0.0176915     -0.0206005     -0.0148471        10.0352
       0.100393     -0.0715899      0.0999733     -0.0753698      0.0294406      0.0293246    -0.00209287      0.0595258      0.0170151     -0.0120444    -0.00909377     -0.0145704        9.67346
       0.101471     -0.0734293         0.1012     -0.0753698      0.0294397              0    -0.00189017       0.024982      0.0176762    -0.00646068     -0.0200475     -0.0244888        11.3281
      0.0998168     -0.0741455         0.1012     -0.0753698              0              0     -0.0205026      0.0150418      0.0182116     -0.0106862       -0.02893     -0.0300947        8.62553
       0.102364     -0.0708988       0.102427     -0.0741479      0.0294396      0.0293248    -0.00478563      0.0440347      0.0183787     -0.0164582     -0.0312594      -0.032912        8.46398
       0.101129     -0.0721223       0.102427     -0.0741479              0              0     -0.0194146      0.0262867       0.017521     -0.0174952     -0.0345646     -0.0336262        8.73394
       0.100927     -0.0694009       0.102427      -0.072926              0      0.0293248     -0.0220238      0.0463927      0.0145027     -0.0188636     -0.0326877     -0.0311503        7.14261
       0.101099     -0.0675702       0.102427     -0.0717042              0      0.0293248     -0.0192161      0.0559185      0.0105331     -0.0187408     -0.0296131     -0.0297894        7.22589
       0.101228     -0.0697379       0.102427     -0.0717042              0              0     -0.0187488       0.022298     0.00703046     -0.0176075     -0.0299657     -0.0251364        8.48656
       0.101614     -0.0672291       0.102427     -0.0704823              0      0.0293248     -0.0106351      0.0434706     0.00414822     -0.0172578     -0.0203069      -0.016774        8.98342
       0.101977     -0.0655916       0.102427     -0.0692604              0      0.0293248    -0.00481504      0.0497553     0.00327394     -0.0113286     -0.0132412     -0.0130986        8.51437
       0.101737      -0.064977       0.102427     -0.0680386              0      0.0293246     -0.0134821      0.0344417     0.00181136    -0.00846494     -0.0129559     -0.0090019        8.36893
       0.102008     -0.0638126       0.102427     -0.0668167              0      0.0293249    -0.00493471      0.0386989    -0.00132468    -0.00845886    -0.00504812    -0.00281449        9.26245
       0.102018      -0.062045       0.102427     -0.0655949              0      0.0293248    -0.00660278      0.0523465    -0.00113895    -0.00536026   -0.000580886    -0.00707235        8.80139
      0.0989828     -0.0586787         0.1012     -0.0631511     -0.0294396      0.0586495     -0.0280209      0.0483809   -0.000450278    -0.00305308      -0.013564     -0.0135329        5.69014
       0.100296     -0.0585537         0.1012     -0.0619293              0      0.0293248     -0.0106185      0.0423178    0.000981306    -0.00805999     -0.0135016     -0.0133534        6.50928
       0.100602     -0.0602287         0.1012     -0.0619293              0              0    -0.00802634      0.0247542     0.00248823    -0.00912143     -0.0132051     -0.0152295        7.34492
       0.100366     -0.0578179         0.1012     -0.0607074              0      0.0293246     -0.0148803      0.0368933      0.0024539    -0.00923194     -0.0172539     -0.0189538        6.69018
       0.100561     -0.0562107         0.1012     -0.0594855              0      0.0293248    -0.00788981      0.0415734     0.00221369     -0.0105002     -0.0206538     -0.0217336        6.90062
       0.100628     -0.0544787         0.1012     -0.0582637              0      0.0293249    -0.00749342      0.0516733     0.00279317     -0.0125597     -0.0228133     -0.0265238        8.47568
       0.100822      -0.052964         0.1012     -0.0570418              0      0.0293248    -0.00292678      0.0543689     0.00342021     -0.0138443     -0.0302343     -0.0349648        8.86029
       0.100419     -0.0519688         0.1012     -0.0558199              0      0.0293248     -0.0152302      0.0456904      0.0033457     -0.0174093     -0.0396953     -0.0387346        8.83112
       0.100901     -0.0506683         0.1012     -0.0545981              0      0.0293249   -0.000940091      0.0490439    0.000456308     -0.0225388     -0.0377747     -0.0337818         9.5254
       0.100771     -0.0493738         0.1012     -0.0533762              0      0.0293245     -0.0087434      0.0512387    0.000274156     -0.0214712     -0.0297887     -0.0246803        9.78372
       0.101117     -0.0508369         0.1012     -0.0533762              0              0      0.0012631      0.0389565    -0.00203219      -0.016857      -0.019572     -0.0194934        10.1367
       0.100515     -0.0491597         0.1012     -0.0521543              0      0.0293249     -0.0165157      0.0340681    -0.00210192      -0.011617     -0.0194147     -0.0149796        8.36934
       0.103849     -0.0502227       0.102427     -0.0521543      0.0294396              0      0.0193946       0.032239    -0.00354567     -0.0110359     -0.0105441     -0.0128756        11.0002
       0.102557     -0.0510036       0.102427     -0.0521543              0              0     0.00119512      0.0145563     0.00050578    -0.00784529     -0.0152069     -0.0162552        8.64496
       0.101623     -0.0482079       0.102427     -0.0509325              0      0.0293248     -0.0151372      0.0355714     0.00303874    -0.00911547     -0.0173034     -0.0186125        8.29984
        0.10151     -0.0493533       0.102427     -0.0509325              0              0     -0.0119001      0.0222399     0.00425897     -0.0100992     -0.0199216     -0.0216249        8.27488
       0.101287     -0.0494368       0.102427     -0.0509325              0              0     -0.0168596      0.0231823     0.00803575     -0.0116557     -0.0233282     -0.0266734          6.706
       0.104042     -0.0463883       0.103653     -0.0497106      0.0294406      0.0293248    0.000918637       0.044385     0.00977633     -0.0134761     -0.0300186     -0.0335044        9.02324
       0.102831     -0.0473091       0.103653     -0.0497106              0              0     -0.0118903      0.0350347      0.0101342     -0.0167484     -0.0369903      -0.041297        9.78411
        0.10237     -0.0476182       0.103653     -0.0497106              0              0     -0.0194416      0.0280051       0.010637     -0.0203564     -0.0456039     -0.0466888        8.69906
       0.105074     -0.0417126        0.10488     -0.0472669      0.0294397      0.0586496    -0.00341101       0.069977      0.0103384     -0.0250647     -0.0477738     -0.0456013        14.5895
       0.103958     -0.0409928        0.10488      -0.046045              0      0.0293246     -0.0137837      0.0669982     0.00971172     -0.0256374     -0.0434289     -0.0413449        12.4296
        0.10718     -0.0427714       0.106107      -0.046045      0.0294397              0       0.016692      0.0470236     0.00976596     -0.0244879     -0.0392608     -0.0392378        12.3251
       0.105406     -0.0409842       0.106107     -0.0448232              0      0.0293248      -0.015883      0.0462641     0.00967035     -0.0222094     -0.0392148     -0.0341602        11.3909
       0.105095      -0.036401       0.106107     -0.0423794              0      0.0586496     -0.0162291      0.0785185     0.00377509      -0.021821     -0.0291052     -0.0261809        12.3587
       0.105322      -0.036576       0.106107     -0.0411576              0      0.0293248     -0.0109139      0.0588136     0.00186775     -0.0168916     -0.0232567     -0.0207108        10.3673
       0.109213     -0.0360737       0.107333     -0.0399357      0.0294405      0.0293248      0.0309355      0.0488163      0.0020772     -0.0130201     -0.0181649     -0.0156414        12.0922
       0.107334     -0.0353484       0.107333     -0.0387138              0      0.0293249    -0.00770588      0.0412146     0.00138531       -0.01058     -0.0131179     -0.0094863        10.2363
       0.110136     -0.0309362        0.10856     -0.0362701      0.0294397      0.0586491      0.0175582      0.0715945    -0.00680604    -0.00825442    -0.00585475    -0.00827728        14.9005
       0.112016     -0.0282723       0.109787     -0.0338264      0.0294397      0.0586496      0.0259601      0.0684878    -0.00807407    -0.00486518     -0.0106999     -0.0133513        18.5092
       0.110266     -0.0260324       0.109787     -0.0313826              0      0.0586496     0.00354171      0.0630447    -0.00766518    -0.00601472     -0.0160026      -0.015468        14.1017
       0.113173     -0.0265267       0.111013     -0.0301608      0.0294406      0.0293248      0.0313339      0.0437274    -0.00503531    -0.00904597     -0.0149334     -0.0126637        15.0507
       0.117017     -0.0196742       0.113467     -0.0264952      0.0588793      0.0879744      0.0363982      0.0847373   -0.000745083     -0.0090499     -0.0103939    -0.00928341        21.4699
       0.114383     -0.0212156       0.113467     -0.0252733              0      0.0293248      0.0141483       0.049452    -0.00128701    -0.00722982    -0.00817288    -0.00671736        14.4399
       0.116531     -0.0183369       0.114693     -0.0228296      0.0294406      0.0586496      0.0221543      0.0498551     0.00105295    -0.00601889    -0.00526185     0.00054121        17.0821
       0.117364     -0.0155586        0.11592     -0.0203859      0.0294397      0.0586491     0.00931502      0.0598755    0.000960921    -0.00449718     0.00634432      0.0095005        19.4308
       0.121158      -0.010872       0.118373     -0.0167203      0.0588802      0.0879744      0.0246737      0.0632461    -0.00135698     0.00110899      0.0126567      0.0202737        24.8063
       0.118437     -0.0123128       0.118373     -0.0154984              0      0.0293248     0.00153805      0.0471297     0.00120458     0.00473737      0.0278902      0.0233293        17.6529
       0.120677    -0.00662128         0.1196     -0.0130547      0.0294397      0.0586496    -0.00030761      0.0837369      0.0126328      0.0119635      0.0187674      0.0120258        19.2057
        0.12239    -0.00835049       0.120827     -0.0118328      0.0294397      0.0293248      0.0246739      0.0319265      0.0141257     0.00670706     0.00528479      0.0052042        17.0656
        0.12617    -0.00275842        0.12328    -0.00816719      0.0588802      0.0879744      0.0349434      0.0612117      0.0221727   -0.000590694     0.00512362     0.00783968        21.6588
       0.122477    -0.00377913        0.12328    -0.00694534              0      0.0293243     -0.0164603      0.0384114      0.0231187    -0.00136567      0.0105557       0.011704         13.751
       0.124417    -0.00356372       0.124507    -0.00572348      0.0294397      0.0293248    -0.00688559      0.0231293      0.0190176     0.00111722      0.0128517      0.0148454        15.9294
       0.123064    -0.00297309       0.124507    -0.00450161              0      0.0293248     -0.0237007      0.0133902      0.0142675     0.00269006      0.0168386      0.0210347        12.1621
       0.125959    -0.00500316       0.125733    -0.00450161      0.0294405              0     -0.0012448    -0.00977154      0.0103334     0.00546979      0.0252314      0.0295033        15.7483
       0.124964    0.000665877       0.125733    -0.00205788              0      0.0586496     -0.0114025      0.0351436     0.00927017     0.00972389      0.0337753      0.0315471        16.3822
       0.127481    -0.00227294        0.12696    -0.00205788      0.0294399              0    0.000583224    -0.00611015     0.00793216      0.0140293      0.0293183      0.0263076        19.5457
       0.126148   -3.94502e-06        0.12696    -0.00083601              0      0.0293248     -0.0141693     0.00848516     0.00612018       0.012886      0.0232968      0.0185409        17.1024
       0.125793      -0.001422        0.12696    -0.00083601              0              0      -0.017631     -0.0111093     0.00608942     0.00927793      0.0137849      0.0108881        14.0168
       0.126071     0.00380367        0.12696     0.00160772              0      0.0586496    -0.00864914      0.0172886     0.00771925     0.00441431     0.00799084      0.0122237        15.5777
       0.125641     0.00236272        0.12696     0.00160772              0              0     -0.0218299      0.0167043      0.0102075     0.00186979      0.0164571      0.0116434        15.2835
       0.125603      0.0043727        0.12696     0.00282959              0      0.0293248     -0.0199851      0.0147045     0.00806496     0.00572525     0.00683022      0.0045352        17.4205
       0.125884     0.00584022        0.12696     0.00405146              0      0.0293248      -0.013981      0.0191375     0.00714621     0.00257753     0.00224066     0.00174952        16.2741
       0.123023     0.00721431       0.125733     0.00527332     -0.0294399      0.0293248     -0.0344782      0.0206905     0.00697253   -0.000177515     0.00125837     0.00294685        14.6071
       0.124018     0.00583831       0.125733     0.00527332              0              0     -0.0268942     0.00849042     0.00511978   -0.000645888     0.00463533     0.00415564         15.241
       0.124671     0.00828639       0.125733     0.00649517              0      0.0293243     -0.0135647       0.020857     0.00257144    0.000205147     0.00367594     0.00329733        17.9368
        0.12489     0.00965412       0.125733     0.00771704              0      0.0293248     -0.0115883      0.0205579     0.00330291    0.000203001     0.00291824     0.00458145        19.6006
        0.12473     0.00840573       0.125733     0.00771704              0              0     -0.0160383      0.0119751     0.00361655    0.000293004     0.00624466     0.00373316        18.0977
       0.124189     0.00685745       0.125733     0.00771704              0              0     -0.0276053     -0.0229916     0.00369129     0.00149976     0.00122213     0.00995588        16.7768
       0.127743      0.0108836        0.12696      0.0089389      0.0294399      0.0293248       0.013051      0.0356103     0.00508389    0.000571001      0.0186896      0.0142641        20.7741
        0.12607     0.00902546        0.12696      0.0089389              0              0     -0.0161934    -0.00404463      0.0117159     0.00729619     0.00983953     0.00866318        16.2566
       0.125081      0.0115213        0.12696      0.0101608              0      0.0293248     -0.0313413      0.0154472      0.0124044     0.00508319     0.00748682      0.0060854        16.3955
       0.128091       0.010318       0.128187      0.0101608      0.0294396              0     -0.0035835     0.00109255      0.0127661     0.00269006     0.00468349     0.00340366        19.0396
       0.126424      0.0100067       0.128187      0.0101608              0              0     -0.0291756    -0.00301913      0.0158388     0.00119697     0.00212383     0.00160503        16.2463
       0.126051      0.0126949       0.128187      0.0113826              0      0.0293248     -0.0294514      0.0119626      0.0170643   -1.56167e-06     0.00108624     0.00378561        18.5684
       0.123001      0.0116677        0.12696      0.0113826     -0.0294396              0     -0.0514243     0.00451637      0.0198391    -0.00054158     0.00648451     0.00741005        13.9302
       0.123971      0.0110941        0.12696      0.0113826              0              0     -0.0434265    -0.00605647      0.0202533    0.000900257     0.00833559      0.0104785        12.7928
       0.121015       0.010679       0.125733      0.0113826     -0.0294399              0     -0.0675261     -0.0120862      0.0187485     0.00213574      0.0126214      0.0162988        11.3937
       0.119928       0.010614       0.124507      0.0113826     -0.0294405              0     -0.0568129     -0.0101181       0.017286     0.00514458      0.0199766      0.0220189        11.2721
        0.12165      0.0103854       0.124507      0.0113826              0              0     -0.0391021     -0.0145421      0.0182388     0.00877272      0.0240612      0.0253687        12.9209
       0.118608     0.00670247        0.12328      0.0101608     -0.0294397     -0.0293248     -0.0681185      -0.050636       0.017678      0.0106833      0.0266762      0.0324221        11.2049
       0.119817     0.00782177        0.12328      0.0101608              0              0     -0.0511881     -0.0316889      0.0153922       0.012027       0.038168      0.0421438        12.9706
        0.11809     0.00855073       0.122053      0.0101608     -0.0294396              0     -0.0448244     -0.0170356      0.0169638      0.0174489      0.0461202      0.0429573         13.428
       0.119186     0.00495327       0.122053      0.0089389              0     -0.0293248     -0.0405672     -0.0575993       0.022411      0.0216604      0.0397944       0.040123        12.9186
       0.116105     0.00641826       0.120827      0.0089389     -0.0294406              0     -0.0675317     -0.0319581      0.0199127      0.0191445      0.0404515      0.0369711        10.9512
       0.117736      0.0038214       0.120827     0.00771704              0     -0.0293248     -0.0422383     -0.0527926       0.015989      0.0189872      0.0334902      0.0310483        11.7428
       0.118241     0.00511231       0.120827     0.00771704              0              0     -0.0376854      -0.038036      0.0155203      0.0156615      0.0286064      0.0284185         11.705
       0.118816     0.00526061       0.120827     0.00771704              0              0     -0.0254194     -0.0395566       0.015372      0.0130821      0.0282307      0.0334334        11.3798
       0.118631     0.00556674       0.120827     0.00771704              0              0     -0.0346159     -0.0303145      0.0152746      0.0128183      0.0386362      0.0427794        13.4615
       0.118956     0.00536153       0.120827     0.00771704              0              0     -0.0254829      -0.035215      0.0114122      0.0169868      0.0469232      0.0513134        12.7409
       0.118863   -0.000422425       0.120827     0.00527332              0     -0.0586491     -0.0313574     -0.0700377      0.0100251      0.0226728      0.0557032       0.054225        15.0482
       0.119182     0.00154945       0.120827     0.00527332              0              0     -0.0220435     -0.0531918     0.00838706      0.0261067      0.0527472      0.0521445        15.3383
       0.118894    -0.00071678       0.120827     0.00405146              0     -0.0293248      -0.031529     -0.0630473     0.00878761      0.0249636      0.0515413      0.0492506        13.7998
       0.118202    0.000845411       0.120827     0.00405146              0              0     -0.0443612     -0.0441942     0.00895641      0.0241617      0.0469594      0.0433145        12.7797
       0.118718    -0.00143519       0.120827     0.00282959              0     -0.0293248     -0.0242504     -0.0562308      0.0125239      0.0217361       0.039669      0.0358295        14.2723
       0.115258    -0.00243828         0.1196     0.00160772     -0.0294397     -0.0293248     -0.0597418     -0.0496246      0.0223074      0.0180256      0.0319901      0.0250673        10.5435
       0.115862    -0.00111244         0.1196     0.00160772              0              0     -0.0541135     -0.0436919      0.0251823      0.0126896      0.0181441      0.0184131         13.565
       0.119007    -0.00325185       0.120827    0.000385857      0.0294397     -0.0293248      -0.029307      -0.048433      0.0265085      0.0056784       0.018682      0.0207601        12.4225
       0.118292    -0.00156762       0.120827    0.000385857              0              0     -0.0328118     -0.0265865      0.0281772     0.00514232      0.0228376      0.0249901        10.7064
       0.117309    -0.00353736       0.120827    -0.00083601              0     -0.0293248     -0.0570749     -0.0291151      0.0286274     0.00734519      0.0271425      0.0228086        9.67649
       0.117308    -0.00596348       0.120827    -0.00205788              0     -0.0293248     -0.0515747     -0.0579976      0.0241157     0.00972985      0.0184746      0.0214248        9.81416
       0.117933     -0.0038369       0.120827    -0.00205788              0              0     -0.0379109     -0.0193614      0.0231731     0.00693201      0.0243754      0.0227056        9.88968
       0.117888    -0.00704221       0.120827    -0.00327974              0     -0.0293248     -0.0437922     -0.0573721      0.0230708     0.00834321      0.0210352      0.0273294        9.82141
       0.115003    -0.00844366         0.1196    -0.00450161     -0.0294397     -0.0293248     -0.0626324     -0.0491552      0.0207138     0.00750862      0.0336242      0.0372787        9.31716
       0.116552    -0.00681699         0.1196    -0.00450161              0              0     -0.0418015     -0.0301947      0.0180632      0.0124953      0.0409331      0.0416327        12.0725
       0.117428    -0.00978189         0.1196    -0.00572348              0     -0.0293248     -0.0281003     -0.0558086       0.016507      0.0165594      0.0423322      0.0440617        12.7002
       0.114215     -0.0138352       0.118373    -0.00816719     -0.0294397     -0.0586491     -0.0613082     -0.0655126      0.0139761      0.0171035      0.0457907      0.0390387         12.776
       0.112451     -0.0148675       0.117147    -0.00938906     -0.0294406     -0.0293248     -0.0657631     -0.0805257     0.00877581      0.0183797      0.0322866      0.0341821        11.3273
       0.115091     -0.0151443       0.117147     -0.0106109              0     -0.0293248     -0.0197786     -0.0544636     0.00955818       0.012704      0.0360775      0.0338731        12.0713
       0.112558     -0.0137829        0.11592     -0.0106109     -0.0294396              0     -0.0436242      -0.050366      0.0139281      0.0135282      0.0316677      0.0362854        9.23871
       0.109864     -0.0187662       0.114693     -0.0130547     -0.0294397     -0.0586496     -0.0742328     -0.0703782      0.0108671      0.0121475      0.0409026      0.0413194        9.26911
       0.111603     -0.0188916       0.114693     -0.0142765              0     -0.0293248     -0.0436378     -0.0574721     0.00623927      0.0154383      0.0417356      0.0386014        10.9575
       0.109193     -0.0197726       0.113467     -0.0154984     -0.0294406     -0.0293248     -0.0562771     -0.0539571      0.0108382      0.0162628      0.0354671      0.0302482        8.68789
       0.108255     -0.0208569        0.11224     -0.0167203     -0.0294397     -0.0293248     -0.0418462        -0.0542      0.0189514      0.0139843      0.0250287      0.0209899        10.1703
       0.106568     -0.0244261       0.111013      -0.019164     -0.0294396     -0.0586496      -0.057686     -0.0629926      0.0237696     0.00735127      0.0169511      0.0106044        7.81243
       0.104775     -0.0239304       0.109787     -0.0203859     -0.0294406     -0.0293248     -0.0710637     -0.0428545      0.0165051     0.00307845     0.00425768    -0.00246767        6.11699
       0.106737      -0.022432       0.109787     -0.0203859              0              0     -0.0443426      -0.037232     0.00746677    -0.00337828    -0.00919272    -0.00361194        6.04173
       0.107637     -0.0238103       0.109787     -0.0216077              0     -0.0293248     -0.0317318     -0.0222399     0.00372908    -0.00974537     0.00196886     0.00357056        6.37426
       0.108359     -0.0224346       0.109787     -0.0216077              0              0      -0.017417     -0.0123671     0.00376973    -0.00559748     0.00517225     0.00830603        7.17251
       0.108376     -0.0251748       0.109787     -0.0228296              0     -0.0293243     -0.0208784     -0.0294412     0.00543854     -0.0028751      0.0114403      0.0142498        7.02034
       0.108252     -0.0267665       0.109787     -0.0240514              0     -0.0293248     -0.0234411      -0.031664     0.00548444    0.000849354      0.0170593      0.0167871        7.12612
       0.108317     -0.0253111       0.109787     -0.0240514              0              0     -0.0213082     -0.0162281     0.00460157      0.0034387      0.0165148      0.0150819        8.65998
       0.105624     -0.0277915        0.10856     -0.0252733     -0.0294397     -0.0293248      -0.035991     -0.0304898     0.00448904     0.00362896      0.0136495      0.0107112        5.85699
       0.106497     -0.0264529        0.10856     -0.0252733              0              0     -0.0323633     -0.0164408     0.00446854     0.00275956     0.00777292      0.0058217        5.84622
       0.109998     -0.0262996       0.109787     -0.0252733      0.0294397              0    0.000168447     -0.0182016     0.00262973     -0.0003003     0.00387049     0.00668383        9.99557
       0.108785     -0.0254908       0.109787     -0.0252733              0              0     -0.0167665     0.00197501      0.0028939    -0.00243331     0.00949764     0.00693703        8.16485
       0.108587     -0.0255943       0.109787     -0.0252733              0              0     -0.0159787    -0.00627729     0.00394199    -0.00077666     0.00437689     0.00343323        9.53962
       0.108471     -0.0287508       0.109787     -0.0264952              0     -0.0293248      -0.018776     -0.0304323     0.00554416    -0.00236179     0.00248909     0.00423861         7.1797
       0.108731     -0.0271386       0.109787     -0.0264952              0              0     -0.0124171      -0.005457     0.00552389    -0.00313486     0.00598764     0.00494814         7.5055
       0.107998     -0.0271267       0.109787     -0.0264952              0              0     -0.0337399     -0.0121561     0.00435278    -0.00265421     0.00390816     0.00643444        7.08543
       0.108653     -0.0262026       0.109787     -0.0264952              0              0     -0.0120973      0.0124301   -0.000504876    -0.00276901      0.0089612     0.00232983        7.77022
       0.111519     -0.0269922       0.111013     -0.0264952      0.0294406              0     0.00120756     -0.0148934     0.00244722    -0.00152959    -0.00430247     -0.0023783        9.68961
        0.11033     -0.0262978       0.111013     -0.0264952              0              0    -0.00987899     0.00835166     0.00255964    -0.00664867   -0.000454716     -0.0038478         9.1207
       0.109644     -0.0259129       0.111013     -0.0264952              0              0     -0.0228753      0.0104351     0.00379023    -0.00582029    -0.00724141     -0.0127581        8.22206
       0.109676     -0.0261614       0.111013     -0.0264952              0              0     -0.0178328     0.00123305     0.00379894     -0.0087576      -0.018275      -0.018997        8.49252
       0.112113     -0.0259912        0.11224     -0.0264952      0.0294396              0     -0.0105364     0.00620261     0.00525448     -0.0140222     -0.0197194     -0.0179293        11.6074
       0.111438     -0.0255773        0.11224     -0.0264952              0              0    -0.00656654      0.0150481     0.00592778     -0.0152575     -0.0161392     -0.0160045         9.5568
       0.111199     -0.0228417        0.11224     -0.0252733              0      0.0293248     -0.0130953      0.0284722     0.00978134     -0.0141734     -0.0158698     -0.0131123         9.7051
       0.110473     -0.0208976        0.11224     -0.0240514              0      0.0293248     -0.0313462      0.0427908      0.0067918     -0.0131528     -0.0103547     -0.0105639        9.96233
       0.111252     -0.0226214        0.11224     -0.0240514              0              0    -0.00918955      0.0189003   -8.53789e-05     -0.0101584      -0.010773     -0.0111984        9.86795
       0.114261     -0.0201533       0.113467     -0.0228296      0.0294397      0.0293248      0.0048649      0.0346468   -0.000946189    -0.00982322     -0.0116239     -0.0127564        13.2125
       0.113064     -0.0215811       0.113467     -0.0228296              0              0     -0.0087947      0.0162804    -0.00437393    -0.00994385     -0.0138889     -0.0143229        12.1548
       0.112798     -0.0189259       0.113467     -0.0216077              0      0.0293243     -0.0114596      0.0346093    -0.00606802     -0.0112425      -0.014757     -0.0154021        13.2639
       0.118868     -0.0141261        0.11592      -0.019164      0.0588804      0.0586496      0.0353488      0.0646808    -0.00584307     -0.0117927     -0.0160472     -0.0184203        22.1115
       0.119519     -0.0176985       0.117147      -0.019164      0.0294396              0      0.0303416      0.0111818    -0.00305297     -0.0128564     -0.0207935     -0.0148403        18.1337
       0.118972     -0.0147881       0.118373     -0.0179421      0.0294406      0.0293248     -0.0112393      0.0472303    -0.00180366     -0.0153394    -0.00888683     -0.0100188        19.3971
          0.125     -0.0113539       0.120827     -0.0154984      0.0588795      0.0586496      0.0688525      0.0411817    -0.00252297     -0.0109706     -0.0111508    -0.00360246        25.4946
       0.126196     -0.0108892        0.12328     -0.0142765      0.0588802      0.0293248       0.016371      0.0473243      0.0075042     -0.0103201     0.00394583     0.00497723        21.3152
       0.126363    -0.00971697       0.124507     -0.0130547      0.0294397      0.0293248      0.0262729      0.0470145     0.00154564    -0.00433971     0.00600863    7.24792e-05        18.8115
       0.126773    -0.00898976       0.125733     -0.0118328      0.0294405      0.0293248     0.00486957      0.0338612     0.00464568    -0.00257875    -0.00586398     -0.0107848        17.4395
       0.134019    -0.00804944       0.129413     -0.0106109      0.0883201      0.0293248      0.0546431      0.0276616     0.00424514    -0.00908054     -0.0157056     -0.0159232        26.3635
       0.125732    -0.00842832        0.13064    -0.00816719      0.0294396      0.0586496      -0.147242     -0.0649167     0.00447032     -0.0135721     -0.0161407     -0.0057869        20.2453
        0.13009    -0.00653728       0.131867    -0.00694534      0.0294399      0.0293243      0.0364197      0.0308153     0.00387046     -0.0133942     0.00456762     0.00487232        21.5308
        0.13697    -0.00562509        0.13432    -0.00694534      0.0588802              0      0.0277195      0.0171318      0.0217172    -0.00386716      0.0051775     0.00442648        21.6476
       0.135264    -0.00101121       0.135547    -0.00450161      0.0294396      0.0586496     -0.0226753      0.0398473      0.0178654     -0.0022514     0.00367546     0.00430632        19.0047
       0.136233   -0.000515161       0.136773    -0.00327974      0.0294406      0.0293248      -0.014894      0.0347042     0.00885246    -0.00310017     0.00493717     0.00373411        19.8602
       0.138705    0.000308536          0.138    -0.00205788      0.0294399      0.0293248      0.0144111      0.0268807      0.0110819    -0.00325764     0.00253105     0.00239611        20.7791
         0.1393      0.0011003       0.139227    -0.00083601      0.0294396      0.0293248    -0.00995525      0.0185142      0.0145197    -0.00426401     0.00226116     0.00600052        20.5176
       0.140577     0.00516147       0.140453     0.00160772      0.0294406      0.0586496    -0.00418313      0.0400042     0.00835476    -0.00443162     0.00973988      0.0145879        22.7334
        0.14472      0.0079589       0.142907     0.00405146      0.0588795      0.0586496      0.0126316      0.0448207     0.00551329    -0.00190569      0.0194354      0.0235205        28.5213
       0.145083     0.00750987       0.144133     0.00527332      0.0294406      0.0293248     0.00793887      0.0266558     0.00414977     0.00334655      0.0276051      0.0283322        25.7786
       0.145702      0.0112602        0.14536     0.00771704      0.0294396      0.0586491    -0.00437112       0.043842     0.00512133     0.00758671      0.0290594      0.0247416        26.2649
       0.147042      0.0135865       0.146587      0.0101608      0.0294396      0.0586496     0.00304614      0.0350017      0.0065243     0.00783216      0.0204239      0.0190077        27.7737
       0.147415      0.0130815       0.147813      0.0113826      0.0294406      0.0293248     -0.0186896      0.0153728     0.00966046     0.00425254       0.017591      0.0181599        26.3776
       0.148395      0.0177174        0.14904      0.0138264      0.0294399      0.0586496     -0.0162633      0.0525982     0.00994847     0.00286602      0.0187283      0.0117416          31.13
       0.149853      0.0167438       0.150267      0.0150482      0.0294396      0.0293248    -0.00764056     0.00794419       0.015566     0.00279461     0.00475454     0.00803232        28.2785
       0.150829      0.0213794       0.151493       0.017492      0.0294406      0.0586496     -0.0141562         0.0518      0.0220889    -0.00302435      0.0113106     0.00880289        30.3102
       0.151887        0.02365        0.15272      0.0199357      0.0294396      0.0586496     -0.0168854      0.0350693      0.0228506    -0.00182189      0.0062952      0.0112877         29.989
       0.150291       0.022828        0.15272      0.0211576              0      0.0293244     -0.0356412      0.0123572      0.0200931    -0.00229229      0.0162802      0.0259895        26.2623
       0.152907      0.0268602       0.153947      0.0236013      0.0294399      0.0586496     -0.0207852      0.0409664      0.0145589     0.00358402      0.0356994      0.0393586        31.3218
       0.151919      0.0321291       0.153947      0.0272669              0      0.0879744     -0.0310672        0.05381     0.00846217      0.0137205      0.0430174      0.0451646        31.8701
       0.152119      0.0302137       0.153947      0.0284887              0      0.0293248     -0.0256046      0.0179514      0.0038943      0.0174858      0.0473113      0.0458817        29.9336
        0.15227      0.0302462       0.153947      0.0297106              0      0.0293248      -0.025544    0.000186844    0.000698541      0.0191078      0.0444522      0.0426722        28.6007
       0.152671      0.0309197       0.153947      0.0309325              0      0.0293248     -0.0174046    -0.00877188    -0.00263372      0.0184879      0.0408916      0.0414972        29.1737
       0.152533      0.0349899       0.153947      0.0333762              0      0.0586496     -0.0241206      0.0117658    -0.00406542      0.0161748      0.0421033      0.0437202        32.5983
       0.152675      0.0323126       0.153947      0.0333762              0              0     -0.0187355      -0.016222    -0.00588741      0.0156389      0.0453372      0.0441432        29.0724
        0.15272      0.0314388       0.153947      0.0333762              0              0     -0.0175801     -0.0289759    -0.00484958      0.0164591      0.0429492      0.0413523        28.3346
       0.152417      0.0312433       0.153947      0.0333762              0              0     -0.0236203     -0.0307943    -0.00177291      0.0162996      0.0397553      0.0376015        27.7049
       0.151801      0.0286169       0.153947      0.0321544              0     -0.0293248     -0.0350872     -0.0442525    0.000659202      0.0150744      0.0354481        0.03016        25.4567
        0.15206      0.0300187       0.153947      0.0321544              0              0     -0.0224335     -0.0298086     0.00361476      0.0129249      0.0248723      0.0203466        25.8008
       0.150785      0.0278966       0.153947      0.0309325              0     -0.0293248     -0.0548626     -0.0375359      0.0110937     0.00700377       0.015821      0.0100174        23.5018
       0.151073      0.0296142       0.153947      0.0309325              0              0     -0.0354224     -0.0180176      0.0122646     0.00226246     0.00421333   -0.000163155        25.9889
        0.14755      0.0247585        0.15272      0.0284887     -0.0294399     -0.0586496      -0.072937     -0.0428291      0.0197471    -0.00323535     -0.0045393     -0.0100611        20.5848
       0.148952      0.0275409        0.15272      0.0284887              0              0     -0.0477817      -0.013397      0.0216255    -0.00747706     -0.0155828     -0.0176773        23.5992
       0.145636      0.0250643       0.151493      0.0272669     -0.0294396     -0.0293248     -0.0854925      -0.033348        0.02303     -0.0126108     -0.0197715     -0.0133149        21.0163
       0.147545       0.026388       0.151493      0.0272669              0              0     -0.0503528     -0.0149351      0.0201869     -0.0146644    -0.00685809     0.00419092        24.0049
       0.142007      0.0272308        0.14904      0.0272669     -0.0588802              0     -0.0948765     0.00465914      0.0188932    -0.00665904      0.0152392      0.0200496        19.8983
       0.144629      0.0239626        0.14904       0.026045              0     -0.0293248      -0.062758     -0.0248211      0.0134458     0.00421177      0.0248604      0.0264196        19.5259
       0.142899      0.0243029       0.147813       0.026045     -0.0294399              0     -0.0647846     -0.0268489      0.0105264     0.00824498      0.0279789      0.0312333        19.2928
       0.145063      0.0272753       0.147813      0.0272669              0      0.0293248     -0.0338017    -0.00332984     0.00944028     0.00961136      0.0344877      0.0367312        23.9777
       0.141765      0.0260061       0.146587      0.0272669     -0.0294406              0     -0.0742487     -0.0187213     0.00761161      0.0123807      0.0389748      0.0388327        19.3925
       0.141042      0.0258587        0.14536      0.0272669     -0.0294396              0     -0.0511052      -0.017055     0.00144133      0.0148516       0.038691      0.0341601        19.4577
       0.143009      0.0251786        0.14536      0.0272669              0              0     -0.0309093     -0.0352776     0.00391123      0.0144302      0.0296288       0.030313        20.6419
       0.143482      0.0250677        0.14536      0.0272669              0              0     -0.0269047      -0.033668      0.0033165      0.0100819      0.0309978      0.0341105        22.0379
       0.143889      0.0225543        0.14536       0.026045              0     -0.0293248     -0.0203186     -0.0433036    0.000289415     0.00964414      0.0372233      0.0368738        22.8153
       0.146663      0.0236283       0.146587       0.026045      0.0294396              0    -0.00800034     -0.0346971      -0.003302      0.0125016      0.0365243      0.0361757        29.6173
       0.145733      0.0211236       0.146587      0.0248232              0     -0.0293248       -0.01342     -0.0474005    -0.00678053       0.012796      0.0358272      0.0335054        27.3958
       0.148451      0.0224937       0.147813      0.0248232      0.0294406              0      0.0046178     -0.0324479    -0.00541201      0.0127348      0.0311842      0.0288472        29.7438
        0.14931      0.0237328        0.14904      0.0248232      0.0294399              0    -0.00803415    -0.00837803    -0.00214603     0.00974022      0.0265102       0.016377        30.1905
       0.150828        0.02318       0.150267      0.0248232      0.0294396              0     0.00600384     -0.0324821      0.0013493     0.00618755     0.00624466      0.0065999        31.2577
       0.151785      0.0243462       0.151493      0.0248232      0.0294406              0    -0.00132657   -6.55157e-05      0.0104648    -0.00464035      0.0069561     0.00149488        29.5928
       0.152703      0.0273154        0.15272       0.026045      0.0294396      0.0293248     -0.0052332      0.0100531      0.0140476    -0.00545837    -0.00396604    -0.00438218        33.1752
         0.1539      0.0274702       0.153947      0.0272669      0.0294399      0.0293248    -0.00486538     -0.0201337      0.0146509     -0.0089394    -0.00479857      0.0152478         35.595
        0.15492      0.0278176       0.155173      0.0272669      0.0294406              0     -0.0114072      0.0238023      0.0142727    -0.00958182       0.035295      0.0360475        32.8366
       0.153542      0.0295719       0.155173      0.0284887              0      0.0293248     -0.0237091     0.00861567     0.00933835      0.0145795       0.036798      0.0368257        29.1728
        0.15575      0.0275729         0.1564      0.0284887      0.0294396              0     -0.0192822      -0.013759     0.00668785      0.0170501      0.0368533      0.0342607        29.6082
       0.154097      0.0268598         0.1564      0.0284887              0              0     -0.0397387     -0.0251681     0.00298915      0.0157329      0.0316687      0.0296512        27.3017
        0.15486      0.0260649         0.1564      0.0284887              0              0     -0.0123434     -0.0422869     0.00397942      0.0127672      0.0276332      0.0341282        27.2822
       0.153613      0.0265338         0.1564      0.0284887              0              0     -0.0491955     -0.0246459      0.0117328      0.0108878      0.0406232      0.0425835        24.7163
       0.153662      0.0262441         0.1564      0.0284887              0              0      -0.036827     -0.0342295      0.0102262      0.0158884      0.0445433      0.0474849         24.663
       0.153342      0.0258007         0.1564      0.0284887              0              0     -0.0466266     -0.0406155      0.0134458      0.0190362      0.0504265      0.0541873        25.6913
       0.153314      0.0260931         0.1564      0.0284887              0              0     -0.0431682     -0.0296549      0.0143646      0.0223068      0.0579476      0.0557189        24.0382
       0.153108      0.0254686         0.1564      0.0284887              0              0     -0.0482564     -0.0476616      0.0173131      0.0260006      0.0534906      0.0544033        25.1113
       0.150381      0.0229079       0.155173      0.0272669     -0.0294396     -0.0293248     -0.0618524     -0.0542202      0.0180683      0.0250207       0.055316      0.0514889         23.999
       0.151287      0.0239764       0.155173      0.0272669              0              0     -0.0576232     -0.0481224      0.0181465      0.0249368      0.0476623      0.0450978        24.2744
       0.149273      0.0216404       0.153947       0.026045     -0.0294406     -0.0293248     -0.0583671     -0.0578583       0.016468      0.0217379      0.0425339      0.0392876        22.2971
       0.150223      0.0205233       0.153947      0.0248232              0     -0.0293248     -0.0580761     -0.0541977      0.0139317      0.0182158      0.0360413      0.0301514        21.0236
       0.151082      0.0187002       0.153947      0.0236013              0     -0.0293248      -0.038979     -0.0723429     0.00871274      0.0145181       0.024262      0.0269475         21.193
       0.148627      0.0211441        0.15272      0.0236013     -0.0294399              0      -0.053839     -0.0298117     0.00863097     0.00854574       0.029633      0.0289669         20.805
       0.146943      0.0158515       0.151493      0.0211576     -0.0294396     -0.0586496     -0.0614811     -0.0687841     0.00819788     0.00986706      0.0283008      0.0284228         17.439
       0.145416      0.0154924       0.150267      0.0199357     -0.0294406     -0.0293244     -0.0674104     -0.0576044     0.00603328      0.0103375      0.0285449      0.0286126        17.8441
       0.147412      0.0176142       0.150267      0.0199357              0              0     -0.0378604     -0.0305002     0.00493059      0.0103987      0.0286803      0.0275264        20.5758
       0.144498      0.0180087        0.14904      0.0199357     -0.0294396              0     -0.0653879     -0.0293678     0.00646791      0.0104705      0.0263729      0.0271497        18.0252
       0.146036      0.0186591        0.14904      0.0199357              0              0     -0.0393612     -0.0141058     0.00812468      0.0103601      0.0279264      0.0243306        21.1771
        0.14274      0.0186254       0.147813      0.0199357     -0.0294399              0      -0.074127     -0.0203334      0.0137117      0.0103661      0.0207348       0.018373        18.6269
       0.144433      0.0187982       0.147813      0.0199357              0              0     -0.0415486     -0.0160874      0.0154862      0.0077828      0.0160112       0.013937        20.5319
       0.141707      0.0217558       0.146587      0.0211576     -0.0294406      0.0293244     -0.0651972     0.00237977      0.0209316     0.00507079      0.0118628       0.012495        20.5217
       0.139493      0.0237987        0.14536      0.0223794     -0.0294396      0.0293248      -0.083078      0.0163256      0.0213254     0.00308274      0.0131273      0.0126886        23.6691
       0.141252      0.0227488        0.14536      0.0223794              0              0     -0.0569709     0.00776097      0.0178621     0.00297641      0.0122499     0.00745296        22.5039
       0.142271      0.0251371        0.14536      0.0236013              0      0.0293248     -0.0402484      0.0160049      0.0178467     0.00251828     0.00265598   -0.000378555        24.5643
       0.139344      0.0257181       0.144133      0.0248232     -0.0294396      0.0293248     -0.0667206    -0.00402274      0.0175041    -0.00214912    -0.00341275     0.00688696        24.9943
       0.137948      0.0275951       0.142907       0.026045     -0.0294406      0.0293248      -0.065301      0.0198257      0.0130267    -0.00525583      0.0171866      0.0243421        24.3503
       0.139712      0.0286989       0.142907      0.0272669              0      0.0293248     -0.0460076      0.0150356     0.00971327     0.00337933      0.0314984      0.0365562        23.8304
        0.13662      0.0265975        0.14168      0.0272669     -0.0294399              0      -0.077037    -0.00994578     0.00650356       0.011628      0.0416141      0.0424871        19.1855
       0.138576      0.0288615        0.14168      0.0284887              0      0.0293248     -0.0394724     0.00365122     0.00620041      0.0167843      0.0433593      0.0398831        22.1842
       0.138631      0.0299411        0.14168      0.0297106              0      0.0293248     -0.0457032    -0.00473008       0.013993      0.0165553       0.036406      0.0348344        21.1704
       0.135935        0.02798       0.140453      0.0297106     -0.0294396              0     -0.0558045     -0.0300919      0.0180342      0.0132787      0.0332627      0.0359311        19.1504
       0.137301      0.0278088       0.140453      0.0297106              0              0      -0.040031     -0.0262687      0.0226021      0.0114276      0.0385995      0.0398555        18.5115
       0.133694      0.0308973       0.139227      0.0309325     -0.0294406      0.0293248     -0.0838275    -0.00220621      0.0218025      0.0128982      0.0411115      0.0383415        17.1925
       0.135702      0.0285376       0.139227      0.0309325              0              0     -0.0452597     -0.0457433      0.0145335      0.0144648      0.0355711      0.0431366         18.799
       0.135809      0.0287744       0.139227      0.0309325              0              0     -0.0547983     -0.0256243      0.0138464      0.0136038      0.0507021       0.051446        19.5585
       0.136343      0.0287995       0.139227      0.0309325              0              0     -0.0389645     -0.0287054      0.0125749      0.0199546      0.0521898      0.0494161        19.8049
       0.136413      0.0219457       0.139227      0.0284887              0     -0.0586496     -0.0410412     -0.0929523      0.0151536      0.0205865      0.0466428      0.0504384        18.3061
       0.133254      0.0246139          0.138      0.0284887     -0.0294396              0      -0.065634      -0.050848      0.0157708      0.0186618       0.054234      0.0550823        16.9005
       0.134461      0.0220265          0.138      0.0272669              0     -0.0293248     -0.0495797     -0.0741831       0.016212      0.0205253      0.0559306      0.0595798        18.9187
        0.13464      0.0206901          0.138       0.026045              0     -0.0293248     -0.0495701     -0.0685729      0.0176165      0.0218894      0.0632291      0.0628448        19.4322
       0.135172      0.0164403          0.138      0.0236013              0     -0.0586496     -0.0363332     -0.0923499      0.0181639      0.0259247      0.0624609      0.0603571        18.8829
       0.132546       0.016549       0.136773      0.0223794     -0.0294399     -0.0293248     -0.0540376     -0.0746166      0.0190907      0.0255729      0.0582542      0.0532665        18.0222
       0.133726      0.0155266       0.136773      0.0211576              0     -0.0293248     -0.0439981     -0.0771119      0.0163058      0.0232762      0.0482788      0.0452404        16.2117
       0.131977      0.0149785       0.135547      0.0199357     -0.0294406     -0.0293244     -0.0424286     -0.0623503     0.00927839      0.0182855      0.0422025      0.0365467        16.0187
       0.133219      0.0139196       0.135547      0.0187138              0     -0.0293248     -0.0380688      -0.065389     0.00333009      0.0148575      0.0308919      0.0277328         20.876
       0.134193      0.0129413       0.135547       0.017492              0     -0.0293248     -0.0191569     -0.0612031    -0.00556686     0.00969325      0.0245738      0.0239749        19.9657
       0.134524      0.0124791       0.135547      0.0162701              0     -0.0293248     -0.0173448     -0.0453912    -0.00731375     0.00616084      0.0233765      0.0195179        22.4308
       0.137581      0.0142638       0.136773      0.0162701      0.0294406              0     0.00636962     -0.0293472    -0.00725784     0.00590931      0.0156593      0.0144305        28.0133
       0.136549       0.013012       0.136773      0.0150482              0     -0.0293248    -0.00181743     -0.0153156    -0.00388982     0.00236677      0.0132017     0.00220251        23.3439
       0.141215      0.0109521       0.139227      0.0138264      0.0588795     -0.0293248      0.0137904     -0.0432487     0.00114844    0.000696051    -0.00879718     -0.0108047        29.2083
       0.141687      0.0130057       0.140453      0.0138264      0.0294406              0      0.0142905      -0.010301     0.00304887    -0.00953461     -0.0128118     -0.0128451        31.0923
       0.142629      0.0150572        0.14168      0.0138264      0.0294396              0     0.00989674      0.0287721     0.00910637     -0.0123673     -0.0128784     -0.0237855        33.3633
       0.146019      0.0174901       0.144133      0.0150482      0.0588806      0.0293248      0.0128805       0.022423      0.0113699     -0.0135393     -0.0346927     -0.0348656        37.5996
       0.146425      0.0164158        0.14536      0.0150482      0.0294396              0      0.0130414      0.0162345      0.0106337      -0.022725     -0.0350388     -0.0308651        36.1042
       0.147228      0.0201056       0.146587      0.0162701      0.0294396      0.0293248     0.00194579      0.0574777       0.010695     -0.0227393     -0.0266912     -0.0292127        39.0899
       0.147603      0.0214379       0.147813       0.017492      0.0294406      0.0293248     -0.0174827      0.0487451     0.00767288     -0.0191437     -0.0317341     -0.0308869        40.2881
       0.152602        0.02283       0.150267      0.0187138      0.0588795      0.0293248      0.0293285      0.0549059     0.00405452     -0.0195793     -0.0300396     -0.0305059        45.3815
       0.151134      0.0266556       0.151493      0.0211576      0.0294406      0.0586491     -0.0266661      0.0655055     0.00826249      -0.019833     -0.0309724     -0.0262515        47.6812
       0.153906      0.0263877        0.15272      0.0223794      0.0294396      0.0293248      0.0317938      0.0491126      0.0115437      -0.019573     -0.0215307     -0.0158776        43.2598
       0.154303       0.030202       0.153947      0.0248232      0.0294399      0.0586496    -0.00426855      0.0684646      0.0230075     -0.0147258     -0.0102246    -0.00660693        41.6915
       0.155546      0.0379038       0.155173      0.0297106      0.0294406       0.117299     0.00254945      0.0915253       0.014114    -0.00879623    -0.00298927     0.00704336        51.8393
       0.156188       0.037827         0.1564      0.0321544      0.0294396      0.0586496     -0.0183406      0.0698748     0.00742922    -0.00516201       0.017076      0.0230737        48.0345
        0.15814      0.0396092       0.157627      0.0345981      0.0294396      0.0586495     0.00243641      0.0649576    -0.00276342     0.00426494      0.0290713      0.0270634        48.5717
       0.159758      0.0413156       0.158853      0.0370418      0.0294406      0.0586492     0.00665347      0.0498935    -0.00231853      0.0105604      0.0250549      0.0210285        46.7727
       0.161059      0.0463501        0.16008      0.0407074      0.0294399      0.0879744     0.00856939      0.0644757    0.000463461     0.00831257      0.0170021      0.0136886        50.6321
       0.158311      0.0467577        0.16008      0.0431511              0      0.0586495     -0.0424672       0.027909     0.00297925     0.00370048       0.010375     0.00751114        44.4907
       0.161078      0.0487349       0.161307      0.0455949      0.0294396      0.0586496      0.0125603      0.0286046      0.0044106    0.000350225     0.00464773     0.00770187        49.9979
       0.160679      0.0518483       0.161307      0.0480386              0      0.0586496     -0.0107659      0.0425359     0.00959895    -0.00236596      0.0107565      0.0161233        49.9985
       0.159361      0.0606697       0.161307       0.052926              0       0.117299     -0.0334238      0.0960189     0.00830529   -0.000435007      0.0214906      0.0225134        59.0797
       0.159431      0.0578389       0.161307      0.0541479              0      0.0293248     -0.0263184      0.0443403     0.00376317     0.00504636      0.0235357      0.0217867        48.8405
       0.159816      0.0600228       0.161307      0.0565916              0      0.0586496     -0.0193477      0.0340869     0.00338135     0.00639414      0.0200377      0.0220475        50.9608
       0.160218      0.0601754       0.161307      0.0578135              0      0.0293248     -0.0124911       0.032314     0.00316629     0.00568627      0.0240569      0.0197053        49.4199
        0.16001      0.0658975       0.161307      0.0614791              0      0.0879744     -0.0219372      0.0399347     0.00095055     0.00655984      0.0153527      0.0204968        55.7595
       0.162712       0.065062       0.162533       0.062701      0.0294406      0.0293249    -0.00719479      0.0302232    -0.00518015     0.00389885      0.0256405      0.0254922         57.678
       0.161568      0.0668818       0.162533      0.0651447              0       0.058649     -0.0170486    -0.00137586    -0.00680759     0.00490915      0.0253434      0.0413938        59.2859
       0.161551      0.0680648       0.162533      0.0663666              0      0.0293249     -0.0109172       0.033119    -0.00680759     0.00490915       0.057445      0.0559812        52.3013
       0.163995      0.0712808        0.16376      0.0688103      0.0294396      0.0586495    -0.00154548      0.0243392    -0.00680759     0.00490915      0.0545187      0.0510116        53.1077
       0.162566      0.0704942        0.16376      0.0700322              0      0.0293248     -0.0164723    -0.00203199    -0.00680759     0.00490915      0.0475054      0.0448575        46.8834
       0.161576      0.0715899        0.16376       0.071254              0      0.0293248     -0.0358319    0.000873371    -0.00680759     0.00490915      0.0422096      0.0367684        47.0036
       0.164508      0.0699696       0.164987       0.071254      0.0294399              0     -0.0100719      -0.020403    -0.00680759     0.00490915      0.0313272      0.0263433        47.0438
       0.165493      0.0754662       0.166213      0.0736978      0.0294403      0.0586497     -0.0227001      0.0144533    -0.00680759     0.00490915      0.0213594      0.0192842        57.0868
       0.164061       0.076953       0.166213      0.0749196              0      0.0293248     -0.0305814      0.0293699    -0.00680759     0.00490915      0.0172091     0.00879669        56.1972
       0.166344      0.0786185        0.16744      0.0761415      0.0294399      0.0293248     -0.0204922        0.03252    -0.00680759     0.00490915    0.000383854     -0.0104913        59.8763
       0.164512      0.0795481        0.16744      0.0773633              0      0.0293244     -0.0447903       0.019081    -0.00680759     0.00490915     -0.0213662      -0.023324        59.1082
       0.170028      0.0839324       0.169893      0.0798071      0.0588802      0.0586495    -0.00401052       0.045286    -0.00680759     0.00490915     -0.0252811     -0.0205904        75.9799
       0.170829       0.081148        0.17112      0.0798071      0.0294396              0    -0.00582271       0.012981    -0.00680759     0.00490915        -0.0159    -0.00666832        65.0461
       0.171255       0.082744       0.172347      0.0810289      0.0294399      0.0293248      -0.027432      0.0146101    -0.00680759     0.00490915     0.00256348      0.0167036        66.2511
       0.172615       0.083032       0.173573      0.0822508      0.0294406      0.0293248     -0.0211013    -0.00115766    -0.00680759     0.00490915      0.0308442      0.0499845        70.0998
       0.177396      0.0850124       0.176027      0.0834727      0.0588791      0.0293248      0.0112222      0.0320784    -0.00680759     0.00490915      0.0691242      0.0694532        75.7046
       0.178277      0.0855793       0.177253      0.0846945      0.0294406      0.0293248      0.0130278      0.0108832    -0.00680759     0.00490915      0.0697818      0.0624251         65.063
        0.17896      0.0818153        0.17848      0.0846945      0.0294399              0    -0.00276579     -0.0539475    -0.00680759     0.00490915       0.055068      0.0568256        58.0209
        0.17993      0.0817172       0.179707      0.0846945      0.0294396              0    -0.00725282     -0.0391732    -0.00680759     0.00490915      0.0585837      0.0555177        60.1983
       0.184809      0.0843413        0.18216      0.0859164      0.0588802      0.0293249      0.0315237     -0.0309026    -0.00680759     0.00490915      0.0524516        0.05337        70.8763
       0.187186       0.083038       0.184613      0.0859164      0.0588806              0      0.0185431     -0.0445583    -0.00680759     0.00490915      0.0542879      0.0562515        72.3148
       0.187244      0.0826114        0.18584      0.0859164      0.0294396              0      0.0171521     -0.0499021    -0.00680759     0.00490915      0.0582151      0.0622258        69.1552
       0.186873      0.0833005       0.187067      0.0859164      0.0294396              0     -0.0184493     -0.0300167    -0.00680759     0.00490915       0.066236      0.0602727        65.4541
       0.191471      0.0803242        0.18952      0.0846945      0.0588806     -0.0293249      0.0266189        -0.0581    -0.00680759     0.00490915      0.0543103       0.047637        64.9606
       0.194025      0.0809072       0.191973      0.0846945      0.0588802              0      0.0185462     -0.0600596    -0.00680759     0.00490915      0.0409636      0.0415883        66.7467
       0.192545       0.081821         0.1932      0.0846945      0.0294396              0     -0.0239367     -0.0392918    -0.00680759     0.00490915      0.0422134       0.041265        62.6768
       0.193277      0.0791007       0.194427      0.0834727      0.0294399     -0.0293248     -0.0227241     -0.0607505    -0.00680759     0.00490915      0.0403161      0.0414486        60.3443
        0.19746      0.0810408        0.19688      0.0834727      0.0588802              0    0.000214111     -0.0283037    -0.00680759     0.00490915      0.0425816      0.0382853        67.1102
       0.197059      0.0778413       0.198107      0.0822508      0.0294396     -0.0293248     -0.0245578     -0.0657495    -0.00680759     0.00490915      0.0339894      0.0361495        60.4312
        0.19733      0.0791866       0.199333      0.0822508      0.0294406              0     -0.0393531     -0.0436309    -0.00680759     0.00490915      0.0383101      0.0413251        62.5336
       0.198673      0.0800609        0.20056      0.0822508      0.0294399              0     -0.0303555     -0.0274723    -0.00680759     0.00490915      0.0443401        0.04353        64.4095
       0.209689      0.0793081       0.203013      0.0822508      0.0588802              0       0.102201     -0.0505034    -0.00680759     0.00490915      0.0427203      0.0492392        143.751
       0.216784       0.080038        0.20424      0.0822508      0.0294396              0       0.150531     -0.0265536    -0.00680759     0.00490915       0.055758       0.053544        174.246
        0.21422      0.0835553       0.205467      0.0822508      0.0294399              0       0.104736      0.0112901    -0.00680759     0.00490915      0.0513291      0.0517263        174.037
       0.209147      0.0822508       0.206693      0.0822508      0.0294406              0      0.0294406              0    -0.00680759     0.00490915      0.0521231      0.0608282        149.045
       0.206693      0.0822508       0.206693      0.0822508              0              0              0              0    -0.00680759     0.00490915      0.0695338      0.0713425        146.329
       0.214053      0.0822508       0.209147      0.0822508      0.0588791              0      0.0588791              0    -0.00680759     0.00490915      0.0731516      0.0434561         185.74
       0.212827      0.0785852       0.210373      0.0810289      0.0294399     -0.0293248      0.0294399     -0.0293248    -0.00680759     0.00490915      0.0137596    -0.00452914        185.129
       0.214053      0.0810289         0.2116      0.0810289      0.0294406              0      0.0294406              0    -0.00680759     0.00490915     -0.0228177     -0.0130052        214.598
       0.235419      0.0813815       0.212827      0.0810289      0.0294396              0       0.271113     0.00423057    -0.00680759     0.00490915    -0.00319058     0.00752115        238.808
       0.219282      0.0811297       0.212827      0.0810289              0              0      0.0774609     0.00120873    -0.00680759     0.00490915      0.0182323      0.0249448        139.631
        0.21765      0.0810577       0.214053      0.0810289      0.0294396              0      0.0431599     0.00034535    -0.00680759     0.00490915      0.0316572      0.0390487        126.054
        0.21806      0.0810372        0.21528      0.0810289      0.0294406              0      0.0333604    9.86713e-05    -0.00680759     0.00490915      0.0464396      0.0505981        123.212
       0.219053      0.0780639       0.216507      0.0798071      0.0294399     -0.0293248      0.0305601     -0.0209181    -0.00680759     0.00490915      0.0547566       0.053184        118.392
       0.220213       0.079309       0.217733      0.0798071      0.0294396              0      0.0297597    -0.00597659    -0.00680759     0.00490915      0.0516114       0.051497        123.479
       0.221421      0.0796648        0.21896      0.0798071      0.0294406              0      0.0295318     -0.0017076    -0.00680759     0.00490915      0.0513825      0.0441928        124.724
       0.219663      0.0797664        0.21896      0.0798071              0              0     0.00843765   -0.000487886    -0.00680759     0.00490915      0.0370026      0.0326843        116.393
       0.225119      0.0797954       0.221413      0.0798071      0.0588795              0      0.0444675   -0.000139396    -0.00680759     0.00490915      0.0283661      0.0216208        131.626
       0.225451      0.0798037        0.22264      0.0798071      0.0294403              0      0.0337338   -3.98268e-05    -0.00680759     0.00490915      0.0148759      0.0141101        128.041
       0.223443      0.0768387        0.22264      0.0785852              0     -0.0293248     0.00963823     -0.0209576    -0.00680759     0.00490915      0.0133448     0.00943422         114.32
       0.225849      0.0780862       0.223867      0.0785852      0.0294399              0      0.0237823     -0.0059879    -0.00680759     0.00490915     0.00552368     0.00338936        125.209
       0.230391      0.0754752        0.22632      0.0773633      0.0588802     -0.0293248      0.0488522     -0.0226571    -0.00680759     0.00490915     0.00125551    -0.00339974        131.916
       0.230462      0.0768239       0.227547      0.0773633      0.0294396              0       0.034986    -0.00647345    -0.00680759     0.00490915    -0.00805468     -0.0111346        130.596
       0.231359      0.0772092       0.228773      0.0773633      0.0294399              0      0.0310245    -0.00184956    -0.00680759     0.00490915     -0.0142145     -0.0128756        131.581
