     -0.0185395      0.0497759     -0.0747641      0.0126343       0.674695         0.4457       0.674695         0.4457    5.68064e-05    2.72987e-06        65.6803       0.366836       0.386773
     -0.0719554     0.00595077     -0.0745933      0.0125695      0.0711589      0.0431709     -0.0639388     -0.0376805    5.68064e-05    2.72987e-06        165.301      0.0234607      -0.410349
      -0.071382     0.00751544     -0.0746934       0.012641     0.00495328     0.00586246      0.0905936     -0.0915619     -0.0101288     0.00992845        156.827        0.37298       0.223587
     -0.0701057     0.00789962     -0.0744329      0.0124951     0.00612169    -0.00256546      0.0623381      -0.062764     0.00393099      0.0130905        169.391       0.372594       0.377198
     -0.0724657     0.00618939     -0.0743765      0.0112791     0.00183075     -0.0265224      0.0151047     -0.0618922    0.000515285      0.0272255        177.386       0.170179       0.118432
      -0.071776     0.00739973     -0.0745642      0.0103192    -0.00387178     -0.0233855      0.0498762    -0.00587563     -0.0153903      0.0434774        156.215      -0.692924       0.297157
     -0.0705505      0.0018706     -0.0737709      0.0086101      0.0167491     -0.0392559      0.0296553      -0.111074     -0.0210083      0.0492659        136.075      -0.230537     -0.0993902
     -0.0695349    -0.00659385     -0.0726549     0.00448168      0.0257797     -0.0930994      0.0256279      -0.155178     -0.0314053      0.0217502        127.448        0.12957      -0.535715
     -0.0655803    -0.00162352     -0.0718666     0.00367451      0.0196061     -0.0267448       0.115228     -0.0503412     -0.0282945     0.00978111        908.906      -0.281899       0.161342
     -0.0662722    -0.00257049      -0.071128     0.00267643      0.0179143      -0.024233       0.058081     -0.0850638    -0.00604313      0.0160437        141.725        0.11119      0.0330562
     -0.0684798    -0.00465492     -0.0713289    0.000226192    -0.00254763     -0.0553484       0.039833     -0.0459264    -0.00574332     0.00847636         140.21      -0.237143      0.0148783
     -0.0707204    -0.00816257     -0.0718631    -0.00201448     -0.0117941     -0.0539335      0.0103529     -0.0908578    -0.00869697     0.00990986        137.065      0.0923077      -0.191603
     -0.0670865     -0.0136199     -0.0707558    -0.00669928      0.0227393      -0.106585      0.0575283     -0.0603913    -0.00926441     0.00301539        121.738      -0.444448    -0.00632322
     -0.0663658     -0.0166681       -0.07062    -0.00922388     0.00520661       -0.06519      0.0724853      -0.116148    -0.00190299     0.00416683        123.103       0.186586       0.345539
     -0.0682906     -0.0177511      -0.071029     -0.0116274    -0.00831421     -0.0584343      0.0368948      -0.075025    -0.00164216     -0.0111178        132.543       0.232262       0.254134
     -0.0688692     -0.0230279     -0.0714547     -0.0161996      -0.010026      -0.104603      0.0376282     -0.0665589     -0.0154397    -0.00659574         123.09      -0.132302       0.153775
     -0.0669335     -0.0251206     -0.0710099     -0.0189012     0.00860459     -0.0688162      0.0553304     -0.0789261     -0.0294756     0.00662314        115.832     -0.0540172      0.0184825
     -0.0655307     -0.0272119     -0.0706801     -0.0216706     0.00798333     -0.0666993      0.0742782      -0.062725     -0.0354785     0.00296198        106.203      -0.130909    -0.00499075
     -0.0649377     -0.0305406     -0.0703331     -0.0241538     0.00829538     -0.0603074      0.0740414     -0.0947581     -0.0357377    -0.00109388        123.094       0.270749     -0.0793799
     -0.0646635     -0.0321557     -0.0698093     -0.0260456       0.012142     -0.0468949      0.0665773      -0.085548     -0.0355739    -0.00556875        105.102       0.495305      -0.227599
     -0.0629903     -0.0347186     -0.0686672      -0.029523      0.0258852     -0.0798014      0.0758567     -0.0340096     -0.0330669     0.00408493        104.367       -0.23312      -0.278514
     -0.0603619     -0.0362572     -0.0677122     -0.0317454      0.0232151     -0.0559834       0.121134     -0.0474515     -0.0233123      0.0256035        111.269      -0.485173       0.238719
     -0.0610275     -0.0416952     -0.0668226     -0.0348606       0.021537     -0.0728858      0.0705903      -0.096729    -0.00985616      0.0220796         114.94      -0.168916      0.0810247
     -0.0600927     -0.0443839     -0.0662325     -0.0379041      0.0148997     -0.0730288      0.0956526     -0.0797446      -0.018286   -0.000342977        111.145      -0.065503       0.310949
     -0.0579976     -0.0476861     -0.0644292     -0.0419676      0.0404418     -0.0950743      0.0723852     -0.0542295     -0.0230465    -0.00757338        97.5937      -0.289381     -0.0584445
     -0.0552004       -0.04763     -0.0629964     -0.0438973      0.0349918     -0.0511893       0.113447     -0.0495883      -0.034901    -0.00885381        81.5678     -0.0454444      0.0748467
     -0.0517039     -0.0506692     -0.0614644     -0.0466717      0.0365917     -0.0650451       0.146562     -0.0515214     -0.0336975     -0.0205017        82.1905       0.188891       0.377109
     -0.0459639     -0.0555226     -0.0583016     -0.0508598      0.0719753     -0.0969672       0.167312     -0.0426543     -0.0342532     -0.0257909        81.7435        0.03515        0.38695
     -0.0449552     -0.0520649     -0.0564036     -0.0527877      0.0481948     -0.0513394       0.144848      0.0540217     -0.0504265     -0.0181536        81.8845       -0.73442      0.0868616
     -0.0444626     -0.0577063     -0.0539216      -0.055204      0.0584293     -0.0573264      0.0927649     -0.0676372     -0.0666919     -0.0164398        87.3636      0.0477682      -0.566343
     -0.0379845     -0.0581903     -0.0507235     -0.0575143      0.0749221     -0.0556354       0.186658      0.0172465     -0.0693132     -0.0450289        74.3035      -0.153469      -0.320622
     -0.0335561      -0.057065     -0.0476218     -0.0589938      0.0744896       -0.03752       0.196432      0.0360506     -0.0461467     -0.0467329        73.6873      -0.119403     -0.0892103
     -0.0269125     -0.0562588     -0.0429358     -0.0596594       0.108666     -0.0181304       0.222173      0.0498837     -0.0295097      -0.046651        72.1885      0.0113782       0.222622
     -0.0286187     -0.0588295     -0.0404949     -0.0606483      0.0635906     -0.0231721        0.14068     0.00904989     -0.0248551      -0.052568        67.4903       0.476268     -0.0456269
      -0.022297     -0.0558735     -0.0373213     -0.0608862      0.0749092    -0.00745595        0.23531      0.0972805     -0.0270449     -0.0552801        57.9209      0.0482148       0.652969
     -0.0245454     -0.0572655     -0.0339039     -0.0608046      0.0813075     0.00101565      0.0502925      0.0309346     -0.0319998      -0.041059        59.1416       0.366103      -0.722022
    -0.00971837      -0.056662     -0.0257631     -0.0603303        0.18397      0.0103463       0.211118      0.0553912     -0.0497207     -0.0318266        38.6662        0.27775      -0.660437
     -0.0008871     -0.0537284     -0.0207231     -0.0598437       0.127262      0.0115459       0.304994        0.11317     -0.0399885     -0.0235593        41.1337      -0.382757       0.408043
      0.0025418     -0.0569046     -0.0147354     -0.0588857        0.14206      0.0218485       0.200481     -0.0154746    -0.00468164    -0.00886191        43.8531       0.469724      0.0992378
     0.00984134     -0.0526998    -0.00740461     -0.0573552       0.172552      0.0352435       0.210516      0.0854578     -0.0106044     -0.0170553        38.2281     -0.0605404     -0.0955251
      0.0132819     -0.0508516     -0.0021545     -0.0552687       0.130658      0.0485914        0.19289      0.0419271     -0.0263157     -0.0162453        35.2101       0.206118       -0.16965
      0.0193398     -0.0495945     0.00366005     -0.0531253        0.13866      0.0511566       0.201659      0.0350455     -0.0237743    -0.00695778        28.1338       0.360177     -0.0929227
      0.0237418     -0.0484843     0.00836195     -0.0519822       0.115427      0.0298075        0.21037      0.0578325     -0.0166669    -0.00536026        40.7709     -0.0410238       0.249153
      0.0363002     -0.0482312      0.0171187     -0.0502797       0.200689      0.0397551       0.237979       0.011845     -0.0124963     0.00881993        32.7987       0.149675       0.183641
      0.0377595     -0.0481265       0.021686     -0.0496692       0.118721      0.0171618       0.207116      0.0322686      -0.017853       0.013023        36.6827      -0.242907       0.195761
      0.0403547     -0.0474043      0.0267501     -0.0488914       0.121257      0.0185175       0.150601      0.0205432     -0.0272022       0.014105        37.2992      -0.359958      -0.374489
      0.0465093     -0.0464433      0.0322412       -0.04845       0.130734      0.0113849       0.181648      0.0339428     -0.0370997     0.00740253         51.765      -0.530502      -0.405225
      0.0518372      -0.047201      0.0378514     -0.0478801       0.134252      0.0134485       0.171109     -0.0146749     -0.0284786    -0.00721945        42.0663       0.049962      -0.464803
      0.0706097     -0.0403231      0.0488781     -0.0460396       0.251603      0.0410996        0.28718      0.0988759     -0.0103489      -0.027433        50.0098       -0.41199      0.0475278
      0.0669028     -0.0401323      0.0540104     -0.0450059       0.136017      0.0264386         0.1247      0.0484243     0.00762302      -0.033303        29.2742      0.0455952      -0.606022
      0.0737021     -0.0364494       0.059086     -0.0436693       0.123236      0.0315143       0.233567       0.112924      0.0117305     -0.0405048        41.7336      -0.304973       0.668076
      0.0879709     -0.0350669      0.0699701     -0.0411759       0.247419      0.0570073       0.193125      0.0461519      0.0271928      -0.047107        32.4691       0.544824        0.15571
      0.0845179     -0.0329643      0.0736394     -0.0398174       0.103998       0.035046       0.124743       0.103649      0.0318119     -0.0482423        24.4834       0.316765     -0.0493614
      0.0902116     -0.0296957      0.0787036     -0.0379367       0.119788      0.0441261       0.148151        0.12185      0.0116861     -0.0319022        20.0122     -0.0431966      0.0832321
      0.0969819     -0.0304529      0.0840799     -0.0363597       0.128105      0.0384763       0.168118      0.0674038      0.0139956     -0.0165336        34.2401       0.137574       0.274261
       0.109035     -0.0279619      0.0928763     -0.0337385       0.202814      0.0604654        0.18388      0.0668681      0.0123542     -0.0181557        27.1918       0.286143      -0.115505
       0.110762     -0.0248567       0.097421     -0.0316057       0.118446      0.0521162       0.169863       0.102549    0.000385824     -0.0153637        41.0615      -0.150674     -0.0481973
       0.113042     -0.0243414        0.10195      -0.029426       0.109671      0.0522933       0.126932      0.0517878    0.000148836    -0.00431515        31.5306      0.0952348      -0.307216
       0.115141     -0.0224462       0.106088     -0.0273481       0.100359      0.0501108       0.102067      0.0640195     0.00471157    -0.00584711        28.1045      0.0115606      -0.489444
       0.119092     -0.0198228       0.109744     -0.0255881      0.0890007      0.0430268       0.133937      0.0870549      0.0174608    -0.00486935        20.4822      -0.342216       0.037297
       0.128976     -0.0125437       0.117046      -0.021145       0.166624       0.100274       0.136347        0.10409      0.0372574    -0.00379778        30.2688      -0.251474     -0.0332151
       0.127651     -0.0139102       0.120174      -0.019196      0.0842218      0.0521263      0.0876785      0.0463562      0.0372065     -0.0166769        23.6324       0.272698     0.00215807
       0.130318     -0.0116448       0.123658      -0.016771      0.0836683      0.0575919      0.0829767      0.0558015      0.0365436     -0.0284785        35.7283       0.489032       0.146261
       0.142099   -0.000188429       0.130214     -0.0103135       0.149993       0.145241       0.161038       0.120035      0.0366033     -0.0235368        48.2129       0.498896       0.575667
       0.139447    0.000882884       0.132831    -0.00755777      0.0715114      0.0740488      0.0587662       0.122291      0.0311115     0.00228714         30.136      -0.129546      0.0235219
       0.141326    -0.00118402       0.135599    -0.00563812      0.0669347      0.0488693      0.0630552      0.0486406     0.00734848      0.0220469        26.8562      -0.158696      -0.220751
       0.144675    -0.00225478       0.138422     -0.0037944       0.067676      0.0447113      0.0763577    0.000220474     0.00516874      0.0177865        25.8018       0.158569      -0.243774
       0.152237     0.00664678       0.143601     0.00110426       0.118639       0.110282      0.0995357       0.064528      0.0154973     0.00901018        30.9493      0.0755259      -0.317006
       0.150258      0.0103264       0.145558     0.00382208      0.0541437      0.0697331      0.0501115      0.0996983      0.0261567      0.0142786        20.6458      -0.522502      -0.353614
       0.151429     0.00936305       0.147884     0.00601309      0.0556511      0.0542991      0.0442459      0.0190844       0.038691      0.0187496        22.0656     -0.0755737      -0.141976
       0.150378      0.0109585       0.149406     0.00821396      0.0384417      0.0529687     0.00198078      0.0220494      0.0562074   -0.000895393        22.3334       0.169107      -0.126426
       0.149433      0.0128497       0.150728     0.00990223         0.0324      0.0417635       -0.03216      0.0353421      0.0619223     -0.0061865        22.8832       0.140735      -0.213958
       0.152481      0.0231934        0.15227      0.0148197      0.0365324       0.110393      0.0159738       0.117478      0.0662108     0.00180041        30.3543      -0.243166       0.277656
       0.150222      0.0210977       0.152072      0.0160897    -0.00062048      0.0384727     -0.0228489       0.062033       0.074702     0.00780534        21.2542      -0.286905       0.477137
       0.147067      0.0187038        0.15118      0.0173814     -0.0193292      0.0317466     -0.0616691     -0.0118872      0.0649049     -0.0011592        15.5239       0.363845       0.344867
       0.140996      0.0265828       0.148128      0.0208834     -0.0678589      0.0788188     -0.0983186      0.0819282      0.0460743     -0.0134863        17.3855      0.0611355       0.105829
       0.144756      0.0226858       0.148128      0.0208834    -0.00678589     0.00788188     -0.0457726      0.0159864      0.0269322    -0.00281371        13.5664       0.144235    -0.00845301
       0.138493      0.0288323       0.144391      0.0243807     -0.0813978      0.0763298     -0.0704934      0.0531902      0.0236154     0.00235878        11.7617      0.0760599    -0.00136447
       0.137564      0.0277323       0.141978       0.025237     -0.0602494      0.0261288      -0.042549      0.0336531       0.023755     0.00656186        9.27573     -0.0880456       0.226398
       0.133292      0.0266218       0.139123      0.0262354     -0.0676872      0.0241771     -0.0820505    -0.00983788      0.0236546     0.00995909        9.74319       0.142203      -0.104828
       0.124611      0.0285844        0.13365      0.0275356         -0.125      0.0305041      -0.108351      0.0147368      0.0160801     0.00766419        11.3256     -0.0141538      -0.133003
       0.124809       0.032055       0.130742      0.0283838     -0.0753049      0.0213703     -0.0670991      0.0667377      0.0185806      0.0113641         7.5557      -0.232838       -0.17589
       0.122295      0.0301365       0.128005      0.0287608     -0.0666523      0.0102795     -0.0546794     -0.0103658      0.0240826      0.0139414        10.1389      0.0566945      0.0503212
        0.11927      0.0281292       0.125211      0.0288183     -0.0670172     0.00227176     -0.0721195     -0.0106101      0.0328484     0.00441431        13.0873      0.0616132        0.08917
       0.110444      0.0297667       0.119529      0.0295944      -0.129436      0.0169901       -0.10351     0.00177483      0.0317591     0.00450026        23.9494     0.00943781       0.225959
       0.109918      0.0286876       0.116796      0.0298067     -0.0719682     0.00628442     -0.0836373     -0.0249862      0.0275529     0.00822865        18.8676        0.17411       0.165332
        0.10838      0.0273031       0.114158      0.0294027     -0.0641879    -0.00809784       -0.07435     -0.0283076      0.0180556     0.00874208        16.0488       0.112679     -0.0325576
       0.101108      0.0263016       0.109096      0.0285445      -0.115756     -0.0193468     -0.0957081     -0.0191581      0.0108525      0.0156002        17.7041      -0.205696      -0.107475
       0.103178      0.0242728       0.106692      0.0276881     -0.0635032     -0.0204338     -0.0175893     -0.0502485      0.0095982      0.0217606        14.8542     -0.0878555       0.381576
      0.0997306      0.0233376        0.10398      0.0269156     -0.0649233     -0.0187276      -0.060546     -0.0498719      0.0144131      0.0149865        8.85061     -0.0234625     0.00738448
      0.0961892      0.0227465       0.100783      0.0262181     -0.0755498     -0.0169395      -0.053092     -0.0500594    0.000787917       0.010004        7.24974      0.0866528      -0.108294
      0.0951805      0.0238143      0.0983649      0.0259038     -0.0597818    -0.00848225      -0.031498     -0.0221569   -0.000977692     0.00958692        6.96199     -0.0693554     -0.0861133
       0.086825      0.0213949      0.0930767      0.0245024      -0.120203     -0.0311182     -0.0661251     -0.0383778     0.00362581      0.0121456        12.4567      -0.118397     0.00693278
      0.0858558      0.0199916      0.0905608      0.0232405     -0.0663655     -0.0303689     -0.0561877     -0.0397727     0.00798089      0.0123501        10.2076      -0.146146     -0.0965071
      0.0845948      0.0200992      0.0879499      0.0222466     -0.0630307     -0.0245056     -0.0174914     -0.0270322     0.00886888     0.00640653        9.23204      0.0447414     -0.0507915
      0.0821652      0.0172541      0.0853502      0.0209617     -0.0624577     -0.0302045     -0.0392098     -0.0431992      0.0118002    0.000284898        11.3651     -0.0206186     -0.0542503
      0.0739988      0.0152065      0.0801826      0.0192614      -0.117865     -0.0397475     -0.0648962     -0.0513254      0.0144233     0.00103329         24.808     0.00086066      0.0962817
      0.0720177      0.0140284      0.0778189      0.0178005     -0.0628428     -0.0355297     -0.0791121     -0.0477224      0.0164127     0.00118886        22.0642      0.0344327      -0.153918
      0.0708174      0.0140719      0.0750931      0.0165854     -0.0651615     -0.0297994     -0.0380273     -0.0233591      0.0135031     0.00120937        24.3639      -0.128485      0.0933623
      0.0624378     0.00967025      0.0699102      0.0137619      -0.118466     -0.0639677     -0.0889358     -0.0457029      0.0159778     0.00185131        38.8641      -0.189622      0.0494782
      0.0614206     0.00760748        0.06716      0.0121149     -0.0712522     -0.0419715     -0.0673912      -0.068347      0.0150729    -0.00167061        33.6952       0.184741      0.0055466
      0.0649851     0.00698945      0.0644249      0.0105995     -0.0662034     -0.0369308      0.0796494       -0.04971      0.0127226    -0.00971879        21.1087         0.1558       0.294207
      0.0618485     0.00572185      0.0620088     0.00963583     -0.0588072     -0.0245079     -0.0197571     -0.0512815      0.0120253    -0.00373627        23.6678       0.209315        0.12311
       0.055844      0.0070384      0.0594144     0.00846773     -0.0619201     -0.0276817     -0.0485051     0.00592666    0.000166002     0.00408076        23.4013      -0.237198     -0.0735324
      0.0509656   -0.000507338       0.055395     0.00515591     -0.0930121     -0.0743036     -0.0422419     -0.0828751    -0.00515169      0.0118368        27.5523      0.0268348     0.00498617
      0.0502676    -0.00168079      0.0530392     0.00346809     -0.0601845     -0.0438871     -0.0262255     -0.0650708    -0.00298875     0.00395809        21.9395      0.0688159    -0.00438159
      0.0502149    -0.00120918      0.0509169     0.00205381     -0.0518619     -0.0349372      0.0122844     -0.0311857    -0.00260871     0.00317048        18.9773       -0.14561       0.282794
      0.0477442    -0.00205537      0.0489519      0.0010177     -0.0476287     -0.0258737     -0.0179463     -0.0440892    -0.00243169     0.00585209        20.3999     0.00313271     -0.0340278
       0.043016    -0.00727379      0.0455399    -0.00210865     -0.0784629     -0.0701166      -0.021695     -0.0609171     -0.0124316     0.00182914        23.6085     -0.0277641     -0.0773437
         0.0449    -0.00821999      0.0446445    -0.00378317     -0.0271866     -0.0431813      0.0113689      -0.057745     -0.0126393    0.000696051        18.4167       0.071314      -0.109504
      0.0443274     -0.0090654      0.0434224    -0.00543808     -0.0291151     -0.0400642      0.0208888     -0.0410903    -0.00909418    0.000163901        15.4502   -0.000266541     -0.0745111
        0.04049     -0.0139599      0.0409399    -0.00867464     -0.0565354     -0.0739161     0.00716998     -0.0609113     -0.0045827     0.00109886        24.0687      -0.073418       0.035959
      0.0409442     -0.0156739      0.0402325     -0.0108078     -0.0209325     -0.0534683      0.0143436     -0.0603643   -0.000439223     0.00201308        20.7103     -0.0298589     -0.0111582
      0.0407274     -0.0160885      0.0393446     -0.0123332     -0.0212725     -0.0382959      0.0283084     -0.0459608   -0.000974354    2.28762e-05        19.3327     -0.0018492      0.0744588
      0.0409269     -0.0180181      0.0391659     -0.0144251    -0.00598762     -0.0490135      0.0216894     -0.0389878    -0.00112611    -0.00151111        18.1881     -0.0823852      -0.105266
      0.0417767     -0.0193836       0.039132     -0.0161357    -0.00133044     -0.0418508      0.0419679     -0.0388902    -0.00419575    -0.00172569        18.0211     -0.0537562     -0.0445674
      0.0415823     -0.0245462       0.039079     -0.0196834    -0.00127792      -0.080816      0.0343847     -0.0517104     -0.0013867    -0.00500227        20.7522       -0.15282      -0.101849
      0.0413911     -0.0250193      0.0390553     -0.0215786   -0.000640362     -0.0490175      0.0339281     -0.0388943    0.000631395    -0.00755895        19.8446      -0.120052     -0.0972746
      0.0411193     -0.0266421      0.0389395     -0.0235844    -0.00256356     -0.0482267      0.0340843     -0.0372406     0.00548524     -0.0141959        23.4012     0.00548241     -0.0218485
      0.0409311     -0.0287226      0.0391191     -0.0256915     0.00362333      -0.050337      0.0222722     -0.0368894     0.00957769     -0.0192562        20.0129       0.131319       -0.10223
       0.041178     -0.0308038      0.0391004     -0.0282263   -4.21714e-05      -0.059784      0.0362164     -0.0177336      0.0109157     -0.0193584        21.8681     -0.0740378      0.0771501
      0.0415003     -0.0313761      0.0395655     -0.0295364      0.0100425     -0.0342766      0.0218716     -0.0230398      0.0145053     -0.0141306        20.3454      0.0476558     -0.0379438
      0.0418702     -0.0322127      0.0396931     -0.0309111     0.00375917     -0.0331214      0.0358558    -0.00971112      0.0127977     -0.0152801        19.3241     0.00638403       0.098491
      0.0420014      -0.032746      0.0398977     -0.0317308     0.00479577     -0.0210181      0.0285483     -0.0146748      0.0130037     -0.0150039        20.1331       0.146059       0.069779
      0.0420924     -0.0342961      0.0399963      -0.033068     0.00260912     -0.0309856      0.0299698    -0.00937514      0.0103975     -0.0139567        19.6993      0.0782422      0.0535736
      0.0423075     -0.0336383      0.0399385     -0.0333007   -0.000987442     -0.0081248      0.0371757    -0.00309761      0.0073126    -0.00797416        19.3699      0.0848987       0.110306
      0.0419569     -0.0326491      0.0398473     -0.0333548     -0.0020688    -0.00198069      0.0275778      0.0177637     0.00493843    -0.00427414        19.6731      -0.111448    -0.00676555
      0.0420267      -0.032964      0.0398235     -0.0333551   -0.000720657   -0.000204667      0.0304622     0.00250805     0.00100786    -0.00129832        18.4744     -0.0301904     -0.0797387
      0.0424438     -0.0327325      0.0398923     -0.0332307      0.0014127      0.0026667      0.0375447     0.00580784   -0.000290569    -0.00251306        16.6079      0.0152576     -0.0690499
      0.0424355      -0.032265      0.0398503     -0.0330798     -0.0007647     0.00352676      0.0396264      0.0116686     0.00230176    -0.00468112         16.267      0.0121868    -0.00411388
      0.0416599     -0.0318114      0.0397692     -0.0329295    -0.00182943     0.00359893      0.0239689      0.0175206     0.00612969    -0.00477113        18.3645     -0.0411813     -0.0983983
       0.041696     -0.0315283       0.039582     -0.0327473    -0.00422581     0.00429461       0.036869       0.017388     0.00652534    -0.00461162        20.1312     -0.0559757      0.0566365
      0.0406345     -0.0300583      0.0393138     -0.0320428    -0.00621631      0.0156478      0.0159536      0.0265554      0.0105254    -0.00541354        23.7409     -0.0543456     -0.0516214
      0.0399237     -0.0301398      0.0389669     -0.0317707     -0.0081128     0.00744099      0.0146154      0.0199158     0.00983006    -0.00775124        25.2087      0.0124691     -0.0795983
      0.0407721       -0.02865      0.0386744       -0.03128    -0.00713118      0.0113429       0.043281      0.0425626      0.0104454     -0.0101891        24.6883      -0.155714       0.238381
       0.040098     -0.0299576      0.0384576     -0.0306957    -0.00539497      0.0137567      0.0206246     -0.0129831      0.0135288     -0.0101912        23.4909       0.420377        0.12928
      0.0387311     -0.0272855      0.0378172     -0.0298029     -0.0143732        0.02066      0.0116211      0.0445048     0.00853962     -0.0138135        19.4222       0.117475     -0.0321088
      0.0406668     -0.0262157      0.0379888     -0.0290392     0.00227097       0.018562      0.0438732      0.0427558    0.000101152    -0.00030638         18.523      -0.102544      0.0574005
      0.0417347      -0.027209      0.0383916     -0.0283786     0.00892622      0.0161254        0.04536     0.00559064    0.000355187     0.00663971        16.6292       0.078532    -0.00520225
      0.0415059      -0.027457       0.038388       -0.02803    0.000814731      0.0091416      0.0446338     0.00686574   -0.000284013     0.00230538        16.5755      0.0568741     -0.0257201
      0.0431788     -0.0253443      0.0391266     -0.0268788      0.0160353        0.02578      0.0568816      0.0193587   -0.000498709     0.00356542        15.6268   -0.000352863     -0.0174608
      0.0438833     -0.0255722      0.0395822     -0.0263692      0.0114442      0.0135843      0.0630561     0.00733799   -0.000386533     0.00708531        15.0085      0.0113054      0.0656832
      0.0449397     -0.0257393      0.0404499     -0.0262881      0.0198882     0.00311187      0.0591718      0.0124258    0.000109974     0.00754772        17.7517      -0.155493    -0.00381134
      0.0452576     -0.0271021      0.0409213     -0.0265892      0.0121711    -0.00619246      0.0613597    -0.00987553    -0.00113958     0.00767874        16.3407     -0.0757485      0.0178893
       0.046739     -0.0291756      0.0420646     -0.0275398       0.025912     -0.0211535        0.05894     -0.0224238    -0.00145846     0.00296627        18.0537     0.00391215      -0.106093
      0.0455799     -0.0286539      0.0421734     -0.0280817     0.00494195     -0.0138203      0.0451736    0.000745216    -0.00194734   -0.000919831        15.5248      -0.140452      -0.173783
      0.0457605     -0.0284803      0.0425759     -0.0284819     0.00918801     -0.0100255      0.0442384     0.00331982     0.00111372    -0.00106729        17.0875      -0.156222      -0.157256
      0.0467451     -0.0281796      0.0431345     -0.0289031      0.0129842     -0.0101005      0.0560335      0.0163984     0.00835735    -0.00610079        21.4478      -0.227838      0.0447874
      0.0447144     -0.0295148      0.0430757     -0.0294781    2.82634e-05     -0.0134294      0.0157247    -0.00806036      0.0166904     -0.0145784        26.3532      0.0863745      -0.120897
       0.044964     -0.0277736      0.0430048     -0.0293506    -0.00152853     0.00140997      0.0372957      0.0258414      0.0160732     -0.0235716         27.092      0.0667159       0.126105
      0.0442052     -0.0259687      0.0427739     -0.0287642    -0.00513999      0.0128063      0.0208015      0.0388964      0.0193099     -0.0214404        25.5127      0.0680275       0.119915
      0.0429064     -0.0247548      0.0423102     -0.0280163     -0.0105314      0.0174371     0.00635934      0.0446718      0.0155875     -0.0174868        22.5966        0.04927     -0.0143853
      0.0440148     -0.0258969      0.0423102     -0.0280163    -0.00105314     0.00174371      0.0292296      0.0281414      0.0105765     -0.0147973        17.6608      0.0756305      0.0639583
      0.0440857     -0.0242385      0.0421776      -0.027012    -0.00296863      0.0218663      0.0281978      0.0358728      0.0101829     -0.0127049        17.2908      0.0861528      0.0495129
      0.0435415     -0.0239514      0.0417569     -0.0262326    -0.00938448      0.0190225      0.0286853      0.0258224     0.00940568    -0.00986816        16.4465        0.16343      0.0658979
      0.0434579     -0.0238291      0.0413515     -0.0257544    -0.00969527      0.0122316      0.0350609      0.0280558     0.00672454    -0.00535215        18.0703      0.0579204       0.117898
      0.0417326     -0.0198746      0.0402517      -0.023575     -0.0247247      0.0482969      0.0264868      0.0471365     0.00371963     0.00111722        17.3571     -0.0145087       0.116893
       0.042064     -0.0216374      0.0396813     -0.0232672     -0.0147922      0.0114795      0.0408746      0.0184234    -0.00110918     0.00367998        21.0094    -0.00027295       0.163935
      0.0419609     -0.0220498       0.039478     -0.0230003    -0.00587179     0.00691127      0.0292315      0.0135557    -0.00591868     0.00345908        22.0463     -0.0572751      -0.112133
      0.0417187     -0.0209817      0.0390414     -0.0223523      -0.010018      0.0146892      0.0398499      0.0187988     -0.0126668     0.00318908        19.9551      -0.103587      -0.179469
      0.0426333     -0.0208244      0.0390244     -0.0221134    -0.00136808      0.0066295      0.0564874      0.0190113     -0.0121095     0.00146698        17.6417       -0.14901      -0.082399
      0.0424171     -0.0216875      0.0389769     -0.0221542    -0.00116307   -0.000218718      0.0504784    0.000921183    -0.00274175    -0.00387324        18.8083      0.0185669     -0.0472122
      0.0412901     -0.0215624      0.0385593     -0.0224729    -0.00913714    -0.00690701      0.0424104      0.0201881    0.000871721    -0.00990297        22.2387      -0.115123     0.00683347
      0.0430908     -0.0232462      0.0388806     -0.0232566     0.00602658     -0.0176172      0.0700738   -0.000738096     0.00239009     -0.0101463        20.4843    -0.00609162       0.277671
      0.0421777     -0.0231161      0.0391124     -0.0236956     0.00560959     -0.0112453      0.0310286      0.0130753     0.00229997     -0.0131855        23.4243     -0.0390107     -0.0726488
      0.0424407     -0.0225885      0.0394723      -0.023963     0.00833432    -0.00689895      0.0362014      0.0245493    -0.00783282      -0.014102        21.1682      -0.104001      -0.270117
      0.0443526     -0.0241553      0.0403376     -0.0245182      0.0195253     -0.0126824      0.0561226   -0.000883417    -0.00897664     -0.0152328        20.1595       0.135824      -0.234621
      0.0454572     -0.0224464      0.0411238     -0.0246559       0.018933     -0.0042436      0.0643016      0.0455725      0.0024857     -0.0192297        21.3912      -0.171794     -0.0499178
      0.0437423     -0.0213789      0.0415246      -0.023871      0.0105508      0.0165306      0.0204008      0.0234168      0.0125554     -0.0156053        26.3304       0.108137      -0.246451
       0.043464     -0.0219087      0.0413996     -0.0236597    -0.00164343     0.00621541      0.0419781      0.0188743      0.0143059     -0.0200863        25.8256       0.260493       0.121521
      0.0438652     -0.0199408      0.0419348     -0.0230944       0.011396       0.012832      0.0245447       0.053464      0.0234498     -0.0178039        20.4208     -0.0250717       0.119599
      0.0433658      -0.018484      0.0416638     -0.0217819    -0.00471472      0.0296333      0.0327432      0.0378241      0.0201026     -0.0062622        20.0597      0.0655594       0.325557
      0.0432376     -0.0208451      0.0416703     -0.0215389   -0.000330576     0.00821202      0.0184356    -0.00437174      0.0132373    -0.00334359        19.0616       0.376848       0.172241
      0.0443349     -0.0203559      0.0417708     -0.0212587     0.00213808     0.00687536      0.0387718      0.0193195   -0.000444111    -0.00228418        19.8535       0.133794       0.150818
      0.0451464     -0.0195864      0.0421761     -0.0208118     0.00896733      0.0103392      0.0339412      0.0237269    -0.00765222      0.0127449        23.4628      -0.158665      -0.120061
      0.0481684     -0.0221514      0.0431993     -0.0212679      0.0229986    -0.00881632         0.0732     -0.0149851     -0.0148688      0.0204332        21.9142       -0.11846     -0.0263078
      0.0482281      -0.023244      0.0438213     -0.0217728      0.0157344     -0.0117894      0.0549736     -0.0190808     -0.0175191      0.0217156        18.1192      -0.112869      -0.175303
      0.0489684     -0.0235657      0.0444489     -0.0223882      0.0151286     -0.0144696      0.0660162     -0.0117195     -0.0152081      0.0162034        13.7965      -0.159853     -0.0697031
      0.0502092     -0.0241408      0.0454902     -0.0229167      0.0240062     -0.0128636      0.0641107     -0.0193841    -0.00971466      0.0112558        14.1694     -0.0139825      -0.036701
      0.0505266     -0.0239453      0.0463431     -0.0235948      0.0208239     -0.0159342      0.0553961     0.00398628    -0.00415998     0.00337731        14.4683      -0.139633     -0.0460332
      0.0526271     -0.0272889      0.0479796     -0.0253798      0.0374296     -0.0401488      0.0583541     -0.0250549     -0.0030486     0.00250195        12.4173    -0.00752799     -0.0979139
      0.0540509     -0.0272805      0.0492272     -0.0263064      0.0306911     -0.0240301      0.0682507    -0.00722972    -0.00142401    -0.00188721        11.9009     -0.0165986       0.044333
      0.0547201     -0.0294424      0.0504565     -0.0278575      0.0296229      -0.035905      0.0533055      -0.018995     0.00278241     -0.0032046        13.3779      0.0759569    -0.00327209
      0.0550118     -0.0297348       0.051394     -0.0287436      0.0232119     -0.0227319      0.0462476    -0.00990455      0.0037213    -0.00322307        13.2659       0.107198     -0.0357338
      0.0562044      -0.031544      0.0524117     -0.0300758       0.024304     -0.0310472      0.0521894     -0.0158563     0.00350327    -2.6238e-05         13.484       0.114687      0.0252634
      0.0586092     -0.0344257      0.0543234     -0.0320023      0.0437235     -0.0447181      0.0486092     -0.0246544     0.00364632     0.00438772        16.1916      0.0351343      -0.129762
      0.0589113     -0.0345818      0.0552333     -0.0328799      0.0240258     -0.0234288      0.0504231     -0.0181313     0.00357813     0.00926172        16.2802     -0.0079587     -0.0502319
      0.0583089     -0.0349817      0.0556482      -0.033716      0.0113637     -0.0204021      0.0365859     -0.0113663      0.0073672      0.0106791        18.0785     -0.0821829     0.00706254
      0.0579095     -0.0371553      0.0557942     -0.0354967     0.00429057     -0.0405021      0.0330497    -0.00954589     0.00968534      0.0105933        22.2365      -0.276761       0.127924
      0.0574446     -0.0374729      0.0558912     -0.0358466      0.0025244     -0.0116079      0.0201811     -0.0342901     0.00970048     0.00748848        19.4783        0.14148      0.0856468
      0.0582152      -0.035789      0.0561111     -0.0360524     0.00500228      -0.005608      0.0328174      0.0124152     0.00566799    -0.00409616        15.9527     0.00715789       0.147786
      0.0585883     -0.0350275      0.0560952     -0.0360093    0.000156155    0.000372126      0.0390243      0.0136704    0.000353638     -0.0028056        16.4229      0.0296589       0.206921
       0.059338     -0.0353008      0.0564871     -0.0360093     0.00848075    3.72126e-05      0.0355196     0.00745649    -0.00560349   -0.000737917        17.6821       0.109728      0.0400449
      0.0582833     -0.0359484      0.0565123     -0.0361531     0.00139275    -0.00310324      0.0127143     0.00115019      -0.014061    3.73006e-05        18.6282       0.167442       -0.35527
      0.0607673     -0.0360814      0.0569972     -0.0364399      0.0106132    -0.00650599       0.064869      0.0125161     -0.0155248     0.00444912        11.9831     -0.0255865     -0.0421249
      0.0609954     -0.0366429      0.0573693     -0.0366034      0.0090983    -0.00418098      0.0517906   -0.000473359    -0.00173801      0.0116935        12.5212     -0.0352296      0.0368306
      0.0570362     -0.0390775      0.0563302     -0.0379895     -0.0215352     -0.0303584     0.00732737    -0.00402741     0.00420875      0.0135895        19.6201      -0.231471      -0.101233
      0.0572014     -0.0382797      0.0560891     -0.0380623    -0.00736186    -0.00460783      0.0208525    -0.00361724     0.00304789      0.0111005         18.992      -0.150638     -0.0210846
       0.057231     -0.0382663      0.0561611     -0.0383419    0.000819066    -0.00650155      0.0115639    9.13115e-05     0.00533039     0.00167571        19.6036     -0.0330765      -0.127172
      0.0566915      -0.036493      0.0558749     -0.0380854    -0.00609959     0.00489091       0.014938      0.0251063     0.00679118    -0.00521911        22.4182     -0.0553991     -0.0604108
      0.0564862     -0.0352384      0.0556195     -0.0377984    -0.00612689     0.00668886      0.0174424      0.0387171      0.0119879    -0.00609864        24.6304      -0.107495      0.0635556
      0.0552719      -0.034147      0.0552113     -0.0373486    -0.00942873      0.0103836   -0.000372129      0.0455427      0.0147951    -0.00794555        28.7622      -0.109123    -0.00614981
      0.0537156     -0.0363393       0.054534     -0.0377832     -0.0155722    -0.00834795     -0.0126618      0.0119141      0.0132595     -0.0125169        28.1654       0.179195      -0.109804
      0.0553571     -0.0345842      0.0541574     -0.0372462    -0.00969268      0.0107637      0.0366274      0.0384297      0.0121974     -0.0180023        22.4092       0.161162       0.355545
      0.0520164     -0.0325075      0.0529774     -0.0358878     -0.0264573      0.0304174     -0.0209023      0.0380215      0.0149605     -0.0120075        21.5207       0.309125      0.0449198
      0.0516702     -0.0329029      0.0518802     -0.0355896     -0.0263445     0.00948339     0.00913934      0.0420669     0.00251097    -0.00403692        18.9359        0.10859       0.175587
      0.0522817      -0.033864      0.0512715     -0.0356194     -0.0157822    0.000305413      0.0195758      0.0300208   -0.000473317     0.00808345        27.4487      -0.104555       0.168511
      0.0520734     -0.0342345      0.0505559     -0.0351672     -0.0170356     0.00979818      0.0253315     0.00718049    -0.00680023      0.0131458        22.6126    -0.00940223       0.114378
      0.0499938     -0.0337861      0.0489456     -0.0345264     -0.0364872      0.0148207      0.0225219     0.00431848     -0.0154907      0.0104376          23.84       0.100129      0.0938986
       0.050425     -0.0319397      0.0482998     -0.0337743     -0.0175962      0.0177267       0.033473      0.0304749     -0.0201814     0.00890993        22.9397      -0.098286    -0.00170769
       0.050681     -0.0313305      0.0480264     -0.0328339    -0.00766544       0.022086      0.0348858      0.0117364     -0.0237337      0.0122785        23.5636      0.0483718      -0.198053
      0.0509744     -0.0317452      0.0472909      -0.032562     -0.0166532     0.00808247      0.0680469      0.0101928     -0.0236669     0.00986289        21.0718      0.0380729       0.107131
       0.050693     -0.0303249      0.0471818     -0.0318455    -0.00402233      0.0162831      0.0459629      0.0227429     -0.0168049      0.0100305        20.7768     -0.0702117     -0.0504235
      0.0493631      -0.030606      0.0467995     -0.0316028    -0.00865968     0.00687021      0.0325255      0.0126131     -0.0192628      0.0120904        20.4334     -0.0783649      -0.238937
      0.0522739     -0.0303903       0.047342     -0.0315415      0.0108518     0.00201238      0.0831795      0.0209585     -0.0186271      0.0102781        19.5196      -0.206331       0.114715
      0.0513923     -0.0300435      0.0474845       -0.03118     0.00416229     0.00800944      0.0495735      0.0102977    -0.00864941     0.00589715        23.4951     -0.0574729     -0.0175553
      0.0509334     -0.0307949      0.0477857     -0.0308495     0.00692193     0.00794047      0.0383643      -0.015454     -0.0111838    -0.00232292        24.5733       0.378688      -0.186767
      0.0518444     -0.0281581      0.0483563     -0.0305615      0.0130181     0.00701425      0.0480588      0.0533111      -0.012157    -0.00396324         18.278      -0.145985      -0.199849
      0.0527655     -0.0278139       0.049327     -0.0299537      0.0222699      0.0138286      0.0420712      0.0243473      -0.012157    -0.00396324        14.7478     -0.0829607      -0.271829
      0.0528243     -0.0277548      0.0499767     -0.0293344      0.0162601      0.0147601      0.0396879      0.0161064      -0.012157    -0.00396324        19.1755      0.0323674      -0.171517
      0.0544633     -0.0269157      0.0513188     -0.0287138      0.0306147      0.0148813      0.0425786      0.0231052      -0.012157    -0.00396324        19.2385      0.0460965     -0.0412727
      0.0544413     -0.0261108      0.0522751     -0.0281696      0.0237168      0.0132433      0.0257724      0.0294198      -0.012157    -0.00396324        23.9662      -0.019731     -0.0083245
      0.0559472     -0.0243112      0.0532268     -0.0271254      0.0229294       0.023879      0.0451424      0.0384842      -0.012157    -0.00396324         25.513     -0.0828942       0.301564
      0.0589736     -0.0228921      0.0554485     -0.0260466      0.0502817      0.0256903      0.0358493       0.041531      -0.012157    -0.00396324        12.8458      -0.097651        0.12198
      0.0584443     -0.0247132      0.0563921     -0.0257671      0.0254091     0.00860669      0.0157608    0.000152634      -0.012157    -0.00396324        14.1197       0.262587      -0.141492
      0.0606468     -0.0213744      0.0574571     -0.0247696      0.0255463       0.022406      0.0490507      0.0606199      -0.012157    -0.00396324        10.0212      -0.147581      0.0574959
      0.0617064     -0.0227372      0.0584051      -0.024432      0.0230308     0.00953156      0.0448229      0.0126921      -0.012157    -0.00396324        9.78158      0.0743811       0.122681
      0.0625569     -0.0228618      0.0594916     -0.0239951      0.0257711       0.010391      0.0362763      0.0116766      -0.012157    -0.00396324        11.3091       0.156035      0.0298335
      0.0661413     -0.0208115      0.0615598     -0.0232222      0.0472509       0.017734      0.0580226      0.0401755      -0.012157    -0.00396324        10.0207     -0.0906129     0.00491807
      0.0667278     -0.0215002      0.0625698     -0.0228615      0.0265397     0.00956451      0.0559099      0.0133118      -0.012157    -0.00396324        8.88739    -0.00354242      0.0458527
      0.0674072     -0.0203507      0.0634136     -0.0221125      0.0208807      0.0171356      0.0559416      0.0242268      -0.012157    -0.00396324        9.05278     -0.0480904        0.11834
      0.0676603     -0.0209899      0.0642408      -0.021905      0.0199561     0.00619473      0.0407772      0.0078648      -0.012157    -0.00396324        9.51572      0.0555431     -0.0220889
      0.0713483     -0.0201599      0.0661719      -0.021322      0.0437064      0.0132123      0.0693802      0.0136746      -0.012157    -0.00396324        12.1075       0.082278     0.00830827
      0.0718376     -0.0205585      0.0672022     -0.0212643      0.0266254     0.00256669      0.0603745      0.0103093      -0.012157    -0.00396324        10.1091      0.0418893     -0.0194045
      0.0719857     -0.0206391      0.0680563     -0.0211121      0.0211104     0.00354512      0.0500805     0.00646027      -0.012157    -0.00396324        8.83306      0.0130778     -0.0820781
      0.0724919     -0.0204961      0.0687602     -0.0210237      0.0173159     0.00226366      0.0522689      0.0104466      -0.012157    -0.00396324        7.44409     -0.0913468     -0.0229147
      0.0755995     -0.0218798       0.070673      -0.021429      0.0430481    -0.00852792      0.0632812    -0.00749722      -0.012157    -0.00396324        9.87471     -0.0375187     -0.0300301
      0.0758583     -0.0219927      0.0716686      -0.021839      0.0258089    -0.00970766      0.0553328     0.00410658      -0.012157    -0.00396324        8.87264      -0.148411     -0.0103182
      0.0759269     -0.0226077      0.0727299     -0.0222198      0.0255051    -0.00919812      0.0344888    -0.00754057      -0.012157    -0.00396324        8.51446     -0.0269344      -0.183023
      0.0775597     -0.0222789      0.0738166     -0.0226643      0.0260251     -0.0105204      0.0556676      0.0132779      -0.012157    -0.00396324        10.7416      -0.152039      0.0120615
      0.0808845     -0.0236883      0.0759538     -0.0232422      0.0487649      -0.013534      0.0638541     -0.0127614      -0.012157    -0.00396324        10.1636       0.108281      0.0732021
      0.0807629     -0.0221699      0.0771515     -0.0234211      0.0307472    -0.00521703      0.0416375        0.02911      -0.012157    -0.00396324         8.5254      -0.118069     -0.0271831
      0.0817681     -0.0229026       0.078221     -0.0236664      0.0261756    -0.00582149      0.0492397     0.00552347      -0.012157    -0.00396324          9.711      0.0633252      0.0654901
      0.0833684     -0.0223483      0.0797097     -0.0237693      0.0347745    -0.00280483      0.0430939       0.025414      -0.012157    -0.00396324        8.72399     -0.0247429     -0.0251654
      0.0877331     -0.0236096      0.0822931     -0.0243442      0.0592774     -0.0126986      0.0697612      0.0106548      -0.012157    -0.00396324        8.65262      0.0308847     0.00804497
      0.0882404     -0.0234682      0.0837165     -0.0246569      0.0366728     -0.0080244      0.0563354      0.0225817      -0.012157    -0.00396324          9.539     -0.0594563      -0.015222
      0.0893661      -0.022956      0.0851694     -0.0245263      0.0350504     0.00201967      0.0536017       0.020769      -0.012157    -0.00396324        7.54989     0.00212862    -0.00730991
      0.0936833     -0.0232553      0.0880762     -0.0246308      0.0662919    -0.00205451      0.0663049      0.0188708      -0.012157    -0.00396324        9.74117      0.0566923      -0.090596
      0.0934375     -0.0235096      0.0892679     -0.0249244      0.0323697    -0.00654881      0.0534995      0.0242722      -0.012157    -0.00396324         6.4672     -0.0126874     -0.0528062
      0.0944688     -0.0230097      0.0906923     -0.0247679      0.0340053     0.00272712      0.0482474      0.0248557      -0.012157    -0.00396324        6.03237    -0.00314218     -0.0123853
      0.0955326     -0.0233459      0.0920199     -0.0247342      0.0320766    0.000998638      0.0456026      0.0168696      -0.012157    -0.00396324        4.87869      0.0829606      0.0429033
      0.0964277     -0.0232601      0.0934381     -0.0246759      0.0338413     0.00136013      0.0321803      0.0205592      -0.012157    -0.00396324        4.89603      0.0798263     -0.0693382
       0.102329     -0.0218722      0.0966128     -0.0241407      0.0719562      0.0116968      0.0746825      0.0345845      -0.012157    -0.00396324        7.29113     -0.0310105       0.050308
       0.102233     -0.0215491      0.0977051     -0.0236435      0.0307893      0.0119081       0.063461      0.0267838      -0.012157    -0.00396324        6.93101     -0.0116982       0.223824
       0.103146     -0.0207219      0.0994347     -0.0229561      0.0404388      0.0160388      0.0368973      0.0289479      -0.012157    -0.00396324         5.5103     0.00873371     -0.0323577
        0.10434     -0.0205428       0.100825     -0.0224558      0.0340752      0.0124111      0.0421267      0.0231684      -0.012157    -0.00396324        5.72302      0.0650868      -0.111691
       0.109524     -0.0181278       0.103885     -0.0213619      0.0694937       0.024869      0.0680995      0.0485874      -0.012157    -0.00396324        8.60401      -0.104058      -0.150617
       0.110244     -0.0187172       0.105462     -0.0207496      0.0410281      0.0157121      0.0635458      0.0183188      -0.012157    -0.00396324        7.70008       0.092369     -0.0246039
       0.110863     -0.0185833       0.107079     -0.0205783      0.0390327     0.00527169      0.0442827      0.0335734      -0.012157    -0.00396324        4.54589     -0.0696584     -0.0499447
       0.112948     -0.0181335       0.109019     -0.0200291      0.0457876      0.0123908       0.049488      0.0219415      -0.012157    -0.00396324         3.3866     0.00954221      0.0124164
       0.118114     -0.0181044       0.112481     -0.0198206      0.0793751     0.00574128      0.0653923      0.0250407      -0.012157    -0.00396324        6.91506     -0.0245498     -0.0264682
       0.118215     -0.0186316       0.114203     -0.0197995        0.04513     0.00103061      0.0465099      0.0141494      -0.012157    -0.00396324        4.33377       0.040389     -0.0460375
       0.120096     -0.0190263       0.116139     -0.0199228      0.0463257    -0.00256005      0.0506331      0.0135408      -0.012157    -0.00396324        2.87361      0.0348519      0.0495446
       0.121608     -0.0196106       0.118008     -0.0202809      0.0449949    -0.00799062      0.0417807       0.013052      -0.012157    -0.00396324        3.35138     -0.0253878      0.0338056
       0.126417      -0.020967       0.121364     -0.0208968      0.0769879     -0.0141026      0.0553841   -0.000107144      -0.012157    -0.00396324        7.39515      0.0155922     -0.0742602
       0.127507     -0.0221789        0.12325     -0.0215748       0.048436     -0.0160552      0.0532374    -0.00785089      -0.012157    -0.00396324        7.18427      0.0772513    -0.00229553
        0.12805      -0.022009       0.124812     -0.0218524      0.0385937    -0.00760114      0.0373045    0.000197671      -0.012157    -0.00396324          3.248       0.062445    -0.00953912
       0.129188     -0.0230511       0.126497       -0.02267      0.0402451     -0.0184204      0.0277369      0.0019243      -0.012157    -0.00396324        3.83297     -0.0644549     -0.0787778
       0.134541      -0.024769        0.12984     -0.0238395      0.0762427     -0.0271047      0.0541703    -0.00561349      -0.012157    -0.00396324        7.63479      -0.153129     -0.0772709
       0.135643     -0.0250534       0.132044       -0.02443      0.0552278     -0.0154648      0.0369525    -0.00703511      -0.012157    -0.00396324        5.99441     -0.0895718       -0.14032
       0.137056     -0.0262482       0.133761     -0.0254754      0.0426232     -0.0241279      0.0462808    -0.00698182      -0.012157    -0.00396324        6.65212     -0.0558941       0.101447
       0.143412     -0.0288849       0.137872     -0.0271212      0.0930552     -0.0379615      0.0620142     -0.0227084      -0.012157    -0.00396324        9.71168      0.0838342      0.0842402
       0.141076      -0.028845       0.139695     -0.0277778      0.0486751      -0.017978      -0.015528    -0.00763472      -0.012157    -0.00396324        5.84069      0.0417255      -0.065189
