       -0.12472       0.036836       -0.11224     0.00694534       -0.14976       0.358688       -0.14976       0.358688   -5.94985e-06    4.25739e-07   -1.17563e-06    -0.00965637
     -0.0965881      0.0130478       -0.11224     0.00694534              0              0       0.205994      0.0693254   -0.000384439   -0.000104002     -0.0193129     -0.0272037
      -0.106866     0.00754691      -0.113467     0.00694534     -0.0294401              0      0.0314635     -0.0347751     -0.0207435    -0.00883727     -0.0350943     -0.0202489
      -0.107151     0.00753748       -0.11224     0.00694534      0.0294401              0       0.069203      0.0201789     -0.0465895     -0.0179594    -0.00540415     0.00231791
      -0.102266     0.00702994      -0.109787     0.00694534      0.0588799              0      0.0916858     -0.0056482     -0.0543122     -0.0104449      0.0100403      0.0224099
     -0.0995264     0.00815182       -0.10856     0.00694534      0.0294403              0       0.144283      0.0370476     -0.0507806     0.00204785      0.0347805      0.0246115
     -0.0992144     0.00713538      -0.107333     0.00694534      0.0294399              0        0.10626   -0.000511555     -0.0397309      0.0144506      0.0144424     0.00480175
     -0.0992994     0.00282639      -0.106107     0.00572348      0.0294399     -0.0293248       0.082907     -0.0484179     -0.0470174     0.00601787    -0.00483969    -0.00297116
     -0.0919525     0.00409224      -0.102427     0.00572348        0.08832              0       0.137448     -0.0252261     -0.0531957    -0.00517207    -0.00110264     0.00566912
     -0.0899014     0.00498751     -0.0999733     0.00572348        0.05888              0       0.134586       -0.00796     -0.0530271    -0.00731962      0.0124407      0.0171366
     -0.0872269     0.00549864       -0.09752     0.00572348        0.05888              0       0.143013     0.00215576     -0.0476479   -0.000793031      0.0218325       0.019825
     -0.0857335     0.00500773     -0.0950667     0.00572348      0.0588799              0       0.117381     -0.0122542     -0.0433222     0.00504417      0.0178185      0.0168371
     -0.0744314     0.00118593     -0.0889333     0.00450161         0.1472     -0.0293248       0.187704      -0.050637     -0.0441657     0.00489289      0.0158563      0.0221448
     -0.0728804     0.00275386     -0.0852533     0.00450161        0.08832              0       0.157461     -0.0196363     -0.0438045     0.00345308      0.0284338      0.0304041
     -0.0727014     0.00294726        -0.0828     0.00450161      0.0588799              0        0.13232     -0.0224031     -0.0430801     0.00652296      0.0323753      0.0337019
     -0.0675637    0.000394866       -0.07912     0.00327974        0.08832     -0.0293248       0.155383     -0.0324951     -0.0419841       0.010313      0.0350289      0.0301685
     -0.0525984    -0.00153347     -0.0705333     0.00205788        0.20608     -0.0293248       0.218662      -0.047496     -0.0406598      0.0112905      0.0253081      0.0211611
     -0.0537196    -0.00409485     -0.0668533     0.00083601      0.0883201     -0.0293248       0.167156     -0.0783569     -0.0419178     0.00930471       0.017014      0.0266175
     -0.0476243    -0.00376725     -0.0619467   -0.000385857        0.11776     -0.0293248       0.191799     -0.0287641     -0.0414455     0.00375361      0.0362215        0.03157
     -0.0460208    -0.00103718     -0.0582667   -0.000385857        0.08832              0        0.15391     0.00192216     -0.0378425      0.0117692      0.0269189      0.0108886
     -0.0280016    -0.00511668     -0.0484533    -0.00160772        0.23552     -0.0293248       0.258726     -0.0612598     -0.0388394      0.0132356    -0.00514104    -0.00436057
     -0.0286446    -0.00667261     -0.0435467    -0.00282957        0.11776     -0.0293243       0.174899     -0.0547387      -0.041599   -0.000829748    -0.00357902     0.00462675
     -0.0260547     -0.0069561     -0.0398667    -0.00405144        0.08832     -0.0293248        0.19669      -0.030798     -0.0440158     -0.0066958      0.0128322      0.0161901
     -0.0313975    -0.00564346     -0.0398667    -0.00405144              0              0       0.120187     -0.0235441     -0.0389094     0.00104363      0.0195479      0.0243306
      -0.037049     -0.0112636     -0.0410933    -0.00649517     -0.0294397     -0.0586496      0.0519431     -0.0598176     -0.0422296     0.00738818      0.0291138      0.0327992
     -0.0384797     -0.0118887       -0.04232    -0.00771704     -0.0294401     -0.0293248      0.0645088     -0.0519044     -0.0556639      0.0112743      0.0364852      0.0373917
     -0.0367743     -0.0122026       -0.04232     -0.0089389              0     -0.0293248      0.0781992     -0.0314854     -0.0609186        0.01505      0.0382981      0.0283375
     -0.0329239     -0.0139991     -0.0410933     -0.0101608      0.0294401     -0.0293248       0.114463     -0.0548243     -0.0663557      0.0167332      0.0183754      0.0133638
     -0.0336255     -0.0176153     -0.0410933     -0.0126045              0     -0.0586496       0.105235     -0.0603126     -0.0697544      0.0106812      0.0083518      0.0021925
      -0.028012      -0.021047       -0.03864     -0.0150482      0.0588799     -0.0586496       0.144976      -0.084776     -0.0701481     0.00302155    -0.00396648    0.000585079
     -0.0250499     -0.0221537     -0.0361867      -0.017492      0.0588799     -0.0586492       0.146257     -0.0451765     -0.0693316    -0.00333958     0.00513601    0.000144005
     -0.0249898     -0.0210313       -0.03496     -0.0187138      0.0294402     -0.0293248       0.140398     -0.0223249     -0.0665312   -0.000287942    -0.00484871     -0.0140652
     -0.0276401     -0.0246956       -0.03496     -0.0211576              0     -0.0586496       0.100091     -0.0435142     -0.0599199    -0.00334983     -0.0232817     -0.0296188
     -0.0290701     -0.0271555       -0.03496     -0.0236013              0     -0.0586496      0.0813631     -0.0404089     -0.0553895      -0.011666     -0.0359563     -0.0404512
     -0.0371884     -0.0236639     -0.0374133     -0.0236013     -0.0588799              0    -0.00455394   -0.000666199      -0.051517     -0.0193543     -0.0449459     -0.0448299
     -0.0358133     -0.0270751       -0.03864     -0.0248232     -0.0294402     -0.0293248      0.0728545     -0.0463093     -0.0449974      -0.023631     -0.0447136     -0.0223358
     -0.0361424     -0.0238953       -0.03864     -0.0248232              0              0      0.0258045      0.0296148     -0.0213979     -0.0245188    4.19617e-05     0.00650692
     -0.0433529     -0.0296946       -0.04232      -0.026045       -0.08832     -0.0293248      0.0163262     -0.0740281     -0.0259303    -0.00323933      0.0129714      0.0442243
        -0.0462     -0.0325527     -0.0447733     -0.0284887     -0.0588799     -0.0586494     -0.0159396     -0.0200658     -0.0252178     0.00509746      0.0754766      0.0731063
      -0.054555     -0.0358899     -0.0484533     -0.0309325       -0.08832     -0.0586496      -0.104039     -0.0513451     -0.0353352      0.0269843      0.0707407      0.0544858
     -0.0578357     -0.0437147       -0.05336     -0.0345981       -0.11776     -0.0879741     -0.0125584      -0.125814     -0.0469013      0.0379756      0.0382304      0.0305133
     -0.0524491     -0.0401036     -0.0545867     -0.0358199     -0.0294402     -0.0293249      0.0639622      -0.035621     -0.0293662      0.0211755      0.0227971    -0.00224026
     -0.0565747     -0.0413378       -0.05704     -0.0370418     -0.0588799     -0.0293248      0.0074296     -0.0757907     -0.0235661     0.00779111     -0.0272781     -0.0292422
     -0.0648787     -0.0410389       -0.06072     -0.0382637       -0.08832     -0.0293248     -0.0784131     -0.0312559     -0.0545187     -0.0147216     -0.0312054       -0.03244
     -0.0554842     -0.0434698       -0.06072     -0.0407074              0     -0.0586496       0.112319     -0.0238482     -0.0759346     -0.0189021     -0.0336748     -0.0378929
     -0.0562854     -0.0442685       -0.06072     -0.0419293              0     -0.0293246      0.0353775     -0.0402196     -0.0693061     -0.0179041     -0.0421109     -0.0325037
      -0.057553      -0.044048     -0.0619467     -0.0431511     -0.0294402     -0.0293248      0.0814683     0.00197619     -0.0698396     -0.0203401     -0.0228954     -0.0207331
     -0.0550772     -0.0444379     -0.0619467      -0.044373              0     -0.0293248       0.112063      0.0121628     -0.0640496     -0.0165911      -0.018571     -0.0248499
      -0.050801     -0.0452952     -0.0594933     -0.0455949      0.0588803     -0.0293249       0.105536      0.0164793     -0.0521665     -0.0102158     -0.0311289     -0.0449032
     -0.0502502     -0.0473992     -0.0582667     -0.0468167      0.0294397     -0.0293248       0.111463     -0.0132264     -0.0579018     -0.0161145     -0.0586777     -0.0610293
     -0.0483743     -0.0481913       -0.05704     -0.0480386      0.0294401     -0.0293248       0.126887     0.00295101      -0.058771     -0.0281512     -0.0633809     -0.0621878
     -0.0453917     -0.0458602     -0.0545867     -0.0480386      0.0588799              0       0.113661       0.033689     -0.0550587     -0.0311066     -0.0609945     -0.0593646
     -0.0398263     -0.0445203     -0.0509067     -0.0480386        0.08832              0       0.142777      0.0573452     -0.0571194     -0.0307813     -0.0577344     -0.0618644
     -0.0390839     -0.0435895     -0.0484533     -0.0480386      0.0588803              0       0.116149      0.0708222     -0.0578693     -0.0293804     -0.0659946     -0.0769823
     -0.0338395     -0.0449349     -0.0447733     -0.0480386        0.08832              0       0.147544      0.0295879     -0.0496644     -0.0317039     -0.0879696     -0.0831788
     -0.0326274      -0.043289       -0.04232     -0.0480386      0.0588799              0       0.133047      0.0812845     -0.0364345     -0.0424313     -0.0783882     -0.0836877
     -0.0285432     -0.0407757       -0.03864     -0.0468167        0.08832      0.0293248       0.128182      0.0756453     -0.0299458     -0.0396928     -0.0889869     -0.0867467
     -0.0159882     -0.0347172       -0.03128      -0.044373        0.17664      0.0586496       0.192159       0.143675     -0.0292452     -0.0398808     -0.0845067     -0.0950408
     -0.0162778     -0.0354844        -0.0276     -0.0431511        0.08832      0.0293248        0.13738      0.0905737     -0.0318019     -0.0411778      -0.105574       -0.10397
      -0.010461     -0.0341989     -0.0226933     -0.0419293        0.11776      0.0293248       0.155756       0.107968     -0.0350609     -0.0466264      -0.102365      -0.101278
    0.000660829     -0.0270643     -0.0153333     -0.0382637        0.17664      0.0879742       0.200287       0.146663     -0.0348836     -0.0497414       -0.10019     -0.0973783
   -6.41616e-05     -0.0308919     -0.0116533     -0.0382637        0.08832              0       0.142383       0.102828     -0.0340857     -0.0481666     -0.0945663     -0.0925252
     0.00267507     -0.0313516    -0.00797335     -0.0382637      0.0883196              0       0.138198       0.106577     -0.0332353     -0.0455812     -0.0904844     -0.0968384
     0.00546937     -0.0352416    -0.00429335     -0.0394855        0.08832     -0.0293248       0.119551       0.059048     -0.0300532     -0.0431738      -0.103192      -0.105001
     0.00899467     -0.0343246   -0.000613346     -0.0394855        0.08832              0       0.122949      0.0754681     -0.0278034     -0.0460374      -0.106809       -0.10751
      0.0191379     -0.0380514        0.00552     -0.0407074         0.1472     -0.0293249       0.179747      0.0293676     -0.0252586     -0.0499008       -0.10821     -0.0950919
      0.0196097      -0.036241         0.0092     -0.0407074        0.08832              0       0.122705      0.0714122     -0.0228127     -0.0504696     -0.0819725     -0.0735825
      0.0238349     -0.0326266        0.01288     -0.0394855        0.08832      0.0293249       0.151024        0.10171     -0.0302013     -0.0390363     -0.0651924     -0.0649769
      0.0345666     -0.0337508        0.02024     -0.0394855        0.17664              0       0.158498      0.0880307      -0.034021     -0.0283332     -0.0647617     -0.0728062
      0.0326652     -0.0366372        0.02392     -0.0394855        0.08832              0      0.0844725      0.0191099     -0.0419893     -0.0262715     -0.0808509     -0.0675554
      0.0377251     -0.0372583         0.0276     -0.0394855        0.08832              0       0.152709      0.0287676     -0.0401894     -0.0322377     -0.0542575      -0.036845
      0.0446411     -0.0323654      0.0325067     -0.0382637        0.11776      0.0293248       0.166337       0.100834     -0.0126051     -0.0274354     -0.0194332     -0.0248823
      0.0395338     -0.0328976        0.03496     -0.0370418      0.0588803      0.0293248      0.0214676      0.0413796      0.0018859    -0.00464838     -0.0303328     -0.0243443
      0.0547965     -0.0324119        0.04232     -0.0358199        0.17664      0.0293248        0.17241      0.0419556      -0.012283    -0.00834017     -0.0183559     -0.0112221
      0.0584077     -0.0313964      0.0472267     -0.0345981        0.11776      0.0293249       0.139805      0.0401484    0.000285755    -0.00595134    -0.00408839       0.002069
      0.0611582     -0.0309275      0.0521333     -0.0333762        0.11776      0.0293246      0.0919988      0.0268097    -0.00396358     0.00220937     0.00822592      0.0156007
      0.0754726     -0.0295984        0.06072     -0.0321543        0.20608      0.0293248       0.177098       0.037294     -0.0172734     0.00848038      0.0229754      0.0212321
      0.0752669      -0.029714      0.0656267     -0.0309325        0.11776      0.0293248      0.0948512     0.00377857     -0.0205476      0.0150847      0.0194898      0.0247149
      0.0795162     -0.0310869      0.0705333     -0.0309325        0.11776              0       0.111589     0.00272312     -0.0136073      0.0162771      0.0299406      0.0273924
      0.0809302     -0.0313923      0.0742133     -0.0309325        0.08832              0      0.0821221    -0.00391338     0.00907339      0.0196498      0.0248442      0.0179567
      0.0940696     -0.0278251         0.0828     -0.0297106        0.20608      0.0293248       0.123385      0.0307844      0.0228878      0.0185331      0.0110683    -0.00432658
      0.0929421     -0.0253196        0.08648     -0.0297106      0.0883201              0      0.0667709       0.105384       0.028671      0.0127223     -0.0197213     -0.0354627
      0.0942542     -0.0277777        0.09016     -0.0297106        0.08832              0     0.00616769    -0.00223716      0.0305066    -0.00079923      -0.051204     -0.0546512
       0.100806     -0.0297561        0.09384     -0.0297106        0.08832              0       0.123986     -0.0102278      0.0279703     -0.0171165     -0.0580998     -0.0520967
       0.110741     -0.0266217         0.1012     -0.0284887        0.17664      0.0293248      0.0915823      0.0139963      0.0374793     -0.0235819     -0.0460939     -0.0274455
       0.107423      -0.026337       0.103653     -0.0284887      0.0588802              0       0.036869      0.0376245      0.0210166     -0.0175624    -0.00879891     0.00107956
        0.11098     -0.0237743       0.107333     -0.0272669        0.08832      0.0293248      0.0261579      0.0519643      0.0122234     0.00123603      0.0109582       0.010572
        0.11165     -0.0265737       0.109787     -0.0272669      0.0588795              0     0.00634331     0.00453145     0.00654067      0.0117037      0.0101862      0.0117455
       0.120287     -0.0287353       0.113467     -0.0284887        0.08832     -0.0293248       0.115853      0.0171189     0.00745417      0.0139842      0.0133047    -0.00373671
       0.118465     -0.0293923        0.11592     -0.0284887      0.0588804              0   -0.000663958     -0.0268972      0.0180372      0.0137143      -0.020778     -0.0205224
       0.118617     -0.0292455       0.117147     -0.0284887      0.0294396              0      0.0210608      -0.016241   -0.000133861    -0.00217359     -0.0202668     -0.0111883
       0.119324     -0.0250554       0.118373     -0.0272669      0.0294406      0.0293248     0.00110269      0.0334729    -0.00174283     -0.0039181    -0.00210976     0.00106955
       0.125754      -0.023071       0.122053      -0.026045      0.0883201      0.0293246      0.0302955      0.0411869    -0.00434898     0.00586016     0.00424814     0.00187683
       0.125657     -0.0249854        0.12328      -0.026045      0.0294396              0      0.0364469      0.0140831    -0.00257622      0.0100491   -0.000494998    -0.00400072
       0.124771     -0.0285877       0.124507     -0.0272669      0.0294397     -0.0293246     -0.0124945     -0.0159705     0.00647427     0.00938434     -0.0075064     -0.0098449
       0.123034     -0.0269988       0.124507     -0.0272669              0              0     -0.0164687     0.00811745      0.0117188     0.00592584     -0.0121834     -0.0174112
       0.124915     -0.0262845       0.125733     -0.0272669      0.0294405              0     -0.0181726      0.0160282      0.0182382     0.00251002     -0.0226389     -0.0287268
       0.126384     -0.0262654        0.12696     -0.0272669      0.0294399              0     -0.0119967      0.0109131      0.0188432    -0.00255816     -0.0348146     -0.0357652
       0.124475     -0.0290272        0.12696     -0.0284887              0     -0.0293248     -0.0398885    -0.00568268      0.0184854    -0.00878196     -0.0367162     -0.0336476
       0.124146     -0.0268479        0.12696     -0.0284887              0              0     -0.0409624      0.0312614       0.014831    -0.00972073     -0.0305789      -0.033716
       0.124245     -0.0297363        0.12696     -0.0297106              0     -0.0293248     -0.0389334     0.00108745      0.0127516    -0.00821751     -0.0368533      -0.036655
       0.124073     -0.0287368        0.12696     -0.0297106              0              0     -0.0446005      0.0124216       0.012179     -0.0084446     -0.0364562     -0.0321655
       0.124436     -0.0278694        0.12696     -0.0297106              0              0     -0.0343274      0.0312845     0.00995303    -0.00945895     -0.0278751     -0.0281416
       0.125029     -0.0249185        0.12696     -0.0284887              0      0.0293248     -0.0231012      0.0476259      0.0101849    -0.00618463     -0.0284081     -0.0294699
        0.12145     -0.0265203       0.125733     -0.0284887     -0.0294399              0     -0.0642034      0.0248339      0.0100876    -0.00552194     -0.0305318     -0.0284849
       0.123325     -0.0241037       0.125733     -0.0272669              0      0.0293248     -0.0297971      0.0396791     0.00553871    -0.00586539     -0.0264383     -0.0226392
       0.124052     -0.0254945       0.125733     -0.0272669              0              0     -0.0230856       0.024432     0.00306893    -0.00572222     -0.0188402     -0.0154096
       0.124273     -0.0231193       0.125733      -0.026045              0      0.0293246     -0.0215948       0.037802     0.00223375    -0.00258057     -0.0119789    -0.00934536
       0.124534     -0.0248212       0.125733      -0.026045              0              0     -0.0175829      0.0157062    -0.00107979     0.00132806     -0.0067118    -0.00409292
       0.122405     -0.0258875       0.124507      -0.026045     -0.0294405              0     -0.0206751    -0.00195398    -0.00483106     0.00464947    -0.00147408     0.00479555
       0.123482     -0.0258797       0.124507      -0.026045              0              0     -0.0174568     0.00586275    -0.00657498     0.00724072      0.0110655      0.0123215
       0.123482     -0.0280631       0.124507     -0.0272669              0     -0.0293246      -0.021022     0.00367035      -0.013108      0.0134341      0.0135779    0.000803471
       0.124698     -0.0276637       0.124507     -0.0272669              0              0        0.01066     -0.0106371     -0.0169188      0.0162689     -0.0119728     -0.0179541
       0.124337     -0.0270245       0.124507     -0.0272669              0              0    -0.00564528     0.00371494    -0.00921832    0.000863739     -0.0239351     -0.0274378
       0.124323     -0.0267505       0.124507     -0.0272669              0              0     -0.0012969     0.00333713    -0.00573098     -0.0106125     -0.0309403     -0.0279344
       0.120264     -0.0259618        0.12328     -0.0272669     -0.0294397              0     -0.0492774      0.0222437    -0.00631236     -0.0145908     -0.0249285     -0.0241964
       0.122162     -0.0255773        0.12328     -0.0272669              0              0    -0.00762486      0.0270943    -0.00626456     -0.0158792     -0.0234643     -0.0260275
       0.122038     -0.0230266        0.12328      -0.026045              0      0.0293246     -0.0191244      0.0361752    -0.00168835     -0.0140079     -0.0285908     -0.0274501
        0.12165     -0.0239111        0.12328      -0.026045              0              0     -0.0238603      0.0328037     0.00578726     -0.0138052     -0.0263096     -0.0281653
       0.119028     -0.0274813       0.122053     -0.0272669     -0.0294396     -0.0293246     -0.0341774      -0.002037     0.00679816     -0.0144924     -0.0300212     -0.0288038
        0.11692     -0.0236593       0.120827      -0.026045     -0.0294406      0.0293246     -0.0535532      0.0286121     0.00871731      -0.014789     -0.0275862     -0.0227027
       0.118895     -0.0243251       0.120827      -0.026045              0              0     -0.0238562      0.0264312     0.00617756     -0.0150387     -0.0178188     -0.0157862
       0.116684     -0.0221189         0.1196     -0.0248232     -0.0294397      0.0293248      -0.037404      0.0317784     0.00205983     -0.0116085     -0.0137536    -0.00929889
       0.115437     -0.0231933       0.118373     -0.0248232     -0.0294397              0     -0.0367382      0.0272102    -0.00213813    -0.00821345    -0.00484431    -0.00660276
       0.114535     -0.0216326       0.117147     -0.0236013     -0.0294406      0.0293248     -0.0313391      0.0165917    -0.00715779    -0.00557917    -0.00836112      -0.002659
       0.113755      -0.022799        0.11592     -0.0236013     -0.0294396              0     -0.0240143      0.0136967     -0.0109178    -0.00322907     0.00304317     0.00466156
       0.115503     -0.0209016        0.11592     -0.0223794              0      0.0293248    -0.00690801      0.0119407     -0.0143486    -0.00124519     0.00628042      0.0123291
       0.113542     -0.0227462       0.114693     -0.0223794     -0.0294397              0    -0.00924453    -0.00860716     -0.0174115     0.00218696      0.0183778       0.025867
       0.111903     -0.0192676       0.113467     -0.0211576     -0.0294406      0.0293248      -0.018793      0.0345399     -0.0184853     0.00624687      0.0333557      0.0254946
       0.113679     -0.0219123       0.113467     -0.0211576              0              0     0.00552425     -0.0206127     -0.0185277       0.013835      0.0176344       0.018024
       0.111017     -0.0221741        0.11224     -0.0211576     -0.0294397              0     -0.0145715     -0.0131939     -0.0185722      0.0116997      0.0184131      0.0172157
       0.111889     -0.0217514        0.11224     -0.0211576              0              0    -0.00804602    -0.00545705     -0.0184547      0.0052181      0.0160189      0.0110688
       0.112444     -0.0219629        0.11224     -0.0211576              0              0     0.00630024     -0.0146063     -0.0162492      0.0054471     0.00611925     0.00488997
        0.11504     -0.0242954       0.113467     -0.0223794      0.0294397     -0.0293248      0.0170778     -0.0194454    -0.00992738     0.00222988     0.00366068    -0.00125482
       0.114507     -0.0232545       0.113467     -0.0223794              0              0      0.0242035     -0.0158203    -0.00538002   -0.000838092     -0.0061701    -0.00557744
       0.113196     -0.0219696       0.113467     -0.0223794              0              0     -0.0109081      0.0127419    -0.00244664    -0.00403481    -0.00498494     -0.0107614
       0.113436      -0.022085       0.113467     -0.0223794              0              0     0.00165511    0.000261773      -0.006994    -0.00593906     -0.0165382      -0.017214
        0.11637     -0.0221111       0.114693     -0.0223794      0.0294406              0      0.0164064     0.00136763     -0.0138936    -0.00728076     -0.0178897     -0.0144176
        0.11545     -0.0213288       0.114693     -0.0223794              0              0      0.0106154      0.0206454     -0.0164432     -0.0113181     -0.0109452     -0.0133166
       0.115569      -0.022018       0.114693     -0.0223794              0              0      0.0159529    -0.00116001     -0.0171183    -0.00938945      -0.015688      -0.011103
       0.115027     -0.0217861       0.114693     -0.0223794              0              0    0.000935288      0.0113309     -0.0160137     -0.0091502    -0.00651842    -0.00484631
       0.115508      -0.021991       0.114693     -0.0223794              0              0      0.0163747     0.00465469     -0.0163174    -0.00772457    -0.00317415    -0.00109601
       0.117811     -0.0218816        0.11592     -0.0223794      0.0294397              0      0.0161796      0.0102771     -0.0177626    -0.00363593    0.000982285    -0.00100077
       0.117079     -0.0220884        0.11592     -0.0223794              0              0      0.0200768     0.00371725     -0.0183114     -0.0023331    -0.00298345    -0.00478899
       0.116723     -0.0224611        0.11592     -0.0223794              0              0      0.0116444    -0.00442293     -0.0179739    -0.00167864     -0.0065945    -0.00441396
       0.116159     -0.0214621        0.11592     -0.0223794              0              0    0.000166369      0.0220019     -0.0175631    -0.00346415    -0.00223327    -0.00974325
       0.116445     -0.0218632        0.11592     -0.0223794              0              0      0.0107559      0.0031533      -0.017616    -0.00271564     -0.0172526     -0.0198054
       0.118728     -0.0217749       0.117147     -0.0223794      0.0294396              0      0.0124876     0.00785343     -0.0167858    -0.00863903     -0.0223577     -0.0223251
       0.117559      -0.021737       0.117147     -0.0223794              0              0     0.00632969     0.00666733     -0.0159798     -0.0133309     -0.0222923     -0.0184656
       0.116516        -0.0176       0.117147     -0.0211576              0      0.0293248     -0.0142765      0.0572001     -0.0128164      -0.013652     -0.0146391     -0.0218623
       0.119699     -0.0197657       0.118373     -0.0211576      0.0294406              0      0.0212877      0.0103023    -0.00727366     -0.0105553     -0.0290857     -0.0272119
       0.117517     -0.0194939       0.118373     -0.0211576              0              0     -0.0184565      0.0290806    0.000236045     -0.0157688     -0.0253387     -0.0281643
       0.117082     -0.0192059       0.118373     -0.0211576              0              0     -0.0164542      0.0302039    0.000974189     -0.0158977     -0.0309898     -0.0359756
       0.117238     -0.0164408       0.118373     -0.0199357              0      0.0293248     -0.0125117       0.043814     0.00260366     -0.0172577     -0.0409613     -0.0426563
       0.116541     -0.0171032       0.118373     -0.0199357              0              0     -0.0321007      0.0428447     0.00360573     -0.0214179     -0.0443513     -0.0478409
       0.117215     -0.0177234       0.118373     -0.0199357              0              0      -0.011626      0.0266341    0.000476609     -0.0246292     -0.0513305     -0.0487622
        0.11685     -0.0118288       0.118373      -0.017492              0      0.0586496     -0.0276224      0.0723968    -0.00162505     -0.0279445      -0.046194     -0.0412058
       0.115067     -0.0154127       0.117147      -0.017492     -0.0294406              0     -0.0162294      0.0170033    -0.00520121     -0.0266027     -0.0362179     -0.0200659
       0.115589       -0.01291       0.117147     -0.0162701              0      0.0293244     -0.0297729       0.048984    -0.00501858     -0.0211438    -0.00391366     0.00521994
       0.115641      -0.014727       0.117147     -0.0162701              0              0     -0.0264114      0.0241338     -0.0116556    -0.00519066      0.0143533      0.0164857
       0.116731     -0.0132145       0.117147     -0.0150482              0      0.0293248     0.00156358      0.0209835     -0.0135901     0.00665397      0.0186181      0.0194383
       0.113416     -0.0149292        0.11592     -0.0150482     -0.0294396              0     -0.0334336     0.00243221    -0.00707935     0.00955004      0.0202589      0.0175056
       0.114586     -0.0155956        0.11592     -0.0150482              0              0      -0.016281    -0.00874828    -0.00408136     0.00979144      0.0147524      0.0120726
       0.113606     -0.0156311        0.11592     -0.0150482              0              0     -0.0454335     -0.0079534    -0.00418006     0.00824518     0.00939274     0.00617361
        0.11214     -0.0126174       0.114693     -0.0138264     -0.0294397      0.0293248     -0.0190457      0.0121636    -0.00660561     0.00546546     0.00295448      0.0015173
       0.108998     -0.0134838       0.113467     -0.0138264     -0.0294406              0     -0.0707147     0.00516492     0.00309445     0.00209684    8.01086e-05    -0.00231392
       0.112034     -0.0139497       0.113467     -0.0138264              0              0     -0.0025076     -0.0051925     0.00477494    6.59908e-05    -0.00470751    -0.00333261
       0.109031     -0.0137931        0.11224     -0.0138264     -0.0294397              0     -0.0451865     0.00130598     0.00736405    -0.00175231    -0.00195795    -0.00111241
       0.107043     -0.0115903       0.111013     -0.0126045     -0.0294396      0.0293248      -0.056597     0.00278405   -0.000125278    -0.00216143   -0.000266862     0.00904512
       0.109957      -0.012645       0.111013     -0.0126045              0              0    -0.00701625    0.000863751    -0.00861489    -0.00106924      0.0183568      0.0241961
        0.10717     -0.0125146       0.109787     -0.0126045     -0.0294406              0     -0.0401945      0.0088671    -0.00965308      0.0080877      0.0300355      0.0245786
       0.108227     -0.0140996       0.109787     -0.0126045              0              0     -0.0276141     -0.0313136     -0.0157411      0.0146183      0.0191216      0.0230846
       0.106601     -0.0165191        0.10856     -0.0138264     -0.0294397     -0.0293248     -0.0160181     -0.0278836     -0.0174303      0.0130497      0.0270467      0.0237293
       0.106891      -0.015457        0.10856     -0.0138264              0              0     -0.0298103     -0.0242422    -0.00881599      0.0121843       0.020412      0.0184731
       0.104767      -0.015081       0.107333     -0.0138264     -0.0294397              0     -0.0235421     -0.0177576    -0.00323402      0.0115523      0.0165339      0.0150857
       0.105322     -0.0144677       0.107333     -0.0138264              0              0      -0.031775    -0.00588019      0.0037166     0.00940902      0.0136375      0.0087471
       0.103041     -0.0170233       0.106107     -0.0150482     -0.0294405     -0.0293248     -0.0347189     -0.0222953     0.00457717     0.00760085     0.00385714    -0.00277637
       0.103431      -0.018588       0.106107     -0.0162701              0     -0.0293248     -0.0473048     -0.0291966     0.00397898     0.00287611    -0.00940964     -0.0134993
       0.104738      -0.017109       0.106107     -0.0162701              0              0     -0.0124329     -0.0156422   -0.000752558    -0.00336807     -0.0175889     -0.0145865
       0.104961     -0.0188405       0.106107      -0.017492              0     -0.0293244     -0.0163007     -0.0112194    -0.00264953    -0.00905209     -0.0115843     -0.0115184
       0.102406     -0.0206162        0.10488     -0.0187138     -0.0294397     -0.0293248     -0.0274145     -0.0248949    1.80112e-05    -0.00942009     -0.0114527    -0.00809399
       0.100104     -0.0190548       0.103653     -0.0187138     -0.0294397              0     -0.0529278    -0.00343184    -0.00252329    -0.00780039    -0.00473547    -0.00128281
       0.102002     -0.0184407       0.103653     -0.0187138              0              0     -0.0226585      0.0071757     -0.0105972    -0.00451153     0.00217009     0.00181007
      0.0998915     -0.0207658       0.102427     -0.0199357     -0.0294406     -0.0293248     -0.0302667   -0.000550302     -0.0144764    -0.00178509     0.00145006    -0.00759976
       0.101183     -0.0207055       0.102427     -0.0199357              0              0     -0.0168381     -0.0206431     -0.0124464    0.000223466     -0.0166497     -0.0133124
      0.0989969     -0.0197318         0.1012     -0.0199357     -0.0294396              0     -0.0221885     0.00698746      -0.010471    -0.00579195    -0.00997578    -0.00948208
       0.100091     -0.0194822         0.1012     -0.0199357              0              0     -0.0166899      0.0060944    -0.00939738    -0.00700467    -0.00898857     -0.0078766
       0.100108     -0.0193359         0.1012     -0.0199357              0              0     -0.0202489      0.0103406      -0.012975    -0.00540941    -0.00676469    -0.00755156
       0.101148       -0.01966         0.1012     -0.0199357              0              0     0.00575824     0.00144079     -0.0162985    -0.00435381    -0.00833835    -0.00640444
       0.101428     -0.0225823         0.1012     -0.0211576              0     -0.0293248     0.00490842      -0.015565     -0.0161025    -0.00411671    -0.00447042    -0.00333747
       0.104245     -0.0213734       0.102427     -0.0211576      0.0294396              0      0.0197402     -0.0017096     -0.0161775    -0.00371783    -0.00220454    -0.00156505
        0.10331     -0.0211922       0.102427     -0.0211576              0              0       0.011825   -0.000803209     -0.0214546    -0.00231474   -0.000925602    0.000192642
       0.106269     -0.0211513       0.103653     -0.0211576      0.0294406              0      0.0336533     0.00043366     -0.0253303     -0.0013352     0.00131035     0.00192785
       0.105045     -0.0239672       0.103653     -0.0223794              0     -0.0293248      0.0183636     -0.0167651     -0.0260682   -0.000298074     0.00254583    0.000733852
       0.107919     -0.0222019        0.10488     -0.0223794      0.0294397              0      0.0410173     0.00927536     -0.0269238    0.000460574    -0.00107802    -0.00926802
       0.106142     -0.0225115        0.10488     -0.0223794              0              0      0.0124328    -0.00862751     -0.0270277   -0.000271491     -0.0174578     -0.0168808
       0.108797     -0.0219071       0.106107     -0.0223794      0.0294397              0      0.0346958     0.00894137     -0.0281544    -0.00663441     -0.0163039     -0.0165474
       0.109876      -0.021154       0.107333     -0.0223794      0.0294405              0      0.0269789      0.0220136     -0.0268454    -0.00990706     -0.0167908     -0.0213415
       0.108286     -0.0213417       0.107333     -0.0223794              0              0       0.015455      0.0122596     -0.0219914    -0.00956552     -0.0258922     -0.0270246
       0.110159     -0.0207409        0.10856     -0.0223794      0.0294397              0      0.0164032      0.0279264     -0.0141798     -0.0125925     -0.0281567     -0.0329826
       0.112084     -0.0220071       0.109787     -0.0223794      0.0294397              0       0.034916      -0.008792     -0.0105699     -0.0145193     -0.0378086     -0.0264639
       0.113058     -0.0178117       0.111013     -0.0211576      0.0294406      0.0293248      0.0228777      0.0540954    -0.00764011     -0.0178528     -0.0151205     -0.0142496
       0.110339      -0.016405       0.111013     -0.0199357              0      0.0293248     -0.0211428       0.044076    -0.00951492     -0.0129626     -0.0133788     -0.0120889
       0.114256     -0.0150808        0.11224     -0.0187138      0.0294396      0.0293248      0.0354145       0.050132     -0.0154617    -0.00722354     -0.0107991     -0.0141214
       0.118335     -0.0143902       0.114693      -0.017492      0.0588804      0.0293248      0.0373214      0.0350232     -0.0121465    -0.00698226     -0.0174438     -0.0163897
       0.114907     -0.0132816       0.114693     -0.0162701              0      0.0293244    -0.00503268      0.0360066     -0.0154276    -0.00936084     -0.0153356     -0.0122647
       0.117838     -0.0143393        0.11592     -0.0162701      0.0294397              0      0.0291761      0.0324705     -0.0162814    -0.00928109    -0.00919385       -0.01336
       0.119027     -0.0119283       0.117147     -0.0150482      0.0294396      0.0293248      0.0200331      0.0407408     -0.0122623    -0.00692098     -0.0175262     -0.0223572
       0.117257     -0.0140368       0.117147     -0.0150482              0              0    0.000916327     0.00603052    -0.00964438    -0.00761013     -0.0271882     -0.0230651
       0.119903    -0.00783433       0.118373     -0.0126045      0.0294406      0.0586496      0.0188699      0.0641993     -0.0101131     -0.0126374     -0.0189414     -0.0186311
       0.121254     -0.0104351         0.1196     -0.0126045      0.0294397              0      0.0152439      0.0281649     -0.0120665     -0.0112385      -0.018321     -0.0174346
       0.120218    -0.00865815         0.1196     -0.0113826              0      0.0293248       0.011477      0.0313171     -0.0151719      -0.010091     -0.0165482     -0.0123314
        0.12515    -0.00669361       0.122053     -0.0101608      0.0588804      0.0293248      0.0290062      0.0497127     -0.0155878     -0.0093854    -0.00811452     -0.0100613
       0.125857    -0.00859152        0.12328     -0.0101608      0.0294396              0      0.0326109      0.0204063     -0.0177814    -0.00622123     -0.0120084     -0.0138271
       0.123725    -0.00639717        0.12328     -0.0089389              0      0.0293248     0.00308947      0.0302047     -0.0172325     -0.0051127     -0.0156458     -0.0151174
       0.126083    -0.00756061       0.124507     -0.0089389      0.0294397              0      0.0192215      0.0200131     -0.0142804    -0.00725215     -0.0145891     -0.0153154
       0.127542    -0.00217551       0.125733    -0.00649517      0.0294405      0.0586496      0.0212115        0.05162     -0.0107251    -0.00781446     -0.0160419     -0.0145033
       0.126233    -0.00121267       0.125733     -0.0052733              0      0.0293248      0.0103087       0.057529    -0.00992059    -0.00833814     -0.0129647     -0.0177508
       0.127482    -0.00369458        0.12696     -0.0052733      0.0294399              0    -0.00911909      0.0161689      -0.010062    -0.00796407      -0.022537     -0.0214706
       0.129949    -0.00105102       0.128187    -0.00405144      0.0294396      0.0293248      0.0265807      0.0402536     -0.0155826     -0.0114756     -0.0204039     -0.0206862
        0.13048     0.00321666       0.129413    -0.00160772      0.0294406      0.0586491     0.00168148      0.0563873     -0.0135953     -0.0129157     -0.0209686     -0.0169138
        0.12768     0.00344111       0.129413   -0.000385857              0      0.0293248     -0.0347326      0.0499462     -0.0103928     -0.0126436      -0.012859     -0.0105998
       0.130784     0.00473721        0.13064     0.00083601      0.0294396      0.0293248     0.00768524       0.055445    -0.00280808    -0.00857132    -0.00834062     -0.0126983
       0.131101     0.00208992        0.13064     0.00083601              0              0      0.0284178      0.0102417      0.0126902    -0.00606387     -0.0170561     -0.0157887
       0.131282     0.00715438       0.131867     0.00327974      0.0294399      0.0586496     -0.0288852       0.043803      0.0160326     -0.0091583     -0.0145211    -0.00868297
        0.12924     0.00420429       0.131867     0.00327974              0              0     -0.0495051     0.00672848    -0.00648092    -0.00940173    -0.00284501     0.00737429
       0.133395      0.0103608       0.133093     0.00572348      0.0294406      0.0586496     0.00557772      0.0701545     -0.0196032    -0.00511902      0.0175939      0.0128245
       0.132441     0.00947531       0.133093     0.00694534              0      0.0293248     -0.0101062      0.0231959     -0.0158963     0.00443477     0.00805664     0.00866318
       0.138001     0.00707891       0.135547     0.00694534      0.0588791              0      0.0280945   -0.000915527     -0.0108665     0.00389893     0.00926971      0.0109558
       0.135208     0.00931962       0.135547     0.00816721              0      0.0293248    -0.00831881      0.0101492     -0.0107183     0.00262267      0.0126414      0.0159674
       0.137792     0.00760996       0.136773     0.00816721      0.0294406              0      0.0129241     -0.0116082     -0.0113659     0.00367386      0.0192928      0.0246177
        0.13927     0.00682456          0.138     0.00816721      0.0294399              0      0.0111222     -0.0217434     -0.0120698     0.00735337       0.029942      0.0363441
       0.140401      0.0101041       0.139227     0.00938908      0.0294396      0.0293248     0.00718539      0.0132371     -0.0162628      0.0119799      0.0427461      0.0391688
       0.141773      0.0056695       0.140453     0.00816721      0.0294406     -0.0293248      0.0115491     -0.0314602     -0.0199954      0.0181995      0.0355916      0.0285773
       0.142997     0.00348182        0.14168     0.00694534      0.0294396     -0.0293248      0.0123709     -0.0449665     -0.0193546      0.0173816      0.0215631      0.0147972
       0.144201     0.00475476       0.142907     0.00694534      0.0294399              0      0.0142945     -0.0353841     -0.0147015      0.0097955     0.00803137      0.0083499
       0.147797     0.00283676        0.14536     0.00572348      0.0588802     -0.0293248      0.0220695     -0.0357446    -0.00986432     0.00270648     0.00866795     0.00881147
       0.147439     0.00183376       0.146587     0.00450161      0.0294396     -0.0293248     0.00432461     -0.0302632    -0.00793313     0.00233633     0.00895548     0.00638628
       0.148292     0.00383508       0.147813     0.00450161      0.0294406              0     0.00268755    -0.00547965    -0.00491129     0.00284965     0.00381756    -0.00144092
       0.151233     0.00122755       0.150267     0.00327974      0.0588795     -0.0293248    -0.00495181     -0.0273175    -0.00127911     0.00225026    -0.00669921     -0.0086579
       0.151191    1.68028e-06       0.151493     0.00205788      0.0294406     -0.0293248    -0.00993596     -0.0231398    0.000227581    -0.00364011     -0.0106168     -0.0126096
       0.155187     0.00204679       0.153947     0.00205788      0.0588795              0      0.0117288     0.00266669     0.00728394    -0.00597184     -0.0146023     -0.0173523
       0.154987   -0.000886027       0.155173     0.00083601      0.0294406     -0.0293248    -0.00704586     -0.0262691      0.0127756    -0.00768988     -0.0201023     -0.0156511
       0.155268     0.00141637         0.1564     0.00083601      0.0294396              0     -0.0260634      0.0169284      0.0138732     -0.0101483      -0.011199     -0.0139313
       0.156911     0.00075114       0.157627     0.00083601      0.0294396              0     -0.0129028     -0.0110517     0.00965632    -0.00897031     -0.0166638    -0.00866305
       0.161106     0.00357955        0.16008     0.00205788      0.0588806      0.0293248     0.00163567      0.0164686     0.00570918    -0.00838118   -0.000662417      0.0090785
       0.161097     0.00271649       0.161307     0.00205788      0.0294396              0     -0.0140072      0.0135624   -0.000727047    -0.00239652      0.0188198      0.0210624
       0.160072     0.00185482       0.161307     0.00205788              0              0     -0.0134174     -0.0026995    -0.00362789     0.00775833      0.0233054      0.0230684
        0.16226     0.00417245       0.162533     0.00327974      0.0294406      0.0293248     -0.0120905     0.00811109    -0.00280129      0.0101923       0.022831      0.0218458
       0.163916     0.00291648        0.16376     0.00327974      0.0294396              0    -0.00384148    -0.00469688    -0.00539373     0.00999803      0.0208602      0.0174537
       0.162219     0.00502574        0.16376     0.00450161              0      0.0293248     -0.0265184    -0.00187547     -0.0080695     0.00912864      0.0140462      0.0160022
       0.165052     0.00722825       0.164987     0.00572348      0.0294399      0.0293248    -0.00172434      0.0205453     -0.0084685     0.00650866      0.0179582      0.0154963
       0.166377     0.00533987       0.166213     0.00572348      0.0294403              0    -0.00589018     -0.0106249    -0.00698375     0.00618763      0.0130339      0.0141735
       0.164491     0.00752413       0.166213     0.00694534              0      0.0293248     -0.0282736    0.000194887    -0.00680326     0.00511176      0.0153131      0.0204134
       0.167276     0.00658526        0.16744     0.00694534      0.0294399              0    -0.00354084    -0.00258239    -0.00445126     0.00543887      0.0255136      0.0260587
       0.166029     0.00590506        0.16744     0.00694534              0              0     -0.0190839     -0.0166779   -0.000747432      0.0101718      0.0266032      0.0276327
       0.170399      0.0046343       0.169893     0.00572348      0.0588802     -0.0293248     -0.0119715     0.00755989    0.000351916      0.0126916      0.0286617     0.00735807
       0.167539     0.00509282       0.169893     0.00572348              0              0     -0.0402118     -0.0157323    -0.00328349      0.0129656     -0.0139474     -0.0261069
       0.170275     0.00210822        0.17112     0.00450161      0.0294396     -0.0293248     -0.0114985     -0.0404365   -4.32624e-05    -0.00638287     -0.0382656     -0.0362526
       0.169223     0.00448395        0.17112     0.00450161              0              0     -0.0216127     0.00110428      0.0098951     -0.0199453     -0.0342381     -0.0297432
       0.167998     0.00882917        0.17112     0.00572348              0      0.0293248     -0.0486516      0.0447588      0.0132903     -0.0181557     -0.0252484      -0.023941
       0.168113     0.00737556        0.17112     0.00572348              0              0     -0.0410029      0.0196303      0.0103381     -0.0131673     -0.0226337     -0.0184083
       0.167911     0.00404214        0.17112     0.00450161              0     -0.0293248      -0.051379     -0.0014451     0.00498642     -0.0106289     -0.0141828     -0.0115103
       0.168915     0.00485584        0.17112     0.00450161              0              0     -0.0265277     0.00557945   -0.000904192    -0.00798028    -0.00883771    -0.00626794
       0.168965     0.00482782        0.17112     0.00450161              0              0     -0.0345951     0.00435108    -0.00404548    -0.00379758    -0.00369818   -0.000983576
       0.169782     0.00478513        0.17112     0.00450161              0              0     -0.0147501     0.00525027     -0.0092132    -0.00136977      0.0017314     0.00260496
       0.169342     0.00740052        0.17112     0.00572348              0      0.0293248     -0.0331512      0.0186067     -0.0109056     0.00109477     0.00347805     0.00521374
       0.169922     0.00690716        0.17112     0.00572348              0              0     -0.0146309      0.0245891     -0.0161792     0.00204785     0.00694942    -0.00149242
       0.169763     0.00811054        0.17112     0.00694534              0      0.0293248     -0.0225837   -0.000493487     -0.0166273     0.00332625    -0.00993385    -0.00407323
        0.16954     0.00747555        0.17112     0.00694534              0              0     -0.0241971      0.0118084     -0.0145838   -0.000838092     0.00178719     0.00254726
        0.17195     0.00929544       0.172347     0.00816721      0.0294399      0.0293248     -0.0136554     0.00358059     -0.0102546    0.000384995     0.00330639      0.0124116
       0.171009     0.00879807       0.172347     0.00816721              0              0     -0.0147626      0.0179596    -0.00545668     0.00248558      0.0215168      0.0190592
       0.170076     0.00761261       0.172347     0.00816721              0              0     -0.0347159     -0.0130101     0.00199319      0.0106157       0.016603      0.0176015
        0.16945      0.0072351       0.172347     0.00816721              0              0     -0.0438229     -0.0134601     0.00278247     0.00987513         0.0186      0.0191994
       0.170244     0.00472618       0.172347     0.00694534              0     -0.0293248     -0.0218015      -0.022972     0.00273825      0.0088485      0.0197988      0.0150752
       0.169453     0.00565224       0.172347     0.00694534              0              0     -0.0493387     -0.0199738     0.00274492     0.00894661      0.0103507     0.00800705
       0.172618     0.00287372       0.173573     0.00572348      0.0294406     -0.0293248     -0.0181925     -0.0395109     -0.0043199     0.00560672     0.00566339      0.0072155
       0.172338     0.00513486       0.173573     0.00572348              0              0     -0.0134618   -0.000551899     -0.0058962     0.00287408     0.00876713     0.00355864
        0.17452     0.00479214         0.1748     0.00572348      0.0294396              0     -0.0143667     -0.0211466    -0.00591682     0.00330372    -0.00164962      0.0021677
       0.171373     0.00298613       0.173573     0.00450161     -0.0294396     -0.0293248     -0.0197952    -0.00874507    -0.00987111   -0.000333003     0.00598478    0.000712395
       0.174138     0.00332872         0.1748     0.00450161      0.0294396              0     -0.0255808      -0.025407     -0.0118635   -0.000549606    -0.00456026    0.000981808
       0.173041     0.00404448         0.1748     0.00450161              0              0     -0.0301081    -0.00324756     -0.0169889    -0.00146609     0.00652361     0.00912476
       0.177367     0.00275469       0.176027     0.00327974      0.0294396     -0.0293248      0.0296431      0.0119423     -0.0153032    0.000880071      0.0117254    -0.00281865
       0.174407       0.002127       0.176027     0.00327974              0              0     -0.0366115     -0.0317076     -0.0048499     0.00389475     -0.0173619     -0.0135959
       0.177072     0.00697949       0.177253     0.00450161      0.0294406      0.0293248    -0.00401471      0.0439681    -0.00842916    -0.00863688    -0.00982877     -0.0174018
       0.175635     0.00601015       0.177253     0.00450161              0              0     -0.0252548      0.0183616    -0.00563895    -0.00785964     -0.0249755     -0.0296116
       0.177798     0.00829384        0.17848     0.00572348      0.0294399      0.0293248     -0.0167811      0.0268732     -0.0028932    -0.00952034     -0.0342477     -0.0309633
        0.17686      0.0104173        0.17848     0.00694534              0      0.0293248     -0.0198501      0.0457964    -0.00202214     -0.0158711     -0.0276791      -0.024809
       0.182062      0.0148394       0.180933     0.00938908      0.0588802      0.0586496     0.00519747      0.0688303    0.000571858     -0.0146766     -0.0219391      -0.019162
        0.18169      0.0116408        0.18216     0.00938908      0.0294396              0     -0.0210011      0.0284426    -0.00108158     -0.0113365     -0.0163849     -0.0124902
        0.18132      0.0162735        0.18216      0.0118328              0      0.0586496   -0.000121629      0.0530952    -0.00263749    -0.00838726    -0.00859545    -0.00370945
       0.183805      0.0128414       0.183387      0.0118328      0.0294399              0      0.0024182     0.00770956     0.00164724    -0.00464027     0.00117683     0.00984144
        0.18483      0.0172331       0.184613      0.0142765      0.0294406      0.0586491    -0.00853444      0.0297856    -0.00127219   -0.000138453      0.0185061      0.0296483
       0.186224      0.0150256        0.18584      0.0142765      0.0294396              0    -0.00553058      0.0177749     -0.0120902     0.00753529      0.0407901       0.038291
       0.188226      0.0161997       0.187067      0.0154984      0.0294396      0.0293248      0.0126491     0.00192817     -0.0177626      0.0205457      0.0357928      0.0345306
        0.18665      0.0144183       0.187067      0.0154984              0              0    -0.00721992     -0.0164311     -0.0139481      0.0194697      0.0332685      0.0308752
       0.188572      0.0113443       0.188293      0.0142765      0.0294406     -0.0293248    -0.00418524     -0.0357708     -0.0101882      0.0169746       0.028482      0.0227771
       0.192784      0.0124016       0.190747      0.0142765      0.0588795              0      0.0185605     -0.0281843     -0.0084412       0.014518      0.0170727      0.0141783
       0.192297      0.0106492       0.191973      0.0130547      0.0294406     -0.0293248     -0.0056959     -0.0245924    -0.00427388     0.00984258      0.0112844     0.00318003
       0.192721      0.0123871         0.1932      0.0130547      0.0294396              0     -0.0141915    -0.00824285    0.000844608     0.00564141    -0.00492406     -0.0121545
       0.192926     0.00996252       0.194427      0.0118328      0.0294399     -0.0293243     -0.0322781     -0.0254904     0.00890828     -0.0025683     -0.0193849     -0.0214829
       0.193438     0.00925634       0.195653      0.0106109      0.0294406     -0.0293248     -0.0394411      -0.010736       0.015167    -0.00996213     -0.0235798     -0.0275005
       0.198517      0.0080799        0.19688     0.00938908      0.0294396     -0.0293248       0.019649     -0.0157101      0.0235936     -0.0118417     -0.0314211     -0.0308672
       0.203176     0.00537413        0.19688     0.00816721              0     -0.0293248      0.0513588     -0.0487442      0.0315225      -0.014558     -0.0303134     -0.0223149
       0.196438     0.00534394        0.19688     0.00694534              0     -0.0293248     -0.0143662     -0.0077554      0.0160771     -0.0150182     -0.0143162     -0.0125098
       0.188573     0.00625904       0.194427     0.00694534     -0.0588802              0     -0.0821596     -0.0174409     0.00263084    -0.00936501     -0.0107033   -8.80122e-05
       0.191039     0.00349486       0.194427     0.00572348              0     -0.0293248     -0.0469616     -0.0282415     -0.0067197    -0.00455456      0.0105281      0.0213017
        0.18974     0.00176579         0.1932     0.00450161     -0.0294399     -0.0293248     -0.0421764     -0.0307816     -0.0139804     0.00540824      0.0320749      0.0372763
       0.191505     0.00356112         0.1932     0.00450161              0              0     -0.0244911    -0.00277285     -0.0168643      0.0165144      0.0424771      0.0346527
       0.189212   -0.000426286       0.191973     0.00327974     -0.0294396     -0.0293248     -0.0365284     -0.0572245     -0.0217287      0.0216295      0.0268297      0.0267162
       0.187858   -0.000876216       0.190747     0.00205788     -0.0294406     -0.0293248     -0.0367429     -0.0252157      -0.024829      0.0180299      0.0266027      0.0139818
       0.189734    0.000366534       0.190747     0.00205788              0              0     -0.0120331     -0.0294117     -0.0253353      0.0140742     0.00136089    -0.00328785
       0.189869    -0.00145807       0.190747     0.00083601              0     -0.0293248     -0.0153558     -0.0265994     -0.0243467     0.00288636    -0.00793638     -0.0123425
        0.18904     0.00152616       0.190747     0.00205788              0      0.0293248     -0.0330564     -0.0296034     -0.0232968    -0.00279551     -0.0167487     0.00219297
       0.189054     0.00328629       0.190747     0.00205788              0              0     -0.0222591      0.0397829     -0.0194397    -0.00601666      0.0211349      0.0154643
       0.189251    -0.00030078       0.190747     0.00083601              0     -0.0293248     -0.0146447     -0.0138483    -0.00658654       0.011129     0.00979233     0.00331736
       0.187573    0.000592585       0.190747     0.00083601              0              0     -0.0545619   -0.000894332     0.00382222      0.0153586    -0.00315733     -0.0109732
       0.187062    -0.00461577       0.190747    -0.00160772              0     -0.0586496     -0.0530468     -0.0340499     0.00609411     0.00609965      -0.018789     -0.0260903
       0.188253     0.00117606       0.190747   -0.000385857              0      0.0293248     -0.0219637      0.0189794      0.0105174    -0.00330072     -0.0333917     -0.0378849
       0.186265     0.00100271       0.190747   -0.000385857              0              0     -0.0804377      0.0168027      0.0151703     -0.0101892     -0.0423781      -0.040658
       0.184132     0.00162575        0.18952   -0.000385857     -0.0294396              0     -0.0657553      0.0316165     0.00688852     -0.0145252     -0.0389376     -0.0393682
       0.182956     0.00380964       0.188293     0.00083601     -0.0294399      0.0293248     -0.0689266      0.0300494     0.00541593     -0.0150449      -0.039799     -0.0308367
       0.183534     0.00333289       0.188293     0.00083601              0              0     -0.0773945      0.0422889     0.00566472     -0.0143699     -0.0218731     -0.0200748
       0.182897     0.00431906       0.187067     0.00205788     -0.0294406      0.0293248     -0.0405681      0.0153312    0.000430356    -0.00824612     -0.0182761    -0.00462673
       0.179876     0.00457999        0.18584     0.00205788     -0.0294396              0     -0.0965685      0.0545501    0.000680934    -0.00290375     0.00902271    0.000599861
       0.179444     0.00481116       0.184613     0.00327974     -0.0294396      0.0293248     -0.0620265     -8.386e-05    -0.00715255     0.00930042    -0.00782327    0.000567436
       0.175757     0.00682714        0.18216     0.00450161     -0.0588806      0.0293248     -0.0797502      0.0353989    -0.00350689     0.00369436     0.00895929     0.00986052
       0.176164     0.00766858       0.180933     0.00572348     -0.0294396      0.0293248     -0.0572086       0.018492    -0.00254892     0.00845368      0.0107627      0.0146675
       0.174711     0.00853578       0.179707     0.00694534     -0.0294406      0.0293248     -0.0726358      0.0162427     -0.0041561       0.013074      0.0185719      0.0223999
       0.173818     0.00653059        0.17848     0.00694534     -0.0294396              0     -0.0628833    -0.00821572     -0.0121481      0.0148966      0.0262275      0.0294223
       0.175563     0.00258967        0.17848     0.00572348              0     -0.0293248     -0.0444884     -0.0434271     -0.0153201      0.0197418      0.0326171      0.0364676
       0.176372     0.00288726        0.17848     0.00572348              0              0     -0.0275095     -0.0446417     -0.0137522      0.0228097      0.0403185      0.0485382
        0.17856     0.00168976       0.179707     0.00450161      0.0294396     -0.0293248     -0.0271662      -0.019327    -0.00701283      0.0267021      0.0567584      0.0449963
       0.181542    -0.00332667       0.180933     0.00205788      0.0294406     -0.0586496       0.018901     -0.0696039    -0.00291692      0.0343618      0.0332327      0.0228009
       0.179249     -0.0033663       0.180933     0.00083601              0     -0.0293248      -0.028737     -0.0529211     0.00609947      0.0246424      0.0123692     0.00238895
       0.180283    -0.00337159        0.18216   -0.000385857      0.0294396     -0.0293248     -0.0441265     -0.0347185     0.00433863      0.0123275    -0.00759131     -0.0175191
       0.181943    -0.00716379       0.183387    -0.00282957      0.0294399     -0.0586491     -0.0291088     -0.0578347    -0.00498973    0.000149795      -0.027447     -0.0287611
       0.185443    -0.00654515       0.184613    -0.00405144      0.0294406     -0.0293248      0.0256092     -0.0305265   -7.73799e-06     -0.0091502     -0.0300747     -0.0284342
       0.181617    -0.00482526       0.184613    -0.00405144              0              0     -0.0614581     -0.0179825       0.010478      -0.010578     -0.0267941     -0.0133073
       0.180465    -0.00543474       0.184613     -0.0052733              0     -0.0293248     -0.0653204      0.0186939     0.00695337    -0.00977605    0.000179291    -0.00420474
       0.180402     -0.0103113       0.184613    -0.00771704              0     -0.0586496     -0.0610056      -0.027942      0.0013013    -0.00295704    -0.00858821     -0.0146494
       0.181141    -0.00821668       0.184613    -0.00771704              0              0     -0.0389481    -0.00838477      0.0107235    0.000432083     -0.0207105     -0.0228588
       0.181082      -0.010036       0.184613     -0.0089389              0     -0.0293248     -0.0457513    -0.00992976      0.0222162    -0.00854271     -0.0250071     -0.0273095
       0.180191     -0.0110388       0.184613     -0.0101608              0     -0.0293248     -0.0688599    -0.00550707      0.0200926     -0.0109009     -0.0296118     -0.0323907
       0.180289    -0.00848734       0.184613     -0.0101608              0              0     -0.0643171      0.0323913     0.00964452     -0.0126006     -0.0351698     -0.0439255
       0.178617    -0.00889676       0.183387     -0.0101608     -0.0294406              0     -0.0585102     0.00792636      0.0020156     -0.0154332     -0.0526813     -0.0495251
       0.180852    -0.00832996       0.183387     -0.0101608              0              0     -0.0307659      0.0272647    -0.00176667     -0.0223568     -0.0463686     -0.0423363
       0.179966    -0.00793864       0.183387     -0.0101608              0              0     -0.0660371       0.032877    -0.00785982     -0.0241361     -0.0383039     -0.0332691
       0.177628    -0.00552408        0.18216     -0.0089389     -0.0294399      0.0293248     -0.0629769      0.0420384     -0.0223457     -0.0181659     -0.0282343     -0.0203338
       0.181841    -0.00712425        0.18216     -0.0089389              0              0      0.0224079      0.0257673     -0.0161638     -0.0129993     -0.0124332    -0.00714833
       0.177799    -0.00863488       0.180933     -0.0089389     -0.0294396              0     -0.0506262    -0.00261218    -0.00419878    -0.00532954    -0.00186351     0.00930548
       0.179042    -0.00955562       0.180933     -0.0089389              0              0     -0.0268441     -0.0115109     -0.0175171    0.000180432      0.0204744      0.0326538
       0.178584    -0.00961653       0.180933     -0.0089389              0              0     -0.0478916    -0.00353952     -0.0278903     0.00914521      0.0448332      0.0456047
       0.178919    -0.00911322       0.180933     -0.0089389              0              0     -0.0303986      0.0101504     -0.0310604       0.021335      0.0463758      0.0302529
       0.179431     -0.0104523       0.180933     -0.0089389              0              0      -0.013968     -0.0314346     -0.0187001      0.0252599      0.0141311     0.00819159
       0.177561    -0.00963034       0.180933     -0.0089389              0              0      -0.058066    -0.00503284     -0.0027126     0.00959296      0.0022521     -0.0067837
       0.181551    -0.00702633        0.18216    -0.00771704      0.0294396      0.0293248     0.00672346    -0.00517423      0.0031916     0.00190467     -0.0158194     -0.0123785
       0.178196    -0.00695952        0.18216    -0.00771704              0              0     -0.0724493       0.016096      0.0124688    -0.00484496    -0.00893742     -0.0101095
       0.178889    -0.00499478       0.183387    -0.00649517      0.0294399      0.0293248       -0.08384     0.00768082      0.0109041    -0.00619882     -0.0112816     -0.0020806
       0.179931    -0.00456151       0.183387    -0.00649517              0              0     -0.0283363      0.0444453      0.0084206    -0.00452571     0.00712109    -0.00160078
       0.179716    -0.00371865       0.183387     -0.0052733              0      0.0293248      -0.048674     0.00290061      0.0238167     0.00311751     -0.0103189    -0.00516213
        0.17452    -0.00502251        0.18216     -0.0052733     -0.0294399              0      -0.121768     0.00360695      0.0215447    -0.00285881   -9.40084e-06     0.00477791
       0.177538    -0.00497298        0.18216     -0.0052733              0              0     -0.0503452     0.00783484     0.00846506   -0.000619224     0.00956059      0.0100408
       0.175331     -0.0034718       0.180933    -0.00405144     -0.0294396      0.0293248     -0.0778715    -0.00607848     0.00551821     0.00506873      0.0105214      0.0207357
       0.175229    -0.00115224       0.179707    -0.00282957     -0.0294406      0.0293248     -0.0484578      0.0275245    0.000559937     0.00708348      0.0309505      0.0318394
       0.173498   -0.000246282        0.17848    -0.00160772     -0.0294396      0.0293243     -0.0772074       0.013039     -0.0104455      0.0134159      0.0327272      0.0315151
       0.175905    -0.00122952        0.17848    -0.00160772              0              0     -0.0387673      0.0143104     -0.0311373      0.0183305       0.030303      0.0159788
       0.173841   -0.000632367       0.177253   -0.000385857     -0.0294399      0.0293248     -0.0502049     -0.0263543     -0.0352414      0.0170544      0.0016551     0.00807095
       0.175434     0.00266336       0.177253     0.00083601              0      0.0293248     -0.0253535      0.0333275     -0.0329047     0.00312776      0.0144882     0.00887346
       0.176582     0.00193499       0.177253     0.00083601              0              0     0.00142537      0.0190984     -0.0216622     0.00690562     0.00325918    -0.00779425
       0.175169     0.00673723       0.177253     0.00327974              0      0.0586496     -0.0378991      0.0335674     -0.0103773     0.00757618     -0.0188471     -0.0203514
       0.177746     0.00481026        0.17848     0.00327974      0.0294399              0     -0.0142464      0.0210343    -0.00818883    -0.00275665     -0.0218565     -0.0229855
       0.178494     0.00967582       0.179707     0.00572348      0.0294396      0.0586496     -0.0311246      0.0404568    -0.00708794    -0.00789242     -0.0241145     -0.0157471
       0.178124      0.0105334       0.179707     0.00694534              0      0.0293248     -0.0103837      0.0494128    -0.00494026    -0.00803953    -0.00738027    -0.00384363
       0.176133      0.0125471       0.179707     0.00816721              0      0.0293248     -0.0634013      0.0688043     0.00438286   -0.000666312   -0.000307552     -0.0106945
        0.17607       0.012656       0.179707     0.00938908              0      0.0293248     -0.0494197      0.0341248    0.000755797     0.00341208     -0.0210811     -0.0246614
       0.176282      0.0135586       0.179707      0.0106109              0      0.0293248     -0.0472483      0.0328641    0.000771414    -0.00200384     -0.0282418     -0.0264052
       0.176807      0.0173205       0.179707      0.0130547              0      0.0586491     -0.0358891      0.0438233     0.00236655    -0.00926273      -0.024568     -0.0136511
         0.1768      0.0176764       0.179707      0.0142765              0      0.0293248     -0.0427415       0.044136     0.00123323     -0.0083751    -0.00273377     0.00585222
       0.180038      0.0177881       0.180933      0.0154984      0.0294406      0.0293248     -0.0180755       0.022874    -0.00796555     0.00266559      0.0144377      0.0252948
       0.179015      0.0185501       0.180933      0.0167203              0      0.0293248     -0.0334173      0.0235458     -0.0164196      0.0118427      0.0361519      0.0406833
       0.182135      0.0171908        0.18216      0.0179421      0.0294396      0.0293248    -0.00615574      -0.033897     -0.0225232      0.0220366      0.0452142      0.0655656
       0.184028      0.0158707       0.183387      0.0179421      0.0294399              0     0.00301617     -0.0199568     -0.0241814      0.0282932      0.0859184      0.0913301
       0.186428        0.01572       0.184613      0.0179421      0.0294406              0      0.0305266     -0.0209102     -0.0218804      0.0426962      0.0967426       0.087842
       0.186516      0.0140571        0.18584      0.0179421      0.0294396              0    -0.00592867     -0.0616649      -0.017253      0.0545572      0.0789418      0.0715356
       0.193256     0.00790413        0.18952      0.0154984      0.0883201     -0.0586496      0.0354593      -0.102119     -0.0225757      0.0458748      0.0641294      0.0574713
       0.191139      0.0110712       0.190747      0.0154984      0.0294396              0     -0.0120402     -0.0596827      -0.021877      0.0371044      0.0508132      0.0425358
       0.194479      0.0101877         0.1932      0.0142765      0.0588802     -0.0293248      0.0102604     -0.0479893     -0.0158042      0.0308111      0.0342584      0.0213985
       0.195033      0.0086644       0.194427      0.0130547      0.0294399     -0.0293248      0.0155936     -0.0647541    -0.00112401      0.0233212     0.00853872     0.00501823
       0.206489      0.0045641       0.199333      0.0106109        0.11776     -0.0586491      0.0795019     -0.0835683      0.0127671      0.0117324     0.00149679     0.00707483
       0.206693     0.00694534       0.201787     0.00938908      0.0588795     -0.0293248      0.0588795     -0.0293248       0.012941      0.0049277      0.0126534      0.0288563
       0.231061   -0.000977536        0.20424     0.00694534      0.0588802     -0.0586496       0.321852     -0.0950745      0.0332798      0.0102946      0.0450597      0.0326729
         0.2116    -0.00405146       0.206693     0.00327974      0.0588806     -0.0879744      0.0588806     -0.0879744       0.012888       0.026205      0.0202866     0.00941133
       0.219202    -0.00338095       0.206693     0.00083601              0     -0.0586496       0.300205     -0.0425574     0.00461293      0.0165921    -0.00146436     0.00889158
       0.214163    -0.00398492        0.20424   -0.000385857     -0.0588806     -0.0293248       0.121638     -0.0461618     0.00221003     0.00363893      0.0192485       0.027977
       0.213631    -0.00559928       0.206693    -0.00160772      0.0588806     -0.0293248      0.0838735     -0.0525399     -0.0126272      0.0127612       0.036706      0.0386863
       0.205971    -0.00423091       0.205467    -0.00160772     -0.0294406              0     0.00608807     -0.0355904     -0.0189371      0.0254933      0.0406651      0.0235095
       0.205586     -0.0121411       0.205467     -0.0052733              0     -0.0879739     0.00130764     -0.0854732     -0.0193308       0.027021     0.00635481      0.0131249
       0.205511      -0.013875       0.205467    -0.00771704              0     -0.0586496    0.000580175     -0.0773994     -0.0270345      0.0115114      0.0198941      0.0335279
       0.208477     -0.0167693       0.206693     -0.0101608      0.0294406     -0.0586496      0.0215199     -0.0848254     -0.0311969      0.0151951      0.0471621      0.0442944
       0.213142     -0.0226323       0.209147     -0.0138264      0.0588791     -0.0879744      0.0479441      -0.111553     -0.0362029      0.0302609      0.0414252      0.0363479
       0.213259     -0.0236624       0.210373     -0.0162701      0.0294399     -0.0586496      0.0346233     -0.0929857     -0.0355432      0.0293097      0.0312705      0.0222936
       0.217126     -0.0281333       0.212827     -0.0199357      0.0588802      -0.087974      0.0515366      -0.100893     -0.0339341      0.0221328      0.0133171      0.0109177
        0.22001     -0.0286927        0.21528     -0.0223794      0.0588802     -0.0586496      0.0567959     -0.0774124      -0.025792      0.0129227      0.0085187     0.00310183
       0.227871     -0.0419753       0.220187     -0.0284887        0.11776      -0.146624       0.066665      -0.177055     -0.0255892      0.0103926    -0.00231521   -0.000716983
       0.225888     -0.0408352        0.22264     -0.0309325      0.0588802     -0.0586496      0.0389807      -0.118832     -0.0366083     0.00587673    0.000881672   -0.000811453
           0.23     -0.0419292       0.225093     -0.0345981      0.0588795     -0.0879741      0.0588795     -0.0879741     -0.0451696     0.00427503     -0.0025044    -0.00908118
       0.232453     -0.0419293       0.227547     -0.0370418      0.0588802     -0.0586496      0.0588802     -0.0586496     -0.0393916     0.00397057     -0.0156579     -0.0183847
       0.227547     -0.0370418       0.227547     -0.0370418              0              0              0              0     -0.0296577    -0.00234132     -0.0211116     -0.0242796
       0.227547     -0.0370418       0.227547     -0.0370418              0              0              0              0     -0.0257376    -0.00571602     -0.0274476     -0.0252791
       0.228435     -0.0488766       0.227547     -0.0370418              0              0       0.021311      -0.284035     -0.0233377    -0.00846296     -0.0231105     -0.0256207
         0.2278     -0.0404232       0.227547     -0.0370418              0              0     0.00608887     -0.0811533     -0.0213487    -0.00746696     -0.0281309     -0.0278521
       0.227692      -0.038974       0.227547     -0.0370418              0              0     0.00173969     -0.0231868     -0.0195898    -0.00849157     -0.0275735     -0.0276682
       0.227588     -0.0375939       0.227547     -0.0370418              0              0    0.000497053     -0.0066248     -0.0167603    -0.00865107     -0.0277629     -0.0246815
       0.227558     -0.0371995       0.227547     -0.0370418              0              0    0.000142015     -0.0018928     -0.0184171    -0.00863057     -0.0216001     -0.0210023
        0.22755     -0.0370869       0.227547     -0.0370418              0              0    4.05753e-05     -0.0005408      -0.019467    -0.00645237     -0.0204045     -0.0170564
       0.227548     -0.0370547       0.227547     -0.0370418              0              0     1.1592e-05   -0.000154514     -0.0208255    -0.00592058     -0.0137086     -0.0133741
       0.227547     -0.0370455       0.227547     -0.0370418              0              0    3.31003e-06   -4.41465e-05     -0.0208255    -0.00592058     -0.0130394     -0.0118785
       0.227547     -0.0370428       0.227547     -0.0370418              0              0    9.44043e-07   -1.26132e-05     -0.0208238    -0.00592058     -0.0107176     -0.0073806
       0.227547     -0.0370421       0.227547     -0.0370418              0              0    2.69167e-07    -3.6042e-06     -0.0208238    -0.00592058    -0.00404357   -0.000291985
       0.227547     -0.0370419       0.227547     -0.0370418              0              0    7.52272e-08   -1.03089e-06     -0.0208238    -0.00592058     0.00345993    0.000989437
       0.227547     -0.0370418       0.227547     -0.0370418              0              0    2.09343e-08   -2.95099e-07     -0.0208238    -0.00592058    -0.00148143    -0.00506397
       0.227547     -0.0370418       0.227547     -0.0370418              0              0     5.5618e-09    -8.5712e-08     -0.0208238    -0.00592058    -0.00864653      -0.013421
       0.227547     -0.0370418       0.227547     -0.0370418              0              0     2.4279e-09   -2.49086e-08     -0.0208238    -0.00592058     -0.0181954     -0.0217856
       0.227547     -0.0370418       0.227547     -0.0370418              0              0    6.93689e-10   -6.68858e-09     -0.0208238    -0.00592058      -0.025376     -0.0229879
       0.227547     -0.0370418       0.227547     -0.0370418              0              0   -8.14092e-11   -1.91102e-09     -0.0208238    -0.00592058     -0.0206006     -0.0169669
       0.227547     -0.0370418       0.227547     -0.0370418              0              0   -2.32602e-11   -5.46006e-10     -0.0208238    -0.00592058     -0.0133334     -0.0113892
       0.227547     -0.0370418       0.227547     -0.0370418              0              0   -3.06484e-09    1.52164e-09     -0.0208238    -0.00592058    -0.00944485    -0.00579549
       0.227547     -0.0370418       0.227547     -0.0370418              0              0   -3.95135e-09    4.34755e-10     -0.0208238    -0.00592058    -0.00214608    -0.00105594
       0.227547     -0.0370418       0.227547     -0.0370418              0              0   -8.49351e-10    1.94118e-10     -0.0208238    -0.00592058    3.48091e-05    -0.00293769
       0.227547     -0.0370418       0.227547     -0.0370418              0              0   -3.59795e-09   -1.09792e-09     -0.0208238    -0.00592058    -0.00590986    -0.00470648
       0.227547     -0.0370418       0.227547     -0.0370418              0              0   -2.98524e-09   -1.15251e-09     -0.0208238    -0.00592058    -0.00350303    -0.00828213
       0.227547     -0.0370418       0.227547     -0.0370418              0              0   -9.22826e-10   -1.44771e-09     -0.0208238    -0.00592058     -0.0130611     -0.0118285
       0.227547     -0.0370418       0.227547     -0.0370418              0              0    1.55746e-10    1.45579e-10     -0.0208238    -0.00592058      -0.010596    -0.00673228
       0.227547     -0.0370418       0.227547     -0.0370418              0              0   -5.14715e-10   -1.07683e-09     -0.0208238    -0.00592058    -0.00286859    -0.00378567
       0.227547     -0.0370418       0.227547     -0.0370418              0              0   -1.47061e-10   -2.37767e-10     -0.0208238    -0.00592058    -0.00470265    -0.00676447
       0.227547     -0.0370418       0.227547     -0.0370418              0              0    5.17196e-10    3.51478e-10     -0.0208238    -0.00592058    -0.00882628     -0.0074253
       0.227547     -0.0370418       0.227547     -0.0370418              0              0    -6.9105e-10    3.80028e-10     -0.0208238    -0.00592058    -0.00602439     -0.0106041
       0.227547     -0.0370418       0.227547     -0.0370418              0              0   -1.34645e-09    1.22701e-09     -0.0208238    -0.00592058     -0.0151836     -0.0180703
       0.227547     -0.0370418       0.227547     -0.0370418              0              0    1.15314e-09     7.0968e-11     -0.0208238    -0.00592058     -0.0209569     -0.0227964
       0.227547     -0.0370418       0.227547     -0.0370418              0              0   -1.90738e-09    2.02765e-11     -0.0208238    -0.00592058     -0.0246358     -0.0245406
       0.227547     -0.0370418       0.227547     -0.0370418              0              0    -1.6634e-09   -5.88371e-10     -0.0208238    -0.00592058     -0.0244453      -0.024796
       0.227547     -0.0370418       0.227547     -0.0370418              0              0    9.22777e-10    9.50321e-10     -0.0208238    -0.00592058     -0.0251468     -0.0283395
       0.227547     -0.0370418       0.227547     -0.0370418              0              0     -2.113e-09   -3.36336e-09     -0.0208238    -0.00592058     -0.0315323     -0.0289701
       0.227547     -0.0370418       0.227547     -0.0370418              0              0   -6.03718e-10   -1.52018e-09     -0.0208238    -0.00592058      -0.026408     -0.0266347
       0.227547     -0.0370418       0.227547     -0.0370418              0              0   -3.12295e-10   -2.11198e-09     -0.0208238    -0.00592058     -0.0268613     -0.0239892
       0.227547     -0.0370418       0.227547     -0.0370418              0              0    7.49594e-10   -7.43227e-10     -0.0208238    -0.00592058     -0.0211174     -0.0203227
       0.227547     -0.0370418       0.227547     -0.0370418              0              0    7.73384e-10   -3.17203e-10     -0.0208238    -0.00592058     -0.0195278     -0.0201604
       0.227547     -0.0370418       0.227547     -0.0370418              0              0    5.00574e-10   -3.70237e-10     -0.0208238    -0.00592058      -0.020793     -0.0201615
       0.227547     -0.0370418       0.227547     -0.0370418              0              0    1.43021e-10     4.5343e-10     -0.0208238    -0.00592058     -0.0195303     -0.0208623
       0.227547     -0.0370418       0.227547     -0.0370418              0              0    3.02996e-10   -4.29661e-10     -0.0208238    -0.00592058     -0.0221943      -0.021322
       0.227547     -0.0370418       0.227547     -0.0370418              0              0   -1.03186e-09    4.36453e-10     -0.0208238    -0.00592058     -0.0204498      -0.021434
       0.227547     -0.0370418       0.227547     -0.0370418              0              0   -1.97246e-09   -7.14118e-10     -0.0208238    -0.00592058     -0.0224182     -0.0191574
       0.227547     -0.0370418       0.227547     -0.0370418              0              0   -3.91884e-09   -1.42731e-09     -0.0208238    -0.00592058     -0.0158966     -0.0137185
       0.227547     -0.0370418       0.227547     -0.0370418              0              0   -4.75456e-09   -2.36505e-09     -0.0208238    -0.00592058     -0.0115405     -0.0129432
       0.227547     -0.0370418       0.227547     -0.0370418              0              0   -4.01471e-09   -4.31062e-09     -0.0208238    -0.00592058     -0.0143461     -0.0161051
       0.227547     -0.0370418       0.227547     -0.0370418              0              0   -1.04221e-09   -6.72394e-10     -0.0208238    -0.00592058     -0.0178642     -0.0191742
       0.227547     -0.0370418       0.227547     -0.0370418              0              0    2.61439e-10   -1.03093e-09     -0.0208238    -0.00592058     -0.0204842     -0.0209096
       0.227547     -0.0370418       0.227547     -0.0370418              0              0    7.46977e-11   -3.64453e-10     -0.0208238    -0.00592058     -0.0213351     -0.0214474
       0.227547     -0.0370418       0.227547     -0.0370418              0              0     3.0095e-10   -8.73049e-10     -0.0208238    -0.00592058     -0.0215598     -0.0218989
       0.227547     -0.0370418       0.227547     -0.0370418              0              0    8.59852e-11    3.01643e-11     -0.0208238    -0.00592058      -0.022238     -0.0245506
       0.227547     -0.0370418       0.227547     -0.0370418              0              0   -8.02852e-11    5.67831e-10     -0.0208238    -0.00592058     -0.0268631     -0.0283324
       0.227547     -0.0370418       0.227547     -0.0370418              0              0   -1.56078e-09    1.28067e-09     -0.0208238    -0.00592058     -0.0298017     -0.0283972
       0.227547     -0.0370418       0.227547     -0.0370418              0              0    3.92882e-10    3.65905e-10     -0.0208238    -0.00592058     -0.0269923      -0.025894
       0.227547     -0.0370418       0.227547     -0.0370418              0              0   -3.80224e-09    8.42872e-12     -0.0208238    -0.00592058     -0.0247958     -0.0267845
       0.227547     -0.0370418       0.227547     -0.0370418              0              0   -1.92518e-09     -2.772e-10     -0.0208238    -0.00592058     -0.0287733     -0.0313334
       0.227547     -0.0370418       0.227547     -0.0370418              0              0   -3.06651e-09   -3.15487e-09     -0.0208238    -0.00592058     -0.0338934     -0.0338179
       0.227547     -0.0370418       0.227547     -0.0370418              0              0   -5.09164e-10    7.76246e-10     -0.0208238    -0.00592058     -0.0337421     -0.0360216
       0.227547     -0.0370418       0.227547     -0.0370418              0              0   -1.45475e-10    7.80998e-10     -0.0208238    -0.00592058     -0.0383012     -0.0401374
       0.227547     -0.0370418       0.227547     -0.0370418              0              0   -3.21171e-10   -1.03509e-09     -0.0208238    -0.00592058     -0.0419737     -0.0465782
       0.227547     -0.0370418       0.227547     -0.0370418              0              0   -9.17636e-11   -5.40396e-10     -0.0208238    -0.00592058     -0.0511828     -0.0537945
       0.227547     -0.0370418       0.227547     -0.0370418              0              0   -5.85432e-10   -2.94202e-10     -0.0208238    -0.00592058     -0.0564063     -0.0555728
       0.227547     -0.0370418       0.227547     -0.0370418              0              0   -5.86676e-10   -3.63665e-10     -0.0208238    -0.00592058     -0.0547393     -0.0534898
       0.227547     -0.0370418       0.227547     -0.0370418              0              0   -1.14625e-09   -1.03905e-10     -0.0208238    -0.00592058     -0.0522402      -0.050005
       0.227547     -0.0370418       0.227547     -0.0370418              0              0   -1.16632e-09    5.29527e-10     -0.0208238    -0.00592058     -0.0477698     -0.0455293
       0.227547     -0.0370418       0.227547     -0.0370418              0              0   -2.57009e-09    1.51294e-10     -0.0208238    -0.00592058     -0.0432889      -0.040255
       0.227547     -0.0370418       0.227547     -0.0370418              0              0   -1.85274e-09   -7.95592e-10     -0.0208238    -0.00592058     -0.0372212     -0.0386559
