    -0.00632797      0.0108507      -0.072776    -0.00171642       0.797376       0.150806       0.797376       0.150806    1.85717e-05    6.54456e-06        148.344      -0.346079      -0.141578
      -0.069713     0.00197823     -0.0727826    -0.00177626   -0.000158787      -0.001436       0.118745     -0.0198535    5.93412e-05    -0.00019182        169.251       0.238285       0.597004
     -0.0693501    -0.00250532     -0.0728936    -0.00188753     -0.0026629    -0.00267059      0.0375662     -0.0175044     0.00422153     -0.0128747        182.496       0.444213       0.548258
     -0.0739557   -9.79083e-05     -0.0730637   -0.000908623    -0.00408393      0.0234938     -0.0442268      0.0106018     -0.0184388    -0.00554849        636.363       0.405717      -0.164697
     -0.0714334   -0.000711861     -0.0724622   -0.000878201      0.0144358    0.000730134     0.00893849     0.00915328      -0.041348      0.0145631        507.843       0.125624      -0.413431
     -0.0680696    0.000575681     -0.0709598   -0.000977058      0.0360587    -0.00237259      0.0257649      0.0545446     -0.0305043      0.0335802        173.893      -0.794106      -0.696779
     -0.0657069    -0.00478565      -0.070387    -0.00167259      0.0137472     -0.0166928      0.0935644     -0.0680599     -0.0115887      0.0358895        153.503      -0.200358       0.133479
     -0.0695795    -0.00758301     -0.0708821    -0.00263067     -0.0118816     -0.0229939      0.0154451     -0.0817686      0.0164032     0.00477432        162.848         0.2977        0.16474
     -0.0710179    -0.00324682     -0.0716738    -0.00193741     -0.0190029      0.0166383      0.0260087     -0.0184852      0.0115727    -0.00616003        176.576       0.308307       0.544323
     -0.0711402    -0.00172089     -0.0716975    -0.00118711   -0.000567377       0.018007    -0.00194307     -0.0115382     0.00263808     0.00742506        175.648        0.30076       0.225761
     -0.0691534    -0.00388948     -0.0709678    -0.00130342       0.017513    -0.00279144      0.0154119     -0.0415571     -0.0200409      0.0219017        249.452       0.343296     -0.0938148
     -0.0631037    -0.00968443     -0.0686372    -0.00368141      0.0559343     -0.0570717      0.0707719     -0.0690264     -0.0322156      0.0335886        237.798     0.00856064      -0.174367
     -0.0612479     -0.0143798     -0.0675139    -0.00542622      0.0269594     -0.0418753      0.0962805      -0.138037     -0.0267666      0.0504664        142.956       0.334484        0.11835
     -0.0624112     -0.0149474     -0.0667492    -0.00700115      0.0183513     -0.0377985      0.0474043     -0.0895717      -0.019736      0.0519737        148.872     -0.0863255      -0.115143
     -0.0598486     -0.0229943        -0.0655     -0.0106533      0.0299826     -0.0876512       0.086839      -0.175293     -0.0228634       0.063092        154.561       0.103806       0.131146
       -0.05665     -0.0238719     -0.0637442     -0.0131198      0.0421386     -0.0591962      0.0996503      -0.128481     -0.0200036      0.0617545        231.132      -0.252168       0.265177
     -0.0568628     -0.0259047     -0.0627665     -0.0154889      0.0234649     -0.0568597      0.0735783      -0.140552     -0.0243428      0.0635053        152.041       -0.23071       0.123035
     -0.0545765     -0.0291631      -0.060913     -0.0182641      0.0444823     -0.0666032      0.0748884      -0.146437     -0.0349956      0.0544956        152.669      -0.153686      -0.121481
     -0.0527431     -0.0347801     -0.0590606     -0.0213861      0.0444581     -0.0749291       0.074875      -0.203012     -0.0412624       0.042003        137.465       0.475111      -0.348714
     -0.0424849     -0.0420496     -0.0545839     -0.0278803       0.107441      -0.155859       0.176817      -0.144111     -0.0373119      0.0362946        131.476      -0.373821       0.116286
     -0.0431584     -0.0445194     -0.0520863     -0.0318436      0.0599442     -0.0951206       0.102043      -0.171275     -0.0226709      0.0539352        168.685      -0.230926      -0.134665
     -0.0413945     -0.0497099     -0.0496447     -0.0364646      0.0585974      -0.110904       0.111273      -0.169194     -0.0256927      0.0425655        130.231      -0.219955     -0.0383479
     -0.0389022     -0.0562234     -0.0470775     -0.0418541      0.0616122      -0.129348       0.106154      -0.189277     -0.0224662      0.0296923        151.052     -0.0182865    -0.00722772
     -0.0254531     -0.0702924      -0.040182     -0.0511535       0.165493      -0.223184       0.193977      -0.234776     -0.0205624       0.021744        121.511     -0.0474646       0.208997
     -0.0259684     -0.0681001     -0.0364361     -0.0564414      0.0899011      -0.126912       0.114635      -0.110831     -0.0204654      0.0208218        123.437      -0.756728      -0.194234
     -0.0223552     -0.0713725      -0.032701     -0.0617479      0.0896434      -0.127354       0.137004      -0.111331     -0.0271827      0.0193431        107.019      -0.756316     -0.0721698
     -0.0152695      -0.078915     -0.0282491     -0.0673927       0.106844      -0.135475       0.183009      -0.166173     -0.0211931     -0.0115942        89.3589    -0.00251474       0.367674
    -0.00624285      -0.092695     -0.0203264     -0.0778527       0.190145       -0.25104       0.134409      -0.155637     -0.0178423     -0.0437158         98.369      -0.224312      -0.549388
    -0.00471348     -0.0887263     -0.0164989     -0.0823262      0.0918612      -0.107365       0.163475     -0.0593419     -0.0308758     -0.0446137        69.7767      -0.234328        -0.1497
   -0.000451022     -0.0929157     -0.0118265     -0.0872127       0.112137      -0.117276       0.140395     -0.0712392     -0.0110533     -0.0493547        71.6005       0.153034     -0.0960811
     0.00246098       -0.09684    -0.00772125     -0.0920167      0.0985249      -0.115297       0.131287     -0.0485911    -0.00292196      -0.061549        63.8557       0.291113      0.0905938
      0.0149096      -0.111045   -0.000299816      -0.101127       0.178114       -0.21865       0.199448      -0.100854     0.00132046     -0.0569532        68.0954       0.191152       0.413178
      0.0124922      -0.107783     0.00387066      -0.105073       0.100091     -0.0947065       0.106826        0.02967    -0.00234201     -0.0435562        65.3397      -0.084722       0.273075
      0.0180827      -0.112874     0.00873833      -0.108857       0.116824     -0.0908157      0.0926195      -0.084031     -0.0194751     -0.0354979        62.8455       0.353603     -0.0861582
      0.0248093      -0.114191      0.0139061      -0.112276       0.124026     -0.0820464       0.128153      0.0203377     -0.0303798     -0.0382261         61.288      -0.223689      -0.340074
      0.0478688      -0.119495      0.0254168      -0.116705       0.276257      -0.106311       0.296942     -0.0199288     -0.0276155     -0.0264883        81.6344      -0.303892      0.0641382
      0.0461973      -0.121317      0.0305319      -0.118704       0.122763     -0.0479629        0.18644     -0.0476562    -0.00959113     -0.0361729        65.1324       0.211682     -0.0663089
      0.0470526      -0.120229      0.0350553      -0.120559       0.108561     -0.0445311       0.145188      0.0286069     -0.0106869     -0.0490193        55.2309     -0.0317839      -0.153036
      0.0649335      -0.121185      0.0463719      -0.122755       0.271598     -0.0526929       0.204852      0.0424876    -0.00962701      -0.042501        63.3808      -0.235496        -0.6018
      0.0656092      -0.122058      0.0518396      -0.123649       0.131224     -0.0214579       0.181186      0.0124021    -0.00349262     -0.0410324        51.0065       0.119716      -0.199964
      0.0691748      -0.121598      0.0572023      -0.124899       0.128707      -0.029988       0.152841      0.0688397      0.0215112     -0.0505309         50.272      -0.192342       0.135945
      0.0737491      -0.124123      0.0620257      -0.125774       0.115761     -0.0210092       0.166775     0.00504393      0.0310082     -0.0464077        49.9242       0.303219       0.763041
      0.0742048      -0.123175      0.0672307      -0.125962        0.12492    -0.00452149      0.0314571      0.0404408      0.0255829     -0.0517438        53.1722       0.462245      -0.429839
      0.0964825      -0.117193      0.0782199      -0.125335       0.263739      0.0150576       0.242609       0.154737    -0.00542894      -0.041239        51.7646      -0.533896      0.0904779
      0.0988212      -0.117318      0.0843814      -0.123908       0.147878      0.0342432       0.171419      0.0672193     0.00983927     -0.0219805        52.5032      -0.084504      0.0502717
      0.0996708      -0.117346      0.0889434      -0.123276       0.109487       0.015164       0.129477       0.084917     0.00956998     -0.0414211        42.7825     -0.0884315      0.0507901
       0.103903      -0.115942      0.0936269      -0.122795       0.112404      0.0115392       0.128125       0.101982     0.00704036     -0.0488821        42.8856      -0.188085       0.124179
       0.121567      -0.105996       0.104248      -0.118079       0.254897       0.113189       0.195204       0.149003     0.00294123     -0.0524495        55.4626      0.0816279      -0.205935
       0.121844      -0.103879       0.109625      -0.116085       0.129062      0.0478665       0.145764       0.182281    5.24271e-05     -0.0579616         54.074      -0.255489      -0.240817
       0.125763      -0.104212       0.114316       -0.11271       0.112576      0.0809947        0.15687      0.0554601     0.00950179     -0.0550612        47.3958       0.772508       0.154714
       0.129519      -0.100634       0.118898      -0.110656        0.10997      0.0493026       0.134022       0.161897      0.0186257     -0.0629213        28.8371       0.216466       0.298065
       0.142879     -0.0895842        0.12777      -0.104545       0.212929       0.146658       0.172823       0.189537      0.0135618     -0.0341805        38.7659       0.195206      0.0606891
       0.139428     -0.0851004        0.13085     -0.0994382      0.0739117       0.122564      0.0959072       0.189842     0.00106499     -0.0218455        36.4482     -0.0363139      -0.166771
       0.143659     -0.0853381       0.135056     -0.0960225       0.100943       0.081976       0.102956       0.131204    -0.00193515      -0.016687        37.9783      0.0180226      -0.208011
       0.147501     -0.0834126         0.1393      -0.092221       0.101866      0.0912361      0.0947045      0.0976937     0.00389585     -0.0154293        39.8604       0.288753      -0.267274
        0.16489          -0.07       0.148815     -0.0850127       0.228363       0.172999       0.203251       0.203272      0.0133434     -0.0153741        34.3806      -0.154751      0.0355394
       0.164253     -0.0694206       0.152869      -0.080792      0.0972819       0.101298       0.152079       0.135672      0.0237388    -0.00468529        29.8305     -0.0791572       0.432974
       0.163556     -0.0699122       0.157216     -0.0775486       0.104327      0.0778402      0.0370541      0.0806205      0.0228594    -0.00881673        33.7355       0.294979      -0.442909
       0.169244     -0.0660634       0.161549     -0.0737963       0.103999      0.0900561       0.104292      0.0938815     0.00496445     -0.0135743        37.1255       0.279342      -0.112216
       0.183041     -0.0494975       0.170431     -0.0650706       0.213172       0.209418       0.131288       0.200083      0.0152236    -0.00330473        46.6324     -0.0558869      -0.392597
       0.178961      -0.052365       0.174965     -0.0619939       0.108803      0.0738405      -0.012881       0.157253      0.0216337     0.00698112         38.825      -0.407343      -0.143204
       0.183904     -0.0495306       0.177903     -0.0585632      0.0705289      0.0823368      0.0795697      0.0524436      0.0391944     0.00380872        42.9662       0.328813      -0.122847
       0.187454     -0.0478136       0.182361     -0.0555445       0.106994      0.0724471      0.0363078       0.107569      0.0439858     -0.0129749        39.6049       0.124545      -0.347107
       0.200465     -0.0344156       0.189193     -0.0486105       0.163966       0.166417       0.177319        0.19516      0.0491297    -0.00226141        133.309      -0.322645      0.0268648
       0.201959     -0.0340453       0.191161     -0.0446968      0.0472355      0.0939285       0.149165       0.129795      0.0627852     0.00553917        144.731        -0.3364      -0.356371
       0.210684     -0.0349749       0.194182     -0.0422278      0.0724915      0.0592559       0.198025       0.087035      0.0649535     -0.0111157        188.575       0.245531       0.222711
       0.213772     -0.0416034       0.195524     -0.0391088      0.0322212      0.0748554       0.218971     -0.0299351      0.0758772     -0.0221708        256.005       0.327536        0.14959
       0.201168     -0.0151628       0.197406     -0.0311268      0.0451509       0.191569      0.0451509       0.191569      0.0654307    -0.00934054        135.871       0.214202      0.0753906
       0.193424     -0.0187695       0.196078     -0.0270077     -0.0318546      0.0988582     -0.0318546      0.0988582      0.0601724     0.00493382        90.2096       0.019091        0.25574
        0.19611     -0.0173253       0.196089     -0.0237803     0.00025177      0.0774591     0.00025177      0.0774591      0.0569428      0.0128388        123.387       0.274144       0.319401
       0.194271      -0.014976       0.195483     -0.0208455     -0.0145469      0.0704343     -0.0145469      0.0704343      0.0466363      0.0137533        141.325       0.296089       0.187862
        0.18826    -0.00222572       0.193075     -0.0146389     -0.0577816       0.148958     -0.0577816       0.148958      0.0309231      0.0269718        154.711     -0.0137352       0.399213
       0.211409    -0.00726535        0.19181     -0.0116261     -0.0303555      0.0723065       0.235179      0.0523293      0.0224212       0.037268        195.403     -0.0978631      0.0978734
       0.194962    -0.00623212       0.190802     -0.0099181      -0.024191      0.0409927      0.0499153      0.0442317     0.00557825      0.0361494        55.9285       0.109331      -0.030249
       0.186956     -0.0038447       0.188729    -0.00785093     -0.0497532       0.049612     -0.0212765      0.0480748     0.00213025      0.0318316        27.0507      -0.180343        0.12926
        0.18039     0.00245087       0.185504    -0.00408033     -0.0774089      0.0904944     -0.0613711      0.0783745     0.00266883      0.0344721        22.0591       0.216142       0.178955
        0.18032    0.000355909       0.183971    -0.00302202     -0.0367885      0.0253995     -0.0438121      0.0405352    0.000759696       0.032169        21.6372      0.0198092     -0.0516121
       0.178988   -0.000193902       0.182349    -0.00225491     -0.0389357      0.0184108     -0.0403289      0.0247321    -0.00788679       0.036947        19.2381      -0.410389       -0.24239
       0.176858   -0.000142215       0.180483    -0.00162745     -0.0447721      0.0150591     -0.0435027      0.0178228    -0.00690355      0.0388797        14.5364      -0.118755       0.178825
        0.17319    -0.00132182       0.177907    -0.00167633     -0.0618392    -0.00117325     -0.0566002     0.00425418     0.00286648      0.0229448        11.5774     -0.0432509     -0.0112998
       0.173545    -0.00101043       0.176665    -0.00144384     -0.0297893     0.00557968     -0.0374496     0.00520097    -0.00250092      0.0164777        11.5341      0.0885593      -0.118921
       0.173021   -0.000450282       0.175532    -0.00108572     -0.0272051     0.00859497     -0.0301321     0.00762526    -0.00353363      0.0159233        11.3654      -0.112994     -0.0160259
       0.171813   -0.000312504       0.174296   -0.000842094     -0.0296638     0.00584701     -0.0297976     0.00635508   -0.000293518      0.0175922        10.1405      0.0105459      0.0178228
       0.168537    -0.00423386       0.172217    -0.00230101     -0.0499055     -0.0350139     -0.0441604     -0.0231942     0.00244365      0.0163425        7.77349     -0.0938685      -0.162235
       0.168287    -0.00425238       0.171031    -0.00287712     -0.0284464     -0.0138267     -0.0329361     -0.0165032     0.00242851      0.0147349        8.90521     0.00221105      -0.136278
       0.168204     -0.0048346        0.17019    -0.00352135      -0.020191     -0.0154614     -0.0238324     -0.0157591     0.00744281      0.0117264        10.2356      -0.103343     -0.0321515
       0.165983    -0.00531937       0.168691    -0.00410721     -0.0359656     -0.0140607      -0.032499     -0.0145459      0.0138327      0.0109163        9.12241      -0.173639     0.00515683
       0.161698    -0.00739717        0.16613    -0.00531929      -0.061463       -0.02909     -0.0531876     -0.0249345      0.0148623     0.00734519        7.99429     -0.0145463      0.0185571
       0.162069    -0.00644404        0.16498    -0.00553797     -0.0276178    -0.00524826     -0.0349235     -0.0108729      0.0150261    0.000843155        7.80937     -0.0773485     -0.0204781
       0.161334    -0.00525197       0.163821    -0.00531361     -0.0278099     0.00538467     -0.0298423    0.000739647      0.0149492    -0.00218989        7.70758     -0.0689817     -0.0665194
       0.160147    -0.00500788       0.162601    -0.00519497     -0.0292851      0.0028473     -0.0294443     0.00224511      0.0155831    -0.00491847        6.03126       0.152943      0.0665979
       0.154911    -0.00184005       0.159723    -0.00383554     -0.0690701      0.0326262     -0.0577484      0.0239459      0.0174854    -0.00643815        4.12454     0.00755269      0.0947907
       0.155275    -0.00226848       0.158458    -0.00342504     -0.0303626     0.00985199     -0.0381871      0.0138788      0.0154296   -0.000339162        4.22014     -0.0601793       0.154183
       0.153917    -0.00109231       0.156963    -0.00260057      -0.035884      0.0197873     -0.0365421      0.0180992      0.0114294    0.000881898        5.32622     -0.0381647     -0.0199338
       0.153196   -0.000102322        0.15577    -0.00174932     -0.0286242        0.02043     -0.0308864       0.019764     0.00488958   -0.000968826        4.73077       0.139361      0.0322548
       0.148703     0.00366248       0.153163    0.000285301     -0.0625699       0.048831     -0.0535174      0.0405262     0.00451658    -0.00293471        4.45872      0.0645114      0.0664148
       0.149793     0.00352394         0.1523     0.00122154     -0.0207063      0.0224698     -0.0300809      0.0276288     0.00414643     0.00267171        5.15682     0.00806839     -0.0364469
       0.148927     0.00432764       0.151206     0.00222965     -0.0262538      0.0241946     -0.0273473      0.0251758     0.00168691     0.00544916        3.87064     -0.0168594      0.0377505
       0.148314     0.00541594       0.150284     0.00329483     -0.0221429      0.0255643     -0.0236299      0.0254533     0.00197158      0.0057845        4.59122       0.045567     -0.0148098
       0.146913     0.00993894       0.149127      0.0057811     -0.0277516      0.0596704     -0.0265739      0.0498941     0.00141272     0.00570081        7.90989     -0.0159818     -0.0817892
       0.148029     0.00971276       0.148936     0.00691086    -0.00459945      0.0271143     -0.0108779      0.0336228     0.00142965     0.00660263        7.43146      -0.117321      0.0266715
       0.148061      0.0118578       0.148682      0.0086182    -0.00608826      0.0409763    -0.00745672      0.0388753     0.00390122     0.00606679        10.0353      0.0581197      0.0251067
       0.147683      0.0118522       0.148344     0.00956873    -0.00812066      0.0228127    -0.00793096       0.027402     0.00366936     0.00236903        8.00604     -0.0157499     -0.0598234
       0.147844      0.0183019       0.148216      0.0128961    -0.00307274      0.0798569     -0.0044608      0.0648698     0.00301299     0.00409924        14.9334      0.0565788      -0.024978
       0.148207      0.0170832       0.148256      0.0139842    0.000962377      0.0261149   -0.000587106      0.0371878      0.0039197     0.00430797        10.5109     -0.0750113       0.112132
       0.148143      0.0179845       0.148215      0.0152668   -0.000970602      0.0307823   -0.000861035      0.0326125      0.0049288     0.00596868        10.3275    -0.00947877    -0.00248991
       0.147961      0.0187569       0.148119      0.0163842    -0.00231171      0.0268172    -0.00189723       0.028473     0.00205336     0.00418531        9.81971      0.0104582      0.0216446
       0.146681       0.022379       0.147545      0.0185735     -0.0137665      0.0525435     -0.0103753      0.0456662     0.00161204     0.00346719        11.8098    -0.00877332     -0.0330123
       0.147279      0.0214489       0.147537      0.0193098   -0.000189543      0.0176706    -0.00309976      0.0256693    0.000502442     0.00347542        9.17747      0.0267149      -0.072881
       0.147513      0.0219002       0.147558      0.0201248    0.000491381      0.0195593   -0.000534659       0.021305    0.000761484     0.00338148        9.12679     -0.0664621     -0.0331054
       0.147819      0.0209707        0.14767      0.0202642     0.00270367     0.00334717     0.00177843     0.00847799     0.00368295     0.00354098        8.15457      -0.136836      0.0718796
       0.147424      0.0204667       0.147552      0.0202645    -0.00285459    5.94556e-06    -0.00153087     0.00242653     0.00524757     0.00170635        6.59169      0.0283295      0.0538123
       0.147868      0.0200643       0.147697      0.0201583     0.00348544    -0.00254881     0.00205221    -0.00112729     0.00379727    -0.00389577        6.37437       0.071194      0.0241531
       0.147792      0.0201053       0.147716      0.0201475    0.000459552   -0.000258654    0.000914597   -0.000506836     0.00104806    -0.00314499        6.25185      0.0945237      0.0553164
       0.147678      0.0199992       0.147692      0.0200914   -0.000585794    -0.00134674   -0.000157111    -0.00110677   -0.000268127    0.000276554        6.81118     -0.0649302      0.0550089
       0.148447      0.0170463       0.148004      0.0188484     0.00750446     -0.0298325     0.00531545     -0.0216251    -0.00259962     0.00451051         7.1619     -0.0348385      0.0218042
       0.148285      0.0166099       0.148068      0.0181386     0.00152886     -0.0170334     0.00261074     -0.0183453    -0.00491109     0.00306844        6.46243    -0.00499263      0.0375184
       0.149212      0.0172264       0.148513      0.0179429      0.0106888    -0.00469847     0.00838077    -0.00859756    -0.00585487     0.00122987        7.21569     -0.0416991       0.033645
       0.150473      0.0160636       0.149238      0.0172533      0.0173922     -0.0165491      0.0148175     -0.0142772    -0.00734809    0.000865686        8.75847     -0.0015125      0.0947003
       0.152376      0.0144794       0.150385      0.0162511      0.0275202     -0.0240532      0.0238908     -0.0212601    -0.00957432    -0.00101806        10.5406      0.0465175     -0.0752206
       0.152364      0.0146226       0.150965       0.015789      0.0139389     -0.0110907      0.0167823     -0.0139962     -0.0127034   -0.000965011        10.7292       0.101696      -0.115661
       0.152937      0.0157665       0.151613      0.0159169      0.0155389     0.00307064      0.0158942     -0.0018056    -0.00994911    0.000350225        9.91697      -0.170956     -0.0338835
        0.15404       0.014915       0.152456      0.0155221      0.0202453     -0.0094766      0.0190021    -0.00728489    -0.00494316     0.00456761         10.007      -0.065547      -0.121693
       0.156352      0.0148773       0.153874       0.015328      0.0340283    -0.00465775      0.0297351    -0.00540836    -0.00328305    -0.00066222        14.9241       0.102699      -0.114139
       0.157092      0.0150696       0.154908      0.0152746      0.0248008    -0.00128129      0.0262106    -0.00246045     0.00166151    -0.00429047        13.1506     -0.0633523     -0.0592126
       0.157182      0.0152582       0.155587       0.015292       0.016311    0.000416569      0.0191395   -0.000405437     0.00645945    -0.00111009        12.2181     -0.0168758      0.0364554
       0.157843      0.0140939       0.156328      0.0148026      0.0177902     -0.0117448      0.0181757    -0.00850501     0.00961254    -0.00269521        12.2709      0.0883459      0.0123814
       0.160375      0.0129824       0.157816      0.0141365       0.035712     -0.0159869      0.0307016     -0.0138493     0.00939951    -0.00310231        16.3211      0.0604829      0.0411225
       0.160359      0.0125539       0.158563      0.0136206       0.017905     -0.0123811      0.0215612     -0.0128006     0.00858161   -3.63708e-05        13.2567      0.0969972       0.115513
       0.160189      0.0128604       0.159021      0.0134331      0.0110021    -0.00450075       0.014019    -0.00687213     0.00659761     0.00286185        12.0456      0.0195905     -0.0387151
       0.160516      0.0124949       0.159499      0.0131141      0.0114741    -0.00765471      0.0122012    -0.00743112     0.00182865     0.00682138        11.9178     -0.0506723     -0.0580238
       0.161334      0.0118901       0.160135       0.012683      0.0152628     -0.0103473      0.0143881     -0.0095141     0.00233111     0.00770317        13.8355      -0.122326     -0.0236361
       0.161859      0.0111682       0.160704      0.0121525      0.0136507     -0.0127309      0.0138614     -0.0118118     0.00485728     0.00550054        12.7782     -0.0776292     -0.0342695
       0.161719      0.0121249       0.160986      0.0122569     0.00677311     0.00250579     0.00879832    -0.00158495     0.00611017   -0.000128281        12.7383     -0.0336482    -0.00665326
       0.161608      0.0109907       0.161156      0.0117511     0.00407588     -0.0121408     0.00542515    -0.00912484     0.00749907    -0.00348474        11.3186      0.0814957       0.164291
       0.161794      0.0122851       0.161365      0.0120604     0.00502539       0.007424      0.0051396     0.00269576     0.00787077    -0.00464655        11.8637       0.113498    -0.00302979
       0.161956      0.0126418       0.161558      0.0122734     0.00462592      0.0051114     0.00477268     0.00442121     0.00275419    -0.00234951         11.977        0.25831      0.0534869
         0.1624      0.0122152       0.161858      0.0122061     0.00719869      -0.001615     0.00650555    0.000109631     0.00190697     0.00275563        12.4874    -0.00409259     -0.0315418
        0.16217      0.0123197       0.161923      0.0122518     0.00155389     0.00109682     0.00296865    0.000814768    9.36735e-05      0.0144485        11.2479      0.0392675     -0.0116846
       0.162329       0.011443       0.162061      0.0119108       0.003317    -0.00818483     0.00321747    -0.00561352    0.000481938      0.0140415        11.0784      -0.102324       0.135328
       0.161728       0.011378       0.161892      0.0117464    -0.00404763    -0.00394455    -0.00197189     -0.0044214    0.000858401      0.0144527        9.77174       0.145784        0.15499
       0.161745      0.0112005       0.161851       0.011565   -0.000992417    -0.00435425    -0.00127227    -0.00437344    -0.00316563      0.0111925        10.6711     -0.0572993      -0.121139
       0.161295      0.0111973       0.161634      0.0114565     -0.0051949    -0.00260467    -0.00407415    -0.00311003    -0.00937977      0.0153811         10.094     -0.0276256      0.0199373
       0.160813     0.00982772       0.161336      0.0108163     -0.0071547     -0.0153639    -0.00627455     -0.0118628    -0.00599125      0.0149497         9.4663      0.0188052      0.0141713
       0.161824     0.00895313       0.161598      0.0101654     0.00629246     -0.0156212     0.00270189     -0.0145474    -0.00574424       0.013518        10.2926       0.072482     -0.0272088
       0.161974     0.00883531       0.161726     0.00976034     0.00307059    -0.00972153     0.00296525     -0.0111003    -0.00592175      0.0136305        10.2916     -0.0187521     -0.0610165
       0.162689     0.00890892       0.162094     0.00951859     0.00881374    -0.00580215     0.00714274    -0.00731592    -0.00576284       0.016042        12.5192     -0.0295972     -0.0671074
       0.163447     0.00746093       0.162581     0.00874304      0.0116934     -0.0186131      0.0103932     -0.0153854    -0.00411155      0.0161646        12.7969      -0.161893      -0.117656
        0.16365     0.00787205       0.162919     0.00853523     0.00812137    -0.00498734     0.00877046     -0.0079582   -0.000869538      0.0153627        12.5749      -0.131736     -0.0518468
       0.164156     0.00727874       0.163343     0.00809587      0.0101624     -0.0105446     0.00976467    -0.00980562     0.00385353     0.00876259        14.2863     -0.0993772      -0.184868
       0.163964      0.0065819       0.163503     0.00756861       0.003847     -0.0126544     0.00553776     -0.0118405     0.00763211     0.00182282        13.1352     -0.0377318      -0.184848
       0.164027     0.00666937       0.163664     0.00731442     0.00387275    -0.00610061     0.00434847    -0.00774057      0.0160552    -0.00200583        14.8986     -0.0825368     -0.0131333
       0.164123     0.00653739       0.163811     0.00707035     0.00350761    -0.00585755     0.00374786    -0.00639556      0.0232277    -0.00344576        13.5367       0.138988     0.00551507
        0.16362     0.00635073       0.163695     0.00683674    -0.00276875    -0.00560669   -0.000906865    -0.00583208      0.0240814    -0.00631131        14.0385       0.116599      0.0507737
       0.162821     0.00610608       0.163344     0.00659306    -0.00842178    -0.00584839    -0.00627466    -0.00584373      0.0239449    -0.00218786        12.1801       0.193904      0.0146425
       0.159443     0.00602017       0.161799     0.00641445     -0.0370742    -0.00428649     -0.0282743    -0.00473142      0.0216337     0.00338148        8.51627      0.0819524       0.138868
       0.159304      0.0062621       0.161049     0.00639811     -0.0180076   -0.000392307      -0.020941    -0.00163205      0.0197845       0.012712        9.24346      0.0164019       0.128029
       0.158795     0.00477469       0.160326     0.00574564     -0.0173503     -0.0156592     -0.0183762     -0.0116514      0.0135566      0.0154527        9.61488       0.143022      0.0906391
       0.156822     0.00465756       0.159064     0.00541183     -0.0303029    -0.00801132     -0.0268953    -0.00905135      0.0084419      0.0161297        8.82164      0.0208291      0.0593797
       0.152152      0.0029263       0.156481     0.00447712      -0.061973     -0.0224332     -0.0519508     -0.0186098     0.00470195      0.0215438        6.45916       0.127212     -0.0597747
       0.152908     0.00238128       0.155519     0.00379658     -0.0230913      -0.016333     -0.0313369     -0.0169835     0.00262973      0.0230839        8.81886      0.0834335      -0.182948
       0.151621    0.000894284       0.154221     0.00276802     -0.0311519     -0.0246854     -0.0312047     -0.0224848     0.00403914       0.027645        9.66058      0.0650524      0.0345008
       0.151202   -0.000589042       0.153284     0.00160614     -0.0224955     -0.0278851     -0.0249839     -0.0263422      0.0123242      0.0319648        9.04311       0.129291       0.169405
       0.150224    -0.00486861       0.152269   -0.000801678     -0.0243602     -0.0577876     -0.0245384     -0.0488032      0.0110342      0.0344537        12.3148      -0.126767      -0.209009
       0.150641    -0.00451476       0.151839    -0.00185213     -0.0103172     -0.0252109     -0.0143804     -0.0319515     0.00463412      0.0394913        9.42504       -0.26578     -0.0221364
       0.151615    -0.00507319       0.151888     -0.0028652     0.00117302     -0.0243137    -0.00327081     -0.0264959      0.0111229      0.0356318         9.3935      0.0233331      0.0547656
       0.151895     -0.0068475       0.151923     -0.0042452    0.000842214     -0.0331201   -0.000332936     -0.0312275      0.0132498      0.0242211        11.4709     -0.0639129       0.125921
       0.151219     -0.0085713       0.151636    -0.00572039     -0.0068804     -0.0354044     -0.0050097      -0.034211      0.0116818      0.0235665        11.2625     -0.0783275      -0.168696
       0.151889     -0.0089713       0.151789    -0.00672359      0.0036732      -0.024077     0.00119237     -0.0269724     0.00657687      0.0218036        11.0161     -0.0943524      -0.202556
        0.15278    -0.00977265       0.152186    -0.00771465     0.00951326     -0.0237854     0.00713586      -0.024696      0.0137424      0.0187988         12.331     -0.0012717       0.255913
       0.152131     -0.0122003       0.152093    -0.00931955     -0.0022248     -0.0385176    0.000449671     -0.0345686      0.0219919      0.0146265        11.7928       0.180795       0.272465
       0.151586     -0.0152289        0.15188     -0.0114139    -0.00512123     -0.0502648    -0.00352954     -0.0457801      0.0128631      0.0143669        14.5545       0.148228       0.155393
       0.151925     -0.0143643       0.151933       -0.01218     0.00127351     -0.0183852   -9.87881e-05     -0.0262123    0.000851725      0.0211103        14.0927       0.198319     -0.0439925
       0.152606      -0.017536       0.152211     -0.0141284     0.00667226     -0.0467628     0.00473768     -0.0408913     -0.0052872      0.0278616        18.0022       -0.14076      -0.200269
       0.152292     -0.0182916       0.152198     -0.0154418   -0.000309348     -0.0315202     0.00113266     -0.0341977    -0.00227573      0.0356011        14.5733      -0.144503       0.032573
       0.152703     -0.0203389       0.152395      -0.017123     0.00472856     -0.0403491     0.00370116     -0.0385916      0.0065566        0.02914        15.4456     -0.0592458     -0.0671535
         0.1547     -0.0254924       0.153308     -0.0201908       0.021904      -0.073629      0.0167032     -0.0636183     0.00646613      0.0228445         25.669      -0.186109      -0.172987
       0.154355      -0.024292       0.153575     -0.0212559      0.0064187     -0.0255602     0.00935713     -0.0364339     0.00792346      0.0200957        17.7487      -0.151014     -0.0689995
       0.154643     -0.0256106       0.153923     -0.0226918     0.00834775     -0.0344623     0.00863614     -0.0350256      0.0148538      0.0129493        18.8462    -0.00453906       -0.14823
       0.156331     -0.0308468        0.15483     -0.0257063      0.0217702     -0.0723495      0.0180176     -0.0616856      0.0181585     0.00654124        29.2945      -0.109493      0.0787468
       0.156228     -0.0302242       0.155229     -0.0269619     0.00957298     -0.0301327      0.0119857     -0.0391478       0.023848     0.00578068        21.0961      0.0221311      0.0593387
       0.155809     -0.0307893        0.15535     -0.0281541     0.00291324     -0.0286125     0.00550538     -0.0316226      0.0208003      0.0016142        19.0599       0.106764       0.170615
       0.156374     -0.0316765       0.155718     -0.0292945     0.00881839     -0.0273697     0.00787182     -0.0285848       0.018017     0.00159584        18.8156      0.0837385      0.0946428
       0.158624     -0.0360671       0.156837     -0.0318029      0.0268732     -0.0602033      0.0214443     -0.0511694      0.0110819     0.00566171         28.443       0.138583       0.101962
       0.159468     -0.0355365        0.15771     -0.0328386      0.0209502     -0.0248561      0.0210914     -0.0323742      0.0068582     0.00971972        25.3353      0.0477622       0.108619
       0.160451     -0.0365531       0.158632     -0.0340507      0.0221189     -0.0290909      0.0218253      -0.030029     0.00274882      0.0152216        25.8979      0.0644212      0.0560078
        0.16154     -0.0373125       0.159615     -0.0350994      0.0236042     -0.0251678      0.0230959     -0.0265567    -0.00226059      0.0177456        27.3592     -0.0537536     -0.0166203
       0.165806     -0.0406559       0.161938      -0.037127       0.055741      -0.048663      0.0464138     -0.0423469    -0.00432959      0.0203205        38.6736     -0.0834564     -0.0751872
       0.165985     -0.0416857       0.163149      -0.038589      0.0290698     -0.0350867      0.0340252     -0.0371611    -0.00418296      0.0192143        34.4681     -0.0805636     -0.0193087
       0.166305     -0.0424542       0.164115     -0.0398162      0.0231786     -0.0294543      0.0262776     -0.0316562    -0.00140312       0.015467        32.1155     -0.0947615      -0.059392
       0.167962     -0.0433662       0.165442     -0.0409676      0.0318385     -0.0276334      0.0302497     -0.0287828   -0.000453736      0.0119249        34.2382      -0.033136      -0.123568
       0.169382     -0.0460587       0.166768     -0.0427818      0.0318253     -0.0435395      0.0313751     -0.0393233     0.00216946     0.00800394        39.3164    -0.00644573     -0.0213052
       0.170114     -0.0471614       0.167838     -0.0441996      0.0256906     -0.0340281      0.0273147      -0.035541     0.00794766     0.00652503        38.2008      -0.160947      -0.115965
       0.170016     -0.0488658       0.168467     -0.0457725       0.015098     -0.0377499      0.0185885     -0.0371188     0.00853548     0.00628375        37.7771     -0.0781531      0.0183059
       0.171021     -0.0506104       0.169337     -0.0474007      0.0208676      -0.039076      0.0202164     -0.0385168      0.0130623   -0.000118268        41.0109      0.0192206      -0.137483
        0.17336     -0.0563596       0.170795      -0.050712      0.0350025     -0.0794726      0.0307779      -0.067771      0.0135994    -0.00382425        58.0377     -0.0242678     0.00692655
       0.173879     -0.0556619       0.171763     -0.0520858      0.0232354     -0.0329704      0.0253904     -0.0429134       0.017637    -0.00359906        48.5375      0.0162433      0.0180861
       0.173207     -0.0573475       0.172109     -0.0538317     0.00829625     -0.0419008      0.0131803     -0.0421901      0.0180478    -0.00359906        45.7511      0.0255887     -0.0333281
       0.173259     -0.0581484       0.172453     -0.0551955     0.00826728     -0.0327323       0.009671     -0.0354346      0.0178244     -0.0028056        43.9682    -0.00283785      0.0215779
       0.172963      -0.060005       0.172568     -0.0568285      0.0027566      -0.039191     0.00473214     -0.0381177      0.0178485    -0.00196911        44.2787     -0.0280152     -0.0873745
       0.171812     -0.0641426        0.17221     -0.0594665    -0.00858736     -0.0633121    -0.00478179     -0.0561137      0.0177136    -0.00196518        50.4883     0.00619106      0.0757086
       0.171263     -0.0640159       0.171867     -0.0607896    -0.00823545     -0.0317556    -0.00724869      -0.038715      0.0197046    -0.00229646        44.0595       0.159042     -0.0174784
       0.170127     -0.0641549       0.171222     -0.0617958     -0.0154971      -0.024147     -0.0131404     -0.0283093      0.0182116     -0.0023333        39.9884      0.0167358      0.0170063
       0.166742     -0.0670885       0.169506     -0.0636976     -0.0411758     -0.0456441     -0.0331657     -0.0406913      0.0180785     0.00276374        42.8784     -0.0484496    -0.00877134
       0.166181      -0.067211       0.168462     -0.0647454     -0.0250579     -0.0251464     -0.0273744     -0.0295878      0.0179914     0.00392543        39.5735     -0.0881239      -0.104758
        0.16461     -0.0671694       0.167144     -0.0654534     -0.0316268     -0.0169934     -0.0304119     -0.0205918      0.0180428     0.00237917         35.962     -0.0399506     -0.0978333
       0.162941     -0.0667853       0.165712        -0.0658     -0.0343781    -0.00831717     -0.0332449     -0.0118242      0.0215178    -0.00153555        32.9089      0.0140797      0.0342145
       0.157136     -0.0679835       0.162506     -0.0665831      -0.076929     -0.0187962     -0.0644478     -0.0168042      0.0257177    -0.00332524        32.2634      0.0898656      0.0681211
       0.156857     -0.0676201       0.160812     -0.0668454     -0.0406616    -0.00629336     -0.0474576    -0.00929646       0.025532    -0.00319434        29.3653      0.0329713       0.117916
       0.155117     -0.0680839       0.158932     -0.0672642     -0.0451133      -0.010052     -0.0457831    -0.00983615      0.0226172    6.57916e-05        29.0578        0.14015      0.0488783
        0.15312     -0.0688956       0.156988     -0.0678395     -0.0466661     -0.0138073     -0.0464139     -0.0126727      0.0168564     0.00283324        31.4094       0.131744      0.0324515
       0.147594     -0.0702756       0.153575     -0.0687184     -0.0819143     -0.0210927     -0.0717713      -0.018687      0.0147772     0.00913464        35.0012     -0.0304342      0.0792958
       0.147587     -0.0718078       0.151813     -0.0698073     -0.0422845     -0.0261335     -0.0507093     -0.0240059       0.013802      0.0145079        36.4701       0.144082     -0.0288591
       0.146718     -0.0733232       0.150212     -0.0710196     -0.0384218      -0.029097     -0.0419325     -0.0276424      0.0108316      0.0143586        37.5738       0.105722      0.0100927
       0.145825     -0.0751351       0.148817     -0.0724433     -0.0334829     -0.0341667     -0.0358971     -0.0323026      0.0107306      0.0185249        41.6033     -0.0282892     -0.0266089
       0.141497     -0.0794677       0.146155      -0.075019     -0.0638956     -0.0618172      -0.055896     -0.0533845       0.010768      0.0232025        53.2968     -0.0732418      0.0240237
       0.141146     -0.0808978        0.14464     -0.0769163     -0.0363418     -0.0455357     -0.0419287     -0.0477782      0.0123381       0.022638        51.3705      -0.169875      0.0251905
       0.140861     -0.0826039       0.143495     -0.0787898     -0.0274841     -0.0449646     -0.0316111     -0.0457684      0.0122579      0.0194288         53.024      0.0667366      -0.125341
       0.140547     -0.0849376       0.142591     -0.0808726     -0.0216951      -0.049986     -0.0245283      -0.048781      0.0116766      0.0122009        56.4562      -0.206414      0.0619448
       0.137179     -0.0914912       0.140603     -0.0847667     -0.0477147     -0.0934596       -0.04109     -0.0806943      0.0149935      0.0133031        77.3479     -0.0726313     -0.0972478
       0.136775     -0.0927863        0.13943     -0.0872778     -0.0281578     -0.0602649     -0.0318527     -0.0661019      0.0140353     0.00706302        71.4899      0.0510388     -0.0476721
       0.137225     -0.0948347       0.138834     -0.0897414     -0.0142915     -0.0591268      -0.019309     -0.0611197      0.0165226     0.00326263        72.3205     -0.0113398       0.147226
       0.136434      -0.096462       0.138035     -0.0919095     -0.0191756     -0.0520345     -0.0192138     -0.0546303      0.0177477     0.00473737        70.0253    -0.00884066    -0.00238358
       0.133714      -0.106455       0.136444     -0.0973633     -0.0381875      -0.130893     -0.0327664      -0.109104      0.0133145     0.00479661         113.02     -0.0832849     -0.0256531
         0.1334      -0.106599       0.135512      -0.100097     -0.0223793     -0.0656031      -0.025347     -0.0780318      0.0134219     0.00477217        95.1914      0.0843415      -0.049714
        0.13207      -0.108981       0.134343       -0.10299     -0.0280445     -0.0694377     -0.0272738     -0.0718932      0.0138004     0.00206624        95.6114      -0.121497       -0.12837
       0.131493      -0.111073       0.133437      -0.105613     -0.0217466     -0.0629624     -0.0233258      -0.065514      0.0157381      0.0039153        94.7925     -0.0834755      0.0389361
       0.126364      -0.120048       0.130753      -0.110915     -0.0644081      -0.127229     -0.0526703      -0.109596       0.020889    0.000734794        135.747      0.0658699      0.0201263
       0.126183      -0.119925       0.129388      -0.113551      -0.032777     -0.0632604     -0.0384608     -0.0764991      0.0203385    -0.00324346        114.106     -0.0576027     -0.0168536
       0.124096       -0.12012       0.127586      -0.115505     -0.0432494     -0.0469183     -0.0418812       -0.05537      0.0195101    -0.00107933        100.865       0.118131      0.0653865
       0.122353      -0.121506       0.125842      -0.117433     -0.0418571     -0.0462686      -0.041864      -0.048869       0.019454    -0.00184037        99.0104      0.0716743      0.0889376
        0.11559      -0.127744       0.122031        -0.1212     -0.0914648     -0.0903976     -0.0772931     -0.0785323      0.0170405      0.0017042         131.91       0.028388       0.099088
       0.114706      -0.126322       0.119772      -0.122539     -0.0541992     -0.0321391     -0.0607975     -0.0453943      0.0132686     0.00491737        107.044       0.075345       0.050865
       0.113865      -0.126899       0.117936      -0.123889     -0.0440753     -0.0324063     -0.0488531     -0.0361171     0.00923405     0.00615882        102.014     -0.0377449     -0.0130831
       0.111768      -0.128268       0.115875      -0.125338     -0.0494614     -0.0347786     -0.0492876      -0.035161     0.00698612     0.00920223        102.664      0.0602702      0.0542218
       0.106691      -0.132499       0.112577      -0.127942      -0.079162     -0.0624944     -0.0706265     -0.0546849      0.0069674     0.00864397        127.245      0.0104514      0.0137297
          0.107      -0.132492       0.110973       -0.12928     -0.0384888     -0.0320989      -0.047671      -0.038552     0.00570092      0.0104968        113.196       0.151173     0.00184126
       0.106105      -0.133739       0.109436      -0.130738     -0.0368875     -0.0349996     -0.0399685     -0.0360146     0.00481448      0.0110983        113.951      0.0335461     -0.0484005
       0.105572      -0.134029       0.108237       -0.13174     -0.0287787      -0.024048     -0.0319758      -0.027467     0.00473282      0.0169603        108.492      0.0963421     -0.0566165
       0.102761      -0.137744       0.106296      -0.133943     -0.0465893     -0.0528706      -0.042414     -0.0456125     0.00534317      0.0190812        126.392      -0.144431     -0.0969391
       0.103393      -0.138196       0.105516      -0.135247     -0.0187061     -0.0312974     -0.0254798     -0.0353874     0.00864611      0.0220305        118.245     -0.0502067      -0.123398
       0.102887      -0.138534       0.104683      -0.136254     -0.0199869     -0.0241574     -0.0215563      -0.027366      0.0134152      0.0165818        113.277     -0.0672047       0.129441
        0.10241       -0.13948       0.103958      -0.137314     -0.0173977     -0.0254406     -0.0185859     -0.0259907      0.0183836      0.0145694        114.823      0.0483298     -0.0706842
       0.101083      -0.144041       0.102957      -0.139829     -0.0240408     -0.0603708     -0.0224823     -0.0505479      0.0145914      0.0118612         138.31      0.0505478      0.0418083
       0.102305      -0.143281       0.102909      -0.140755     -0.0011546     -0.0222237    -0.00724822     -0.0303163       0.015677      0.0126364        121.945      0.0474316     -0.0363508
       0.101658      -0.145338       0.102465      -0.142345      -0.010653     -0.0381553    -0.00968022     -0.0359156        0.01528      0.0149045        128.824       0.088214    -0.00684122
         0.1011       -0.14624       0.101998      -0.143596     -0.0112125     -0.0300375     -0.0107747      -0.031717      0.0158117      0.0177845         128.09      0.0336921     -0.0414112
      0.0999021      -0.150076        0.10124      -0.145953     -0.0181721     -0.0565681     -0.0160586     -0.0494678        0.01635      0.0213126        146.936     -0.0212395     0.00259011
      0.0989772      -0.151311       0.100466      -0.147675     -0.0185872     -0.0413103     -0.0178647      -0.043641      0.0182593      0.0223843        145.469     -0.0617284     -0.0477092
      0.0987033      -0.151088      0.0999153      -0.148652     -0.0132147     -0.0234632     -0.0145433     -0.0292283      0.0184893      0.0222044        136.061      -0.079566     0.00203305
      0.0990335      -0.153372      0.0996948      -0.150309    -0.00529164     -0.0397679    -0.00793497     -0.0367566      0.0200726       0.019932        142.711     -0.0612177      0.0102958
      0.0983615      -0.153619      0.0992236      -0.151312     -0.0113087     -0.0240612     -0.0103448     -0.0276884       0.020417      0.0162606         137.48      0.0784451      -0.018311
      0.0957665       -0.15762      0.0979015      -0.153638     -0.0317304      -0.055825     -0.0256202      -0.047786      0.0203436      0.0139414        163.295     -0.0237076      -0.121386
        0.09597      -0.158452      0.0973574      -0.155152      -0.013059     -0.0363286     -0.0166479     -0.0396021      0.0210359      0.0160521        157.548      -0.431027    -0.00330698
      0.0947469      -0.159545      0.0964457      -0.156572     -0.0218802     -0.0340937     -0.0203853     -0.0356676      0.0260365      0.0154468        157.385       0.204888     -0.0058394
      0.0901173      -0.164226      0.0940397      -0.159374     -0.0577433     -0.0672441     -0.0470696     -0.0582222      0.0267865    -0.00112022        186.645      0.0695067     -0.0550058
      0.0905695      -0.164426      0.0930723      -0.160884     -0.0232186     -0.0362281     -0.0300332     -0.0425121      0.0268289     0.00401937        172.701       0.167563      0.0609598
      0.0896081      -0.164586      0.0919403      -0.161991     -0.0271674      -0.026585     -0.0279862     -0.0311356      0.0285436     0.00966679        164.218     -0.0438159      0.0463004
      0.0871831      -0.165445      0.0902558      -0.163108     -0.0404279     -0.0268078     -0.0368731     -0.0280443      0.0270762       0.016641        167.127        0.11795       -0.12197
      0.0812908      -0.172621      0.0869258       -0.16675     -0.0799191     -0.0874132     -0.0676202     -0.0704507      0.0253787      0.0146018        221.653     -0.0323967      0.0547013
      0.0823786      -0.174703      0.0857164      -0.169334     -0.0290269     -0.0620095     -0.0400535     -0.0644212      0.0284772      0.0179357        212.206       0.020539      0.0880078
      0.0809407      -0.176437      0.0841426      -0.171628     -0.0377705     -0.0550393     -0.0384228     -0.0577198      0.0277512      0.0179521        211.278    2.55657e-05     -0.0648021
      0.0795749      -0.178457      0.0826385      -0.173874     -0.0360991     -0.0539145      -0.036763     -0.0550018      0.0242691      0.0179562        213.652     -0.0518291       0.054538
      0.0784244       -0.18043      0.0812637      -0.176034     -0.0329953     -0.0518428     -0.0340718     -0.0527454      0.0252286      0.0179336        214.034       0.114081     -0.0448622
      0.0730782      -0.189684      0.0782272      -0.181138     -0.0728754      -0.122484     -0.0617887      -0.102558      0.0245279      0.0166513        288.216       0.043578      0.0462242
      0.0723488      -0.188507      0.0764125      -0.183167     -0.0435539     -0.0486993     -0.0487638     -0.0640876      0.0256546        0.02084         246.62     -0.0645448    -0.00543062
      0.0710932      -0.191933      0.0747002      -0.186148     -0.0410934     -0.0715495      -0.043285     -0.0694175      0.0250581      0.0230348        257.576      0.0541581      0.0501366
      0.0657399      -0.201606      0.0714351      -0.191832     -0.0783641      -0.136428     -0.0683415      -0.117282      0.0248382      0.0215539        335.197       0.057512      0.0577531
      0.0663331      -0.201692      0.0700043      -0.194742     -0.0343387     -0.0698397     -0.0440538     -0.0833947      0.0227999      0.0223007        294.754      0.0194139       0.124868
      0.0657125      -0.202241       0.068669      -0.197012     -0.0320472     -0.0544807     -0.0354777     -0.0627418      0.0202157      0.0248388        276.125     -0.0602541       0.176387
      0.0639464      -0.204742      0.0670722       -0.19958      -0.038323      -0.061625     -0.0375101     -0.0619441      0.0132975      0.0256548        281.962      -0.194873      0.0805561
      0.0661791      -0.201055      0.0670722       -0.19958              0              0     -0.0107172     -0.0176983     0.00671003       0.022824        229.593      -0.186713    -0.00422359
       0.066817      -0.200002      0.0670722       -0.19958              0              0    -0.00306205    -0.00505666     0.00395915      0.0138799        214.745      -0.137741      0.0455012
      0.0669993      -0.199701      0.0670722       -0.19958              0              0    -0.00087487    -0.00144476     0.00386176     0.00609742        212.539     -0.0403586       0.103529
      0.0670514      -0.199615      0.0670722       -0.19958              0              0   -0.000249963   -0.000412788     0.00295184    0.000503647        209.296       0.142546      -0.122398
      0.0670663       -0.19959      0.0670722       -0.19958              0              0   -7.14185e-05    -0.00011794    -0.00128904   -0.000698936        207.742      -0.138329      -0.127937
      0.0670705      -0.199583      0.0670722       -0.19958              0              0   -2.04055e-05   -3.37003e-05      0.0037323     0.00395607        207.318      0.0720822      0.0575075
      0.0670717      -0.199581      0.0670722       -0.19958              0              0   -5.82982e-06   -9.63061e-06     0.00791857   -0.000189674        207.667      0.0729788       0.199386
      0.0670721       -0.19958      0.0670722       -0.19958              0              0     -1.665e-06   -2.75344e-06     0.00612018     0.00241588        207.152     -0.0620714     -0.0171461
      0.0670722       -0.19958      0.0670722       -0.19958              0              0   -4.74073e-07   -7.88798e-07    -0.00211039     0.00532244         206.62      0.0210011    -0.00292616
      0.0670722       -0.19958      0.0670722       -0.19958              0              0   -1.35078e-07   -2.25739e-07    -0.00256708     0.00431393        206.263      0.0211564     -0.0560163
      0.0670722       -0.19958      0.0670722       -0.19958              0              0   -3.62187e-08   -6.56907e-08    -0.00200811     0.00415241        206.059      0.0661789      0.0679364
      0.0670722       -0.19958      0.0670722       -0.19958              0              0   -9.87322e-09   -1.88204e-08   -4.29403e-05     0.00502979        207.227      0.0802482     -0.0735479
      0.0670722       -0.19958      0.0670722       -0.19958              0              0   -1.92775e-09   -5.49083e-09    -0.00123265     0.00841676        207.708      0.0261468     -0.0804029
      0.0670722       -0.19958      0.0670722       -0.19958              0              0   -3.50402e-10   -1.55848e-09    0.000969623      0.0118489        207.781      0.0649627     -0.0261797
      0.0670722       -0.19958      0.0670722       -0.19958              0              0   -3.45349e-10   -5.38212e-10     0.00441394      0.0129434        206.895     -0.0902275       -0.12883
      0.0670722       -0.19958      0.0670722       -0.19958              0              0   -1.39974e-10   -1.58938e-10     0.00583062      0.0152809        206.801      -0.159413     -0.0350649
      0.0670722       -0.19958      0.0670722       -0.19958              0              0   -1.38233e-09   -1.49617e-09      0.0108602      0.0128879        207.229     -0.0678649     0.00578532
      0.0670722       -0.19958      0.0670722       -0.19958              0              0   -1.00417e-09   -1.43746e-09      0.0114227      0.0123317        206.882      0.0559819      0.0468903
      0.0670722       -0.19958      0.0670722       -0.19958              0              0   -7.10258e-10   -8.08241e-10      0.0114227      0.0123317        208.325      0.0777962     -0.0836183
      0.0670722       -0.19958      0.0670722       -0.19958              0              0   -8.68938e-10    -2.9156e-09      0.0114227      0.0123317        207.913     -0.0156487     -0.0603004
      0.0670722       -0.19958      0.0670722       -0.19958              0              0   -2.48268e-10   -2.08244e-09      0.0114227      0.0123317        207.832       0.108354      0.0385134
      0.0670722       -0.19958      0.0670722       -0.19958              0              0   -6.28664e-11   -1.01834e-09      0.0114227      0.0123317        207.859       0.127529     -0.0385376
      0.0670722       -0.19958      0.0670722       -0.19958              0              0    1.08172e-09    -2.2425e-09      0.0114227      0.0123317        209.544      0.0674591       0.051296
      0.0670722       -0.19958      0.0670722       -0.19958              0              0    1.72368e-09   -2.47869e-09      0.0114227      0.0123317        208.389      0.0180279    -0.00169199
      0.0670722       -0.19958      0.0670722       -0.19958              0              0    1.91742e-09   -2.10023e-09      0.0114227      0.0123317        208.127    -0.00843045     -0.0398038
      0.0670722       -0.19958      0.0670722       -0.19958              0              0     2.3858e-09   -1.93724e-09      0.0114227      0.0123317        208.145     0.00398504     0.00036351
      0.0670722       -0.19958      0.0670722       -0.19958              0              0    1.47674e-09    -7.0322e-10      0.0114227      0.0123317          208.5     -0.0268312     0.00319064
      0.0670722       -0.19958      0.0670722       -0.19958              0              0    2.15412e-10   -2.21572e-10      0.0114227      0.0123317        208.099     -0.0915798     -0.0651267
      0.0670722       -0.19958      0.0670722       -0.19958              0              0     8.1552e-11   -3.23291e-11      0.0114227      0.0123317         208.83     -0.0180273      0.0307956
      0.0670722       -0.19958      0.0670722       -0.19958              0              0   -1.52235e-10   -7.11908e-11      0.0114227      0.0123317        208.813      -0.064502      0.0705693
      0.0670722       -0.19958      0.0670722       -0.19958              0              0   -1.93218e-10   -1.80388e-10      0.0114227      0.0123317        207.747      0.0447278      0.0428667
      0.0670722       -0.19958      0.0670722       -0.19958              0              0    1.02899e-09    4.80232e-10      0.0114227      0.0123317        207.597      0.0658778     -0.0377834
      0.0670722       -0.19958      0.0670722       -0.19958              0              0    7.71595e-11   -2.56456e-10      0.0114227      0.0123317        207.388      0.0387854      0.0138151
      0.0670722       -0.19958      0.0670722       -0.19958              0              0   -5.66518e-10   -1.14972e-09      0.0114227      0.0123317        207.742      -0.121485     -0.0766533
      0.0670722       -0.19958      0.0670722       -0.19958              0              0   -6.36844e-10   -1.94962e-09      0.0114227      0.0123317         207.82     -0.0201188         -0.048
      0.0670722       -0.19958      0.0670722       -0.19958              0              0    1.07163e-10   -2.26077e-09      0.0114227      0.0123317        208.617     -0.0941846      -0.216423
      0.0670722       -0.19958      0.0670722       -0.19958              0              0    1.69047e-10   -2.50456e-09      0.0114227      0.0123317        209.311      -0.112148      -0.110848
      0.0670722       -0.19958      0.0670722       -0.19958              0              0     9.2598e-10   -2.74974e-09      0.0114227      0.0123317        209.136     -0.0413252     -0.0197236
      0.0670722       -0.19958      0.0670722       -0.19958              0              0     1.2042e-09   -2.12282e-09      0.0114227      0.0123317         210.22      -0.124472      0.0259214
      0.0670722       -0.19958      0.0670722       -0.19958              0              0    1.08751e-09   -8.40783e-10      0.0114227      0.0123317        209.355     -0.0394488      0.0306062
      0.0670722       -0.19958      0.0670722       -0.19958              0              0   -1.97039e-11   -2.59679e-11      0.0114227      0.0123317        208.635     -0.0822015      0.0584391
      0.0670722       -0.19958      0.0670722       -0.19958              0              0    4.69351e-10   -1.10676e-10      0.0114227      0.0123317        209.842      0.0662171      0.0760188
      0.0670722       -0.19958      0.0670722       -0.19958              0              0    7.53642e-10   -1.65856e-10      0.0114227      0.0123317        207.701    -0.00196227      0.0821878
      0.0670722       -0.19958      0.0670722       -0.19958              0              0     2.7244e-10    -5.7713e-11      0.0114227      0.0123317         208.69       0.048893      0.0663712
      0.0670722       -0.19958      0.0670722       -0.19958              0              0   -2.37093e-10    -1.0942e-10      0.0114227      0.0123317        207.612      -0.017459    -0.00922867
      0.0670722       -0.19958      0.0670722       -0.19958              0              0   -1.65835e-10   -2.01636e-10      0.0114227      0.0123317        207.634      -0.126104      0.0807761
      0.0670722       -0.19958      0.0670722       -0.19958              0              0    2.21086e-10    1.46321e-10      0.0114227      0.0123317         207.64      0.0178401      0.0296332
      0.0670722       -0.19958      0.0670722       -0.19958              0              0   -7.42235e-10   -9.98505e-10      0.0114227      0.0123317        207.898       0.106191       0.095246
      0.0670722       -0.19958      0.0670722       -0.19958              0              0   -4.80535e-10    -1.2275e-09      0.0114227      0.0123317        207.065       0.108789     -0.0868667
      0.0670722       -0.19958      0.0670722       -0.19958              0              0   -1.24731e-09   -4.12991e-09      0.0114227      0.0123317        206.684        0.15346      -0.114399
      0.0670722       -0.19958      0.0670722       -0.19958              0              0   -5.39654e-10   -1.86147e-09      0.0114227      0.0123317         208.37      -0.146324      0.0742486
      0.0670722       -0.19958      0.0670722       -0.19958              0              0    3.21923e-10   -3.16489e-09      0.0114227      0.0123317        206.507     -0.0640463    0.000209302
      0.0670722       -0.19958      0.0670722       -0.19958              0              0    8.45752e-10   -2.68027e-09      0.0114227      0.0123317        207.048     -0.0440267      0.0584067
      0.0670722       -0.19958      0.0670722       -0.19958              0              0    9.85092e-10   -1.44729e-09      0.0114227      0.0123317        206.295       0.142159      0.0108151
      0.0670722       -0.19958      0.0670722       -0.19958              0              0   -1.41895e-10   -2.54756e-10      0.0114227      0.0123317        206.975     -0.0845028       0.117409
      0.0670722       -0.19958      0.0670722       -0.19958              0              0    9.19744e-10   -8.05908e-10      0.0114227      0.0123317        206.397       0.053529      0.0822476
      0.0670722       -0.19958      0.0670722       -0.19958              0              0    1.04754e-09   -5.50356e-10      0.0114227      0.0123317        207.385       0.108943      0.0160916
      0.0670722       -0.19958      0.0670722       -0.19958              0              0     3.5992e-11   -1.57245e-10      0.0114227      0.0123317        206.668      0.0494432     -0.0272856
      0.0670722       -0.19958      0.0670722       -0.19958              0              0    2.25832e-10   -2.42758e-11      0.0114227      0.0123317        206.798     -0.0839056      0.0336723
      0.0670722       -0.19958      0.0670722       -0.19958              0              0   -3.27852e-10   -7.92156e-11      0.0114227      0.0123317        206.089     -0.0140472      0.0540866
      0.0670722       -0.19958      0.0670722       -0.19958              0              0    1.07678e-10   -9.49129e-11      0.0114227      0.0123317        206.498     -0.0152889      -0.022599
      0.0670722       -0.19958      0.0670722       -0.19958              0              0   -6.30077e-10   -7.03449e-10      0.0114227      0.0123317        206.112      0.0749425     -0.0246874
      0.0670722       -0.19958      0.0670722       -0.19958              0              0   -8.71843e-10   -8.17944e-10      0.0114227      0.0123317        207.794     -0.0496205      -0.149792
      0.0670722       -0.19958      0.0670722       -0.19958              0              0   -1.82893e-09   -2.93644e-09      0.0114227      0.0123317        206.016     0.00625851     -0.0102756
      0.0670722       -0.19958      0.0670722       -0.19958              0              0   -2.90224e-10    1.31628e-10      0.0114227      0.0123317        206.691     -0.0900904     -0.0689236
      0.0670722       -0.19958      0.0670722       -0.19958              0              0   -1.55201e-10   -1.41831e-09      0.0114227      0.0123317        206.597     -0.0327418      0.0150075
      0.0670722       -0.19958      0.0670722       -0.19958              0              0     2.2477e-10   -2.06767e-09      0.0114227      0.0123317        206.783      0.0535661      0.0931064
      0.0670722       -0.19958      0.0670722       -0.19958              0              0    8.54134e-10   -2.86241e-09      0.0114227      0.0123317        206.365     -0.0152337     -0.0407751
      0.0670722       -0.19958      0.0670722       -0.19958              0              0    1.12172e-09   -2.00529e-09      0.0114227      0.0123317        208.079      0.0520872     -0.0522979
      0.0670722       -0.19958      0.0670722       -0.19958              0              0    2.17911e-09   -2.15535e-09      0.0114227      0.0123317        207.703       0.129329     0.00390417
      0.0670722       -0.19958      0.0670722       -0.19958              0              0    7.67166e-10   -1.03917e-09      0.0114227      0.0123317        206.968       0.108622       0.074012
      0.0670722       -0.19958      0.0670722       -0.19958              0              0    1.21045e-09   -4.41463e-10      0.0114227      0.0123317        207.242      0.0625917       0.189868
      0.0670722       -0.19958      0.0670722       -0.19958              0              0    7.79523e-10   -1.77761e-10      0.0114227      0.0123317         208.96      0.0405766      0.0131946
      0.0670722       -0.19958      0.0670722       -0.19958              0              0   -3.07316e-10   -8.17661e-11      0.0114227      0.0123317        206.576     -0.0392133      0.0145353
      0.0670722       -0.19958      0.0670722       -0.19958              0              0   -2.81411e-10   -3.36874e-11      0.0114227      0.0123317        206.435      0.0123219      0.0610757
      0.0670722       -0.19958      0.0670722       -0.19958              0              0   -8.85805e-10   -5.36234e-10      0.0114227      0.0123317        206.616     -0.0889594      0.0189622
      0.0670722       -0.19958      0.0670722       -0.19958              0              0    -1.1411e-09   -1.05671e-09      0.0114227      0.0123317        206.308     -0.0177787       -0.02827
      0.0670722       -0.19958      0.0670722       -0.19958              0              0    -4.3961e-10   -4.37442e-10      0.0114227      0.0123317        207.599     -0.0236379     -0.0413217
      0.0670722       -0.19958      0.0670722       -0.19958              0              0   -5.90259e-10   -8.65851e-10      0.0114227      0.0123317        205.756     -0.0755234     -0.0969372
      0.0670722       -0.19958      0.0670722       -0.19958              0              0   -1.08763e-09   -2.90624e-09      0.0114227      0.0123317        206.516     -0.0413605     0.00735539
      0.0670722       -0.19958      0.0670722       -0.19958              0              0   -1.71356e-10   -2.59605e-09      0.0114227      0.0123317        206.468     -0.0873031     -0.0599375
