      -0.135562      0.0547429       -0.11592      0.0130547      -0.235699       0.500259      -0.235699       0.500259    7.62689e-05   -1.56167e-06   -1.17563e-06      0.0124664
       -0.10555     0.00972488       -0.11592      0.0130547    -0.00235699     0.00500259      0.0431513       0.019955    7.62689e-05   -1.56167e-06      0.0249324      0.0183463
      -0.109272     0.00845646      -0.114693      0.0130547       0.029122    5.00259e-05      0.0690228      -0.108258     -0.0174691     0.00822662      0.0117583      0.0318952
      -0.109921     0.00932898      -0.114693      0.0130547     0.00029122    5.00259e-07      0.0707831     -0.0405697     -0.0264118     0.00826763       0.052031      0.0656619
      -0.107836      0.0101483      -0.113467      0.0118328      0.0291484     -0.0290311      0.0788172     0.00918493     -0.0220862      0.0240104      0.0792928      0.0616541
      -0.107262     0.00820492       -0.11224      0.0118328      0.0294372   -0.000290311      0.0595588     -0.0725703      -0.022018      0.0391824      0.0440149      0.0450473
      -0.103688     0.00361787      -0.111013     0.00938908      0.0294399      -0.058066       0.121196     -0.0630746     -0.0269559      0.0232535      0.0460801      0.0350733
      -0.101216     0.00444605      -0.109787     0.00938908      0.0294399    -0.00058066       0.125448      -0.090066     -0.0281624      0.0148495       0.024066      0.0352845
      -0.101504     0.00368978       -0.10856     0.00816721      0.0294403     -0.0290374      0.0720348     -0.0476786      -0.039865      0.0111351      0.0465026      0.0492921
      -0.100516   -0.000845071      -0.107333     0.00694534      0.0294399     -0.0293219      0.0787657      -0.138144     -0.0715536      0.0166594      0.0520816      0.0851979
     -0.0840644    -0.00325398        -0.1012     0.00450161       0.146022     -0.0583563       0.248376     -0.0780664     -0.0758063      0.0218791       0.118314        0.12571
     -0.0812475    -0.00469578       -0.09752     0.00327974       0.088897     -0.0296151       0.213196      -0.108661     -0.0628185      0.0524893       0.133108       0.137753
     -0.0816844    -0.00950052     -0.0950667     0.00083601        0.05918     -0.0583593       0.170183      -0.134997     -0.0610798      0.0700583         0.1424       0.142801
     -0.0778061     -0.0130967     -0.0913867    -0.00282957      0.0880287     -0.0876778       0.173423      -0.106651     -0.0669518      0.0711098       0.143203       0.119529
       -0.06178     -0.0248824        -0.0828     -0.0089389       0.204899      -0.146035       0.278444      -0.223043     -0.0670898      0.0723022      0.0958552      0.0832224
     -0.0603952     -0.0270336     -0.0778933     -0.0126045       0.118632      -0.088555       0.217581      -0.197016     -0.0592716      0.0506545      0.0705905      0.0655584
     -0.0524222     -0.0273944       -0.07176     -0.0162701       0.146914     -0.0879802        0.26703      -0.124036     -0.0557624      0.0359285      0.0605264       0.040659
     -0.0511706     -0.0318635     -0.0668533     -0.0187138       0.118052     -0.0589424       0.179211      -0.227178     -0.0460112      0.0319502       0.020793      0.0473986
     -0.0303606     -0.0422622     -0.0545867     -0.0272669       0.292636       -0.20381       0.302967      -0.135879      -0.045851      0.0139803      0.0740032      0.0577879
     -0.0267273     -0.0432049     -0.0472267     -0.0321543         0.1778      -0.118164       0.263792      -0.131446     -0.0373203        0.02345      0.0415711      0.0184717
     -0.0185359     -0.0501999     -0.0398667     -0.0370418       0.176652      -0.117308       0.296288      -0.189273     -0.0183655      0.0220919    -0.00462792    -0.00389933
     -0.0200619     -0.0525204     -0.0337333     -0.0419293       0.147495      -0.117299       0.118461      -0.113669     -0.0107553    -0.00427414    -0.00316983     -0.0139071
    -0.00938629     -0.0740008     -0.0251467     -0.0553698       0.205494       -0.32052       0.190204      -0.196987     -0.0277893    -0.00559951     -0.0246448     -0.0536375
    -0.00390665     -0.0707012     -0.0190133     -0.0602572       0.147783      -0.119331       0.202377      -0.120359    -0.00616338     -0.0121056     -0.0826306      -0.104483
    -0.00122537     -0.0780405     -0.0141067     -0.0675884        0.11806      -0.175382       0.174457      -0.117522      0.0217941     -0.0413166      -0.126336      -0.139789
    0.000572767     -0.0816702     -0.0104267     -0.0724759      0.0886174       -0.11788       0.175369      -0.102785      0.0312621     -0.0662145       -0.15324      -0.141868
      0.0136097      -0.096641   -0.000613346     -0.0834727       0.234051      -0.262462       0.145177      -0.139046      0.0110289      -0.082585      -0.130492      -0.127995
      0.0198066     -0.0966003        0.00552     -0.0883601       0.148069      -0.118751        0.17681      -0.087913     -0.0127955     -0.0722705      -0.125499      -0.120719
      0.0237441     -0.0954968      0.0116533     -0.0920257       0.147209     -0.0882819        0.11541     -0.0265304     -0.0185465     -0.0675459      -0.115939      -0.110507
      0.0312407      -0.100531      0.0177867     -0.0969132         0.1472      -0.117009       0.178369      -0.030642     -0.0212699     -0.0638764      -0.105075     -0.0981578
      0.0526238      -0.105312      0.0300533      -0.101801       0.292928      -0.117296       0.286754      -0.022534       0.005285     -0.0583766      -0.091241     -0.0898226
      0.0481791      -0.104565        0.03496      -0.104244       0.119512     -0.0592358       0.152737      0.0158478      0.0254466     -0.0520342     -0.0884037     -0.0924336
      0.0499964      -0.107112      0.0398667      -0.106688       0.117777     -0.0586554        0.12285   -0.000113079      0.0279846     -0.0487208     -0.0964634     -0.0935702
       0.051175      -0.109787      0.0447733       -0.10791        0.11776     -0.0296181      0.0358794     -0.0154255      0.0275753     -0.0519463     -0.0906772     -0.0862385
      0.0650236      -0.108488      0.0545867      -0.109132       0.234342     -0.0293279       0.125903      0.0183553      0.0249082     -0.0508642     -0.0817998     -0.0776869
      0.0711338      -0.106068      0.0594933      -0.109132       0.118926   -0.000293279       0.149949      0.0454147      0.0224348     -0.0461233     -0.0735748     -0.0687148
      0.0748564       -0.10496         0.0644      -0.109132       0.117771   -2.93279e-06        0.12418      0.0651831      0.0231187     -0.0419161     -0.0638547     -0.0634909
      0.0762246      -0.105066        0.06808      -0.109132      0.0886145   -2.93279e-08       0.097003      0.0591801      0.0215896     -0.0374736     -0.0631269     -0.0638309
      0.0823871      -0.102369      0.0729867       -0.10791       0.117469      0.0290317       0.113427      0.0765913      0.0160401      -0.035596     -0.0645351     -0.0658793
      0.0941369     -0.0985328      0.0803467      -0.105466       0.176048      0.0583534       0.170708       0.083775      0.0122987      -0.035954     -0.0672237     -0.0612263
      0.0936895     -0.0991903      0.0840267      -0.104244      0.0891974      0.0296151       0.113226       0.058296     0.00904343     -0.0374655     -0.0552286     -0.0403218
      0.0924521     -0.0935887        0.08648      -0.101801       0.059183       0.058359      0.0605061       0.127504     0.00279984     -0.0328902     -0.0254152     -0.0315348
       0.106523     -0.0859244        0.09384     -0.0969132       0.175465        0.11671       0.159207       0.134499      0.0018594     -0.0179021     -0.0376542     -0.0415297
        0.10356      -0.085941      0.0962933     -0.0944695      0.0600462      0.0592303      0.0872692       0.111122      0.0104801     -0.0159652     -0.0454053     -0.0511664
       0.107224     -0.0867545      0.0999733     -0.0932476      0.0880372      0.0296238      0.0923683      0.0870601      0.0208688     -0.0231688     -0.0569276       -0.06392
       0.107166     -0.0829107       0.102427     -0.0908039      0.0591709      0.0583591      0.0515581       0.104182      0.0271579     -0.0295297     -0.0709122     -0.0771454
        0.11764     -0.0680451        0.10856     -0.0834727        0.14632       0.174773       0.105313       0.193961      0.0261798     -0.0363405     -0.0833789     -0.0868992
       0.115545     -0.0715904       0.111013     -0.0810289      0.0597548      0.0598108      0.0430863       0.101987       0.025953     -0.0425091      -0.090419     -0.0741812
       0.117961     -0.0661939       0.113467     -0.0773633      0.0588881      0.0876927       0.063225       0.155848      0.0259512     -0.0458286     -0.0579434     -0.0531404
        0.12028     -0.0593089        0.11592     -0.0724759      0.0588805       0.117003      0.0541534       0.171906      0.0305805     -0.0366432     -0.0483377     -0.0493109
       0.121709     -0.0496113       0.118373     -0.0651447      0.0588802       0.175359      0.0284616       0.184423      0.0301987     -0.0253654     -0.0502841     -0.0426976
       0.121082     -0.0504769         0.1196     -0.0614791      0.0297342      0.0888479     0.00928869       0.135285      0.0207083     -0.0262858     -0.0351109     -0.0254474
       0.122063     -0.0448432       0.120827     -0.0565916      0.0294427       0.117015       0.010558       0.152338      0.0191949     -0.0208126      -0.015784     -0.0137734
        0.12401     -0.0416497       0.122053     -0.0517042      0.0294407       0.117296      0.0308154       0.109573       0.024165     -0.0104267     -0.0117629     0.00130081
       0.125347     -0.0234737        0.12328     -0.0419293      0.0294396       0.233425      0.0283613       0.245917       0.031143    -0.00819708      0.0143638     0.00413656
       0.125472     -0.0248793       0.124507     -0.0370418      0.0294397        0.11846   -0.000980113       0.137281       0.031356    0.000356305    -0.00608961    -0.00766166
       0.123545     -0.0257154       0.124507     -0.0333762    0.000294397      0.0882791     -0.0210165      0.0793095      0.0229071    -9.6679e-06    -0.00923438     0.00186825
        0.12717     -0.0190327       0.125733     -0.0284887       0.029149       0.117009      0.0243929       0.121844      0.0194522    -0.00709666      0.0129709      0.0149527
       0.129632     -0.0140365        0.12696     -0.0236013       0.029437       0.117296       0.042423       0.114973      0.0271224      0.0027207      0.0169353       0.016829
       0.129198    -0.00381861       0.128187     -0.0162701      0.0294395       0.175362    -0.00646177       0.145574      0.0274341     0.00636564      0.0167227      0.0174723
       0.131216       -0.00772       0.129413     -0.0126045      0.0294406      0.0888483      0.0138326      0.0283799      0.0147513     0.00597476      0.0182214       0.017592
       0.130363    -0.00344521        0.13064     -0.0089389      0.0294396      0.0879831      -0.032244      0.0517356      0.0129106     0.00592564      0.0169621       0.027072
       0.133483      0.0101671       0.131867    -0.00160772      0.0294399       0.175069      0.0330068       0.155373      0.0152679     0.00591766      0.0371814      0.0370865
       0.131604      0.0114894       0.131867     0.00205788    0.000294399      0.0888453    -0.00990176       0.120871      0.0285622      0.0146409      0.0369911      0.0268598
       0.130371      0.0122226       0.131867     0.00572348    2.94399e-06      0.0879831      -0.020342      0.0651881      0.0333723      0.0159211      0.0167294      0.0157266
       0.129858       0.012632       0.131867     0.00816721    2.94399e-08      0.0589429     -0.0271651      0.0508509      0.0379981     0.00634097      0.0147238      0.0143619
       0.129597      0.0243049       0.131867      0.0142765    2.94399e-10       0.145747     -0.0316831       0.126792      0.0394073     0.00381492      0.0139999     0.00632048
       0.128964       0.023566       0.131867      0.0179421    2.94399e-12      0.0885521     -0.0476272      0.0372117      0.0388572     0.00382923    -0.00135874      0.0179906
       0.127096      0.0252234        0.13064      0.0203859     -0.0291455      0.0589486      -0.038733      0.0693053      0.0338599    -0.00207354      0.0373368       0.042542
       0.125718      0.0271099       0.129413      0.0228296     -0.0294366      0.0586526     -0.0463348      0.0530237      0.0335393      0.0136223      0.0477481      0.0456643
       0.121101      0.0335035        0.12696       0.027717     -0.0585858       0.116712     -0.0798975      0.0540031      0.0280714      0.0214189      0.0435796      0.0490642
        0.12074      0.0294067       0.124507      0.0289389     -0.0588774      0.0301987     -0.0315188      -0.018971      0.0191692      0.0193717      0.0545487      0.0578585
       0.118652      0.0337683        0.12328      0.0313826     -0.0297341       0.058365      -0.058504      0.0376421      0.0154365      0.0204943      0.0611687      0.0600233
         0.1155      0.0355898       0.120827      0.0338264     -0.0585888      0.0586468     -0.0624772     0.00284698      0.0160602      0.0252929      0.0588775      0.0661159
        0.11339      0.0408624       0.118373       0.037492     -0.0588766      0.0876811     -0.0554485      0.0383898      0.0171274      0.0257754      0.0733547      0.0752602
        0.11057      0.0389006        0.11592      0.0387138     -0.0588802      0.0299083     -0.0691944    -0.00765597      0.0163842      0.0310545      0.0771651      0.0777988
       0.111425      0.0394037       0.114693      0.0399357     -0.0297342      0.0293307     -0.0392641    -0.00881369     0.00959382      0.0338585      0.0784321      0.0714622
       0.110354      0.0389273       0.113467      0.0411576     -0.0294436      0.0293244     -0.0456293     -0.0509595     0.00690076       0.034206      0.0644932      0.0696483
       0.110116      0.0437025        0.11224      0.0436013     -0.0294398      0.0583564     -0.0177423    -0.00291498     0.00607607      0.0305002      0.0748024      0.0750046
       0.107855      0.0412022       0.111013      0.0436013     -0.0294396    0.000583564     -0.0481754     -0.0355455      0.0106201      0.0303099      0.0752063      0.0711789
       0.106967      0.0432803       0.109787      0.0448232     -0.0294406      0.0290374        -0.0279     -0.0264439      0.0145212      0.0332961      0.0671511      0.0622783
       0.108048      0.0444785       0.109787       0.046045   -0.000294406      0.0293219     -0.0257463     -0.0324446      0.0228473      0.0299703      0.0574055      0.0570164
       0.105576      0.0436662        0.10856       0.046045     -0.0291483    0.000293219     -0.0351016     -0.0312762      0.0246866       0.024673      0.0566273      0.0518632
       0.103313      0.0459171       0.107333      0.0472669     -0.0294368      0.0290345      -0.057312     -0.0287481      0.0258643      0.0240081      0.0470996       0.046989
       0.105216       0.044012       0.107333      0.0472669   -0.000294368    0.000290345     -0.0258258     -0.0562258      0.0244395      0.0199852      0.0468788      0.0558805
        0.10287      0.0450896       0.106107      0.0472669      -0.029149    2.90345e-06     -0.0414803     -0.0193841      0.0241291       0.017809      0.0648823      0.0603585
       0.104531      0.0482569       0.106107      0.0484888    -0.00029149      0.0290316     -0.0184338     -0.0028861      0.0241819      0.0235665      0.0558343      0.0447412
       0.101893      0.0469726        0.10488      0.0484888     -0.0291483    0.000290316      -0.040779     -0.0226303      0.0219781       0.023818      0.0336475      0.0219741
       0.100138      0.0460315       0.103653      0.0484888     -0.0294368    2.90316e-06     -0.0490938     -0.0459336      0.0164524      0.0119388      0.0103002      0.0117598
       0.102545      0.0498567       0.103653      0.0497106   -0.000294368      0.0290316    -0.00955678   -0.000242992      0.0129685    0.000178444      0.0132198      0.0148206
       0.102301      0.0480162       0.103653      0.0497106   -2.94368e-06    0.000290316     -0.0269694      -0.036517       0.014811     0.00060581      0.0164213      0.0301876
      0.0996063       0.051308       0.102427      0.0509325     -0.0291463      0.0290344     -0.0350598     0.00825671      0.0151759     0.00320755      0.0439539      0.0489049
      0.0981312      0.0529871         0.1012      0.0521544     -0.0294366       0.029322     -0.0351237      0.0110802      0.0200233      0.0170071      0.0538564       0.051506
      0.0955935      0.0516148      0.0999733      0.0521544     -0.0294397     0.00029322     -0.0651208    -0.00146106      0.0252304      0.0229304      0.0491562      0.0359106
       0.092474      0.0500346        0.09752      0.0521544      -0.058586     2.9322e-06     -0.0494617     -0.0402164      0.0258283      0.0208481       0.022665      0.0198112
      0.0947254      0.0498593        0.09752      0.0521544    -0.00058586     2.9322e-08     -0.0416718     -0.0376217      0.0316865     0.00753127      0.0169573      0.0206757
       0.093136      0.0537433      0.0962933      0.0533762      -0.029151      0.0290315     -0.0360326     0.00527639        0.02567     0.00357162       0.024394      0.0244007
      0.0915651      0.0545829      0.0950666      0.0545981     -0.0294377      0.0293218     -0.0496918     -0.0156495      0.0193771     0.00531827      0.0244069      0.0347819
      0.0879866      0.0529961      0.0926133      0.0545981     -0.0585851    0.000293218     -0.0553174      -0.023987     0.00972495     0.00731455      0.0451555      0.0539494
      0.0889671      0.0521796      0.0913866      0.0545981     -0.0297319    2.93218e-06     -0.0225381     -0.0353352     0.00727901      0.0167966      0.0627432      0.0694366
      0.0900666      0.0505803      0.0913866      0.0545981   -0.000297319    2.93218e-08     -0.0291801      -0.065935     0.00563798      0.0262968      0.0761299      0.0875721
      0.0885438      0.0520013        0.09016      0.0545981     -0.0291483    2.93218e-10     -0.0132711     -0.0166937   -0.000876452      0.0327704      0.0990143      0.0874391
       0.086161      0.0481281      0.0889333      0.0533762     -0.0294368     -0.0290315     -0.0422575     -0.0755183     0.00531063      0.0432976      0.0758686      0.0650034
      0.0858589      0.0465719      0.0877067      0.0521544     -0.0294401     -0.0293218    -0.00706179     -0.0725273      0.0106301      0.0402583      0.0541382      0.0420699
      0.0850453      0.0481505        0.08648      0.0521544     -0.0294401   -0.000293218    -0.00639835     -0.0622576      0.0217088      0.0238547      0.0300012      0.0265369
       0.084842       0.049206        0.08648      0.0521544   -0.000294401   -2.93218e-06     -0.0378575     -0.0445709      0.0182523       0.012264      0.0230732      0.0243196
      0.0827452      0.0525867      0.0852533      0.0533762     -0.0291483      0.0290315     -0.0330924     -0.0192461     0.00238571     0.00891386      0.0255656      0.0320725
      0.0850615      0.0532644      0.0852533      0.0533762   -0.000291483    0.000290315     0.00321192      0.0121084     0.00288544     0.00981175      0.0385795      0.0285344
      0.0822843      0.0490036      0.0840267      0.0521544     -0.0291486     -0.0290286     -0.0213284     -0.0501199      0.0104612       0.016322      0.0184884      0.0170016
      0.0840365      0.0500583      0.0840267      0.0521544   -0.000291486   -0.000290286     0.00835469     -0.0306546      0.0145262      0.0130393      0.0155144      0.0170317
      0.0813388      0.0508129         0.0828      0.0521544     -0.0291488   -2.90286e-06     -0.0164161     -0.0184272      0.0158186     0.00699948       0.018549      0.0197592
      0.0822675      0.0511919         0.0828      0.0521544   -0.000291488   -2.90286e-08     -0.0114354     -0.0120826      0.0106539     0.00800179      0.0209689      0.0198159
      0.0803131      0.0510898      0.0815733      0.0521544     -0.0291481   -2.90286e-10     -0.0117161     -0.0163053      0.0038074     0.00953363      0.0186625      0.0182471
      0.0818973      0.0514317      0.0815733      0.0521544   -0.000291481   -2.90286e-12     0.00577384    -0.00734537     0.00299439     0.00921653      0.0178313      0.0138669
      0.0847465       0.054058         0.0828      0.0533762      0.0291423      0.0290315      0.0187634     0.00179829     0.00301299     0.00889753     0.00990248      0.0103493
      0.0849787      0.0532911         0.0828      0.0533762    0.000291423    0.000290315      0.0434767    0.000317495     0.00320551     0.00604831      0.0107961     0.00874662
      0.0831001      0.0556247         0.0828      0.0545981    2.91423e-06      0.0290344    -0.00883435     0.00638449     0.00824056     0.00426279     0.00669718     0.00906515
      0.0861481      0.0546863      0.0840267      0.0545981      0.0291459    0.000290344      0.0286651     0.00277418     0.00444994     0.00335275      0.0114326      0.0107465
      0.0849762      0.0600959      0.0840267      0.0570418    0.000291459      0.0580656      0.0133515      0.0342838       0.008203     0.00451874      0.0100598      0.0101938
      0.0876433      0.0591637      0.0852533      0.0582637      0.0291486      0.0296122      0.0336236    -0.00637869      0.0129618     0.00459622      0.0103283      0.0246038
      0.0854029      0.0615257      0.0852533      0.0594855    0.000291486      0.0293277     -0.0056097      0.0372807      0.0151264     0.00477623      0.0388789      0.0367045
      0.0852418      0.0615013      0.0852533      0.0607074    2.91486e-06      0.0293248     0.00240471    -0.00196265      0.0131631      0.0179626      0.0345316      0.0381451
      0.0880665       0.061886        0.08648      0.0619293      0.0291454      0.0293248      0.0189477     -0.0101816      0.0141499      0.0226849      0.0417581      0.0485406
      0.0868747      0.0631553        0.08648      0.0631511    0.000291454      0.0293248     0.00617072    -0.00358511      0.0156136      0.0229282      0.0553231      0.0584216
      0.0893834      0.0638196      0.0877067       0.064373      0.0291486      0.0293248      0.0191491     -0.0160542      0.0155798      0.0292544      0.0615196      0.0650206
      0.0880553      0.0619688      0.0877067       0.064373    0.000291486    0.000293248     0.00265287     -0.0343689      0.0135753      0.0329748       0.068521      0.0681634
       0.087816      0.0634291      0.0877067      0.0655949    2.91486e-06      0.0290346     0.00109931     -0.0426273      0.0114227       0.035957      0.0678062      0.0731964
      0.0873167      0.0658937      0.0877067      0.0668167    2.91486e-08      0.0293219     -0.0105662    -0.00883815       0.010298      0.0371679      0.0785866      0.0723658
      0.0903034       0.064093      0.0889333      0.0668167      0.0291457    0.000293219       0.016234     -0.0420633      0.0101988      0.0410437      0.0661449      0.0597806
      0.0887792      0.0630495      0.0889333      0.0668167    0.000291457    2.93219e-06    -0.00460024     -0.0608153      0.0142709      0.0369674      0.0534163      0.0537004
      0.0911931      0.0604862        0.09016      0.0655949      0.0291483     -0.0290315      0.0123079     -0.0686599      0.0193517      0.0298539      0.0539846       0.054038
       0.089387       0.062915        0.09016      0.0655949    0.000291483   -0.000290315     -0.0137847     -0.0283203      0.0240338      0.0293034      0.0540919       0.044282
      0.0892594      0.0627771        0.09016      0.0655949    2.91483e-06   -2.90315e-06    -0.00808011     -0.0465833      0.0257177      0.0296962       0.034472      0.0315094
       0.085335      0.0605172      0.0889333       0.064373     -0.0291453     -0.0290317     -0.0548921     -0.0492174      0.0270846      0.0242641      0.0285478      0.0243177
       0.085895      0.0611447      0.0889333       0.064373   -0.000291453   -0.000290317     -0.0490336     -0.0559341      0.0253172      0.0179012      0.0200877      0.0281682
      0.0873615      0.0598551      0.0889333      0.0631511   -2.91453e-06     -0.0290344     -0.0123132     -0.0337335      0.0248415      0.0141276      0.0362496      0.0352082
      0.0868576      0.0611655      0.0889333      0.0631511   -2.91453e-08   -0.000290344     -0.0331719     -0.0274437      0.0337046      0.0204209      0.0341659      0.0319209
      0.0839504      0.0615788      0.0877067      0.0631511     -0.0291457   -2.90344e-06     -0.0472586     -0.0205011      0.0334898      0.0212493      0.0296755      0.0252113
      0.0799651      0.0583172      0.0852533      0.0619293     -0.0585825     -0.0290316     -0.0600973     -0.0528357      0.0326272      0.0192326      0.0207477      0.0220871
       0.078455      0.0605824      0.0840267      0.0619293     -0.0297315   -0.000290316     -0.0881107     -0.0103312      0.0298081      0.0150111       0.023427      0.0163898
      0.0757578      0.0568432      0.0815733      0.0607074     -0.0585884     -0.0290344      -0.066547     -0.0644141      0.0179354      0.0139372     0.00935268      0.0170946
      0.0768952      0.0595959      0.0803467      0.0607074     -0.0297318   -0.000290344     -0.0352738    -0.00258321      0.0217974     0.00896715      0.0248384      0.0202451
      0.0731007      0.0562819      0.0778933      0.0594855     -0.0585884     -0.0290344     -0.0586589     -0.0496642       0.022568      0.0141294      0.0156507      0.0189576
      0.0700934      0.0568524        0.07544      0.0594855     -0.0588773   -0.000290344     -0.0701776     -0.0430746      0.0148248      0.0122868      0.0222645      0.0327692
      0.0712494      0.0579509      0.0742133      0.0594855     -0.0297341   -2.90344e-06     -0.0334272     -0.0147529     0.00547418      0.0116587      0.0432739      0.0451035
      0.0734871      0.0543661      0.0742133      0.0582637   -0.000297341     -0.0290316     -0.0123673     -0.0556067      0.0018147      0.0200649      0.0469322      0.0503311
      0.0687408      0.0557899        0.07176      0.0582637     -0.0582946   -0.000290316     -0.0317829     -0.0282464    0.000983213       0.025802      0.0537291      0.0492644
      0.0714227      0.0525429        0.07176      0.0570418   -0.000582946     -0.0290344    -0.00121925     -0.0648831     0.00284777      0.0279702      0.0447993      0.0441899
      0.0690777      0.0540733      0.0705333      0.0570418      -0.029151   -0.000290344     -0.0164338     -0.0393209     0.00413129      0.0250084       0.043581      0.0406818
      0.0674374      0.0547413      0.0693067      0.0570418     -0.0294374   -2.90344e-06     -0.0217653     -0.0319714     0.00429306      0.0238385      0.0377831      0.0338774
      0.0689769      0.0545784      0.0693067      0.0570418   -0.000294374   -2.90344e-08    -0.00380158     -0.0400051     0.00451479      0.0212408      0.0299726      0.0314078
      0.0694825      0.0549587      0.0693067      0.0570418   -2.94374e-06   -2.90344e-10     0.00342957     -0.0292496     0.00513337      0.0174408      0.0328431      0.0338297
      0.0698892      0.0583443      0.0693067      0.0582637   -2.94374e-08      0.0290315      0.0117529   -0.000338516     0.00629089      0.0164878      0.0348163      0.0326123
      0.0698248      0.0533535      0.0693067      0.0570418   -2.94374e-10     -0.0287412      0.0072282     -0.0584671      0.0073472      0.0179276      0.0304089      0.0368872
      0.0702533      0.0547672      0.0693067      0.0570418   -2.94374e-12   -0.000287412      0.0170559     -0.0266495     0.00582514      0.0173099       0.043366      0.0438862
       0.072714      0.0541851      0.0705333      0.0570418      0.0291459   -2.87412e-06      0.0206785       -0.04814     0.00286469      0.0221226      0.0444059      0.0511837
      0.0729512       0.053745      0.0705333      0.0570418    0.000291459   -2.87412e-08      0.0449235     -0.0500084     -0.0023252      0.0251824      0.0579615      0.0669737
      0.0754471      0.0515812        0.07176      0.0558199      0.0291481     -0.0290315      0.0459109     -0.0471396    -0.00318077      0.0289764      0.0759859      0.0724616
      0.0739893       0.052097        0.07176      0.0558199    0.000291481   -0.000290315      0.0265775      -0.054363    -0.00740447      0.0378775      0.0689383      0.0649357
      0.0794487      0.0472205      0.0742133      0.0533762      0.0582945     -0.0580656      0.0626119     -0.0721027     -0.0155243      0.0381229      0.0609336      0.0474977
      0.0807184      0.0463851        0.07544      0.0521544      0.0297283     -0.0296122       0.076022     -0.0833241     -0.0155123      0.0329504      0.0340619       0.028533
      0.0803999      0.0486482      0.0766667      0.0521544       0.029443   -0.000296122       0.036788      -0.050807    -0.00813403      0.0199443      0.0230045      0.0219069
      0.0817857       0.048224      0.0778933      0.0509325      0.0294401     -0.0290346      0.0560705     -0.0231088    -0.00692704       0.013798      0.0208087     0.00891876
      0.0876822      0.0467618      0.0815733      0.0497106      0.0877313     -0.0293219      0.0671558      -0.040632     0.00109563       0.012168    -0.00297133    -0.00982404
       0.086903       0.046246         0.0828      0.0484888      0.0300225     -0.0293247      0.0608923     -0.0239355     0.00965021     0.00104986     -0.0166767     -0.0242209
      0.0872084      0.0466617      0.0840267      0.0484888      0.0294461   -0.000293247      0.0431407     -0.0435602      0.0187379    -0.00664057     -0.0317651     -0.0155335
      0.0926115      0.0465797      0.0877067      0.0472669      0.0877312     -0.0290345      0.0444959      0.0121372      0.0169961     -0.0131509    0.000697136    -0.00147039
      0.0917757      0.0446931      0.0889333       0.046045       0.030023      -0.029322       0.034168     -0.0155357     0.00781093    0.000859606     -0.0036381    -0.00596145
      0.0954836      0.0427726      0.0913866      0.0448232      0.0585909     -0.0293247      0.0489736     -0.0255686     0.00942669     0.00216233     -0.0082848    -0.00866119
      0.0950222      0.0411946      0.0926133      0.0436013       0.029732     -0.0293248      0.0262937     -0.0319908      0.0134921    -0.00155808     -0.0090377    -0.00539488
       0.101738      0.0422549      0.0962933      0.0436013      0.0877343   -0.000293248      0.0656074     -0.0244743      0.0159873    -0.00275232     -0.0017522     0.00960112
      0.0998832      0.0416778        0.09752      0.0436013      0.0300225   -2.93248e-06      0.0266938     -0.0461613      0.0185319   -3.70744e-06      0.0209541      0.0278983
       0.101791      0.0447431      0.0987466      0.0448232      0.0294456      0.0290315      0.0351901     0.00814632      0.0186221      0.0113909      0.0348425      0.0380788
       0.103067      0.0427931      0.0999733      0.0436013      0.0294407     -0.0287412      0.0430342   -0.000121403      0.0168973      0.0187886      0.0413151      0.0343695
       0.105726      0.0418533       0.102427      0.0436013      0.0585849   -0.000287412      0.0269319     -0.0315856        0.01491      0.0216378      0.0274229      0.0254321
       0.106665      0.0422288       0.103653      0.0436013      0.0297321   -2.87412e-06      0.0436494     -0.0157989     0.00999079      0.0185513      0.0234413      0.0181341
       0.109627      0.0420044       0.106107      0.0436013       0.058588   -2.87412e-08      0.0313001     -0.0283051      0.0108042      0.0135324      0.0128264      0.0137691
       0.109882      0.0426508       0.107333      0.0436013      0.0297319   -2.87412e-10      0.0331794     -0.0104998     0.00998745     0.00900184      0.0147119      0.0130057
       0.110767      0.0430379        0.10856      0.0436013      0.0294427   -2.87412e-12      0.0274168    -0.00669547      0.0153413     0.00868272      0.0113006     0.00811005
       0.111495      0.0426707       0.109787      0.0436013      0.0294398   -2.87412e-14      0.0177781     -0.0180358      0.0181654     0.00806307     0.00491953     0.00725317
       0.112775      0.0427936       0.111013      0.0436013      0.0294406   -2.87412e-16       0.021422     -0.0120876      0.0181057      0.0052775     0.00958633      0.0128484
       0.110785      0.0425237       0.111013      0.0436013    0.000294406   -2.87412e-18    -0.00771265      -0.018688      0.0178895     0.00478255      0.0161104      0.0223818
       0.113681      0.0427466        0.11224      0.0436013      0.0291481   -2.87412e-20      0.0191567    -0.00855901      0.0154724     0.00793623      0.0286531      0.0298152
       0.115343      0.0426855       0.113467      0.0436013      0.0294368   -2.87412e-22      0.0207135     -0.0108695      0.0140271      0.0151602      0.0309772      0.0279937
       0.113924      0.0416811       0.113467      0.0436013    0.000294368   -2.87412e-24     0.00547196     -0.0348171      0.0110801      0.0166881      0.0250096      0.0292869
       0.112974      0.0420298       0.113467      0.0436013    2.94368e-06   -2.87412e-26     -0.0140226     -0.0191359     0.00892911       0.014565      0.0335646      0.0334425
       0.113519      0.0427704       0.113467      0.0436013    2.94368e-08   -2.87412e-28     0.00585667     -0.0046648     0.00672696       0.017046      0.0333204      0.0244355
       0.113594      0.0390382       0.113467      0.0423794    2.94368e-10     -0.0290316     0.00362803      -0.051037     0.00901101      0.0190012      0.0155501      0.0144658
       0.113035      0.0404827       0.113467      0.0423794    2.94368e-12   -0.000290316    -0.00992867     -0.0263872      0.0116188       0.013342       0.013381      0.0137367
       0.112646      0.0389901       0.113467      0.0411576    2.94368e-14     -0.0290344     -0.0158047     -0.0197297      0.0101647     0.00874828       0.014092     0.00687408
       0.109954      0.0402917        0.11224      0.0411576     -0.0291454   -0.000290344     -0.0263331     -0.0129727      0.0102772     0.00887703   -0.000343782    -0.00518695
       0.111374      0.0376113        0.11224      0.0399357   -0.000291453      -0.029034    -0.00730329     -0.0329121      0.0156344     0.00340592     -0.0100303    -0.00912462
       0.108563      0.0397776       0.111013      0.0399357     -0.0291481    -0.00029034     -0.0302874     0.00321509      0.0186801    -0.00240697    -0.00821886     -0.0108587
       0.109542      0.0398893       0.111013      0.0399357   -0.000291481    -2.9034e-06     -0.0227808    -0.00522797      0.0181908    -0.00342108     -0.0134984     -0.0100573
       0.107594      0.0396758       0.109787      0.0399357     -0.0291492    -2.9034e-08     -0.0230857    -0.00765517      0.0145607    -0.00364639    -0.00661562     0.00178719
         0.1087      0.0402871       0.109787      0.0399357   -0.000291492    -2.9034e-10     -0.0185978      0.0111267      0.0125526    -0.00207735        0.01019      0.0109925
       0.106489      0.0362938        0.10856      0.0387138     -0.0291483     -0.0290316     -0.0239207     -0.0373921     0.00855753     0.00598918       0.011795      0.0185909
       0.108063      0.0376831        0.10856      0.0387138   -0.000291483   -0.000290316    -0.00500239    -0.00830634     0.00800881      0.0078566      0.0253868      0.0252652
       0.108484      0.0380329        0.10856      0.0387138   -2.91483e-06   -2.90316e-06   -0.000697988    -0.00661957     0.00809905      0.0133378      0.0251436      0.0203552
       0.108393      0.0373244        0.10856      0.0387138   -2.91483e-08   -2.90316e-08    -0.00453071     -0.0255198     0.00825426      0.0161012      0.0155663      0.0166411
       0.108177      0.0376367        0.10856      0.0387138   -2.91483e-10   -2.90316e-10    -0.00827657     -0.0136353     0.00821159      0.0128879      0.0177169      0.0170379
       0.108152      0.0380329        0.10856      0.0387138   -2.91483e-12   -2.90316e-12    -0.00563792    -0.00744202     0.00858495      0.0110452      0.0163589      0.0128965
       0.108304      0.0380619        0.10856      0.0387138   -2.91483e-14   -2.90316e-14    6.72936e-05    -0.00975786      0.0139433      0.0109939     0.00943422     0.00653172
       0.108152      0.0379967        0.10856      0.0387138   -2.91483e-16   -2.90316e-16    -0.00422702     -0.0125032      0.0183682     0.00849472     0.00362921     0.00376463
       0.108221      0.0380628        0.10856      0.0387138   -2.91483e-18   -2.90316e-18    -0.00275149     -0.0109532      0.0182916     0.00513004     0.00390053     0.00637722
        0.10708      0.0382948        0.10856      0.0387138   -2.91483e-20   -2.90316e-20     -0.0335693    -0.00510144      0.0146527     0.00489901     0.00885344      0.0101047
       0.111211      0.0412782       0.109787      0.0399357      0.0291454      0.0290316      0.0248573      0.0160218     0.00879786      0.0062245      0.0113559      0.0112967
       0.110646      0.0397443       0.109787      0.0399357    0.000291453    0.000290316      0.0171749    -0.00612628       0.013606     0.00830029      0.0112371      0.0132551
        0.10944      0.0390262       0.109787      0.0399357    2.91453e-06    2.90316e-06     -0.0118699     -0.0162661      0.0143848     0.00844144      0.0152736      0.0199995
       0.109286      0.0388337       0.109787      0.0399357    2.91453e-08    2.90316e-08     -0.0099324     -0.0159346     0.00702712       0.010268      0.0247254      0.0285316
       0.113345      0.0421572       0.111013      0.0411576      0.0291462      0.0290311      0.0375358      0.0163131     0.00518796      0.0151132      0.0323377      0.0284595
        0.11419      0.0367107        0.11224      0.0399357      0.0294366     -0.0287408      0.0139813     -0.0532829     0.00794551      0.0190464      0.0245819      0.0303044
       0.112712      0.0374912        0.11224      0.0399357    0.000294366   -0.000287408      0.0058378      -0.034113     0.00669978      0.0182917      0.0360274      0.0413194
       0.115543      0.0384762       0.113467      0.0399357      0.0291483   -2.87408e-06      0.0287412     -0.0129892     0.00798473       0.020826      0.0466118      0.0422664
       0.114239      0.0352194       0.113467      0.0387138    0.000291483     -0.0290316      0.0125738     -0.0471945      0.0125867       0.026479        0.03792      0.0335236
        0.11316      0.0339335       0.113467       0.037492    2.91483e-06     -0.0293218    -0.00968575     -0.0412007      0.0131663      0.0236462      0.0291271      0.0194197
       0.113042      0.0324344       0.113467      0.0362701    2.91483e-08     -0.0293247    -0.00689335     -0.0537196     0.00980184      0.0182589      0.0097127     0.00558615
       0.113093      0.0313735       0.113467      0.0350482    2.91483e-10     -0.0293249    -0.00547152     -0.0501521      0.0098767     0.00876032      0.0014596     0.00257063
        0.11569      0.0310559       0.114693      0.0338264      0.0291462     -0.0293248      0.0075983     -0.0303778      0.0120857     0.00212978     0.00368166     0.00170898
       0.114396      0.0330718       0.114693      0.0338264    0.000291462   -0.000293248    -0.00461123    -0.00867078      0.0147036      0.0026307   -0.000264417    -0.00255336
       0.113496      0.0307658       0.114693      0.0326045    2.91462e-06     -0.0290345     -0.0203478     -0.0216788      0.0191505     0.00199877    -0.00484237     -0.0068371
       0.114281       0.029495       0.114693      0.0313826    2.91462e-08      -0.029322     0.00522856     -0.0201796      0.0221162   -0.000109804    -0.00883185     -0.0120524
       0.113641      0.0274288       0.114693      0.0301608    2.91462e-10     -0.0293247     -0.0187336     -0.0423956      0.0264896    -0.00233937     -0.0152729    -0.00776563
       0.113041      0.0267947       0.114693      0.0289389    2.91462e-12     -0.0293248      -0.030526     -0.0207027      0.0227248    -0.00510861   -0.000257984      0.0027976
       0.113644      0.0285971       0.114693      0.0289389    2.91462e-14   -0.000293248     -0.0135127    -0.00120832       0.015251    -0.00207962      0.0058527     0.00553226
       0.114726      0.0259571       0.114693       0.027717    2.91462e-16     -0.0290345     0.00896369     -0.0195791      0.0155831     0.00396024     0.00521231       0.002882
       0.101254      0.0280957       0.107333       0.027717      -0.174874   -0.000290345      0.0289678     0.00937783      0.0178654      0.0039358    0.000551701    -0.00144855
       0.118447      0.0262263       0.114693       0.027717       0.173125   -2.90345e-06       0.037532     -0.0340412      0.0117399     0.00201725    -0.00344878     0.00230122
       0.116407      0.0275343       0.114693       0.027717     0.00173125   -2.90345e-08      0.0199322     0.00938221     0.00508568   -9.96709e-05     0.00805092     0.00506258
       0.119244       0.027398        0.11592       0.027717      0.0291627   -2.90345e-10      0.0497579    -0.00920701     0.00234494     0.00224398     0.00207329     0.00322151
       0.120303      0.0295108       0.117147      0.0289389      0.0294368      0.0290316      0.0348539    -0.00275482     0.00230906     0.00256132     0.00436974      0.0134549
       0.121668       0.028819       0.118373      0.0289389      0.0294406    0.000290316      0.0407621     0.00150726     -0.0024735     0.00263678      0.0225396      0.0261068
       0.123228      0.0282833         0.1196      0.0289389      0.0294398    2.90316e-06      0.0475636     -0.0086351    -0.00351491      0.0108632      0.0296741      0.0301237
       0.124304      0.0270609       0.120827      0.0289389      0.0294397    2.90316e-08      0.0429435     -0.0338204    -0.00224164      0.0154383      0.0305734      0.0370936
       0.124955      0.0276383       0.122053      0.0289389      0.0294406    2.90316e-10      0.0315631     -0.0104808   -0.000895287      0.0155141      0.0436144      0.0397034
       0.126261      0.0282025        0.12328      0.0289389      0.0294396    2.90316e-12      0.0397841    -0.00314107     0.00121841      0.0194944      0.0357919      0.0224118
       0.123986      0.0270268        0.12328      0.0289389    0.000294396    2.90316e-14     0.00664986     -0.0385227     0.00747702       0.020605     0.00903034     0.00836325
       0.125716      0.0279699       0.124507      0.0289389      0.0291483    2.90316e-16      0.0100023    -0.00960002      0.0135039     0.00588893     0.00769615     0.00418568
        0.12522      0.0312978       0.124507      0.0301608    0.000291483      0.0290315      0.0206199      0.0105911      0.0170288     0.00344478    0.000675678   -0.000180103
       0.126343      0.0302292       0.125733      0.0301608       0.029149    0.000290315    -0.00611856     -0.0016827      0.0225218     0.00174915    -0.00103544    0.000527382
       0.125106      0.0300721       0.125733      0.0301608     0.00029149    2.90315e-06    -0.00928503    -0.00147073       0.016139    0.000693905     0.00208998     0.00373888
       0.124627      0.0301481       0.125733      0.0301608     2.9149e-06    2.90315e-08     -0.0185995     0.00122293       0.014165    0.000873792     0.00538778      0.0050745
       0.121767      0.0287094       0.124507      0.0301608      -0.029146    2.90315e-10     -0.0327703     -0.0336939      0.0157978     0.00226067     0.00476122       0.018434
       0.122468      0.0295742       0.124507      0.0301608    -0.00029146    2.90315e-12     -0.0313558     0.00131907      0.0199498     0.00289451      0.0321078      0.0342121
        0.12038      0.0294568        0.12328      0.0301608     -0.0291483    2.90315e-14     -0.0310393    -0.00736352      0.0203998      0.0156002      0.0363169      0.0332074
       0.121924      0.0286395        0.12328      0.0301608   -0.000291483    2.90315e-16     -0.0151569     -0.0247494      0.0225391      0.0192528      0.0300975      0.0290084
       0.118651      0.0258793       0.122053      0.0289389     -0.0291481     -0.0290315     -0.0520826     -0.0372138      0.0213306      0.0176576      0.0279193      0.0233312
       0.117381      0.0269809       0.120827      0.0289389     -0.0294377   -0.000290315     -0.0446071     -0.0292677      0.0136266      0.0149394      0.0187435      0.0168085
       0.119683      0.0275975       0.120827      0.0289389   -0.000294377   -2.90315e-06     -0.0113748     -0.0188299      0.0108822      0.0104828      0.0148735      0.0135112
        0.11754      0.0274172         0.1196      0.0289389     -0.0291483   -2.90315e-08     -0.0221166     -0.0271636      0.0132004     0.00837194      0.0121484      0.0172429
       0.112729       0.025238       0.117147       0.027717     -0.0585831     -0.0290316     -0.0564444     -0.0260196       0.013156     0.00721418      0.0223365      0.0211048
       0.112809      0.0261723        0.11592       0.027717      -0.029731   -0.000290316      -0.037742     -0.0232601     0.00855586      0.0108282      0.0198727      0.0202641
       0.114849      0.0233607        0.11592      0.0264952    -0.00029731     -0.0290345     -0.0159569     -0.0419464     0.00622759      0.0111475      0.0206556        0.02215
       0.112707      0.0214285       0.114693      0.0252733     -0.0291483     -0.0293214     -0.0231621     -0.0528574     0.00522373      0.0107467      0.0236444      0.0280886
       0.111307      0.0232039       0.113467      0.0252733     -0.0294377   -0.000293214     -0.0237681     -0.0259621      0.0057163      0.0110941      0.0325332      0.0338578
       0.112603      0.0207903       0.113467      0.0240515   -0.000294377     -0.0290345     -0.0127705     -0.0402868     0.00814853      0.0160744       0.035183      0.0328918
       0.113004      0.0186354       0.113467      0.0228296   -2.94377e-06     -0.0293219    -0.00617294     -0.0586424     0.00835142      0.0178416      0.0306001      0.0317473
        0.11303      0.0210206       0.113467      0.0228296   -2.94377e-08   -0.000293219     -0.0066716      -0.016978     0.00975058      0.0164692      0.0328941      0.0255857
       0.115467      0.0179261       0.114693      0.0216077      0.0291462     -0.0290345     0.00260823     -0.0553942       0.011097      0.0164571      0.0182776      0.0184889
       0.114472      0.0172938       0.114693      0.0203859    0.000291462     -0.0293219    -0.00128385     -0.0319218      0.0125288      0.0126444      0.0187001        0.01195
       0.116823      0.0188822        0.11592      0.0203859      0.0291483   -0.000293219     0.00860173     -0.0232622      0.0171071      0.0094292     0.00520039     0.00242186
       0.114899      0.0167807        0.11592       0.019164    0.000291483     -0.0290345     -0.0193249     -0.0290667      0.0205651     0.00431012   -0.000356703    -0.00267431
       0.114766      0.0184843        0.11592       0.019164    2.91483e-06   -0.000290345     -0.0132305    -0.00853612      0.0207526    0.000972021     -0.0049919    -0.00635681
       0.114427      0.0157079        0.11592      0.0179421    2.91483e-08     -0.0290345     -0.0227521     -0.0323474      0.0234183    -0.00104476    -0.00772166    -0.00311884
       0.111679      0.0173924       0.114693      0.0179421     -0.0291454   -0.000290345     -0.0366677    -0.00461178       0.023178    -0.00236179     0.00148439     0.00412703
       0.113294      0.0173179       0.114693      0.0179421   -0.000291453   -2.90345e-06      -0.016158     -0.0124753      0.0218282   -0.000584495     0.00676966       0.013041
       0.113723      0.0175748       0.114693      0.0179421   -2.91453e-06   -2.90345e-08      -0.015354    -0.00149712      0.0178193     0.00314199      0.0193124      0.0204377
        0.11316      0.0167827       0.114693      0.0179421   -2.91453e-08   -2.90345e-10      -0.032543     -0.0214972     0.00935886      0.0097668      0.0215626      0.0263486
       0.111908      0.0194645       0.113467       0.019164     -0.0291462      0.0290316    -0.00605805    0.000625814     0.00480089      0.0114132      0.0311346      0.0349874
       0.112808      0.0179726       0.113467       0.019164   -0.000291462    0.000290316     -0.0113087     -0.0188628      0.0121521      0.0155407      0.0388403      0.0416327
       0.113751      0.0177406       0.113467       0.019164   -2.91462e-06    2.90316e-06      0.0110879     -0.0166041      0.0103982      0.0196477      0.0444245      0.0414424
       0.112933      0.0174923       0.113467       0.019164   -2.91462e-08    2.90316e-08     -0.0179426     -0.0232871     0.00785897      0.0226585      0.0384593       0.032784
       0.113259      0.0170866       0.113467       0.019164   -2.91462e-10    2.90316e-10    -0.00301875     -0.0336197     0.00113306      0.0220674      0.0271082      0.0256329
         0.1135      0.0179365       0.113467       0.019164   -2.91462e-12    2.90316e-12     0.00109994     -0.0122563      0.0013443      0.0153793       0.024157      0.0173421
       0.115863      0.0179942       0.114693       0.019164      0.0291462    2.90316e-14     0.00930241     -0.0195309     0.00719926      0.0133257      0.0105267     0.00722313
       0.117517      0.0158541        0.11592      0.0179421      0.0294368     -0.0290316      0.0202644     -0.0216916      0.0118812     0.00725542      0.0039196    -0.00287951
       0.114928      0.0175027        0.11592      0.0179421    0.000294368   -0.000290316     -0.0215338    -0.00491354      0.0185491     0.00338339     -0.0096785       -0.01547
       0.117524        0.01839       0.117147      0.0179421      0.0291481   -2.90316e-06     0.00590588     0.00754529      0.0224963    -0.00187708     -0.0212614     -0.0264243
       0.115994      0.0185213       0.117147      0.0179421    0.000291481   -2.90316e-08     -0.0162832     0.00408102      0.0277987    -0.00817872     -0.0315872     -0.0302646
       0.115372      0.0189228       0.117147      0.0179421    2.91481e-06   -2.90316e-10     -0.0255069      0.0135481      0.0305139     -0.0143616     -0.0289415     -0.0254916
        0.11631      0.0221831       0.117147       0.019164    2.91481e-08      0.0290316    -0.00264051      0.0404509      0.0276932     -0.0140017     -0.0220418     -0.0197654
       0.116017      0.0199225       0.117147       0.019164    2.91481e-10    0.000290316     -0.0219436    0.000410771      0.0223548     -0.0102977     -0.0174892    -0.00490995
       0.113858      0.0199208        0.11592       0.019164     -0.0291452    2.90316e-06     -0.0245218      0.0164727     0.00796447     -0.0076182     0.00766945      0.0126762
       0.115595      0.0196829        0.11592       0.019164   -0.000291452    2.90316e-08    -0.00630051      0.0111992    -0.00194183     0.00152217      0.0176835      0.0157723
       0.116324      0.0186384        0.11592       0.019164   -2.91452e-06    2.90316e-10     0.00394708     -0.0112626    -0.00698497      0.0100348      0.0138626      0.0145526
       0.117139      0.0192499        0.11592       0.019164   -2.91452e-08    2.90316e-12       0.021813     0.00957859    -0.00861635     0.00941907      0.0152426     0.00622177
       0.116995      0.0210158        0.11592      0.0203859   -2.91452e-10      0.0290315      0.0145063    -0.00654942     -0.0047796     0.00903879    -0.00279934     0.00138378
       0.116266       0.020531        0.11592      0.0203859   -2.91452e-12    0.000290315   -0.000656256     0.00561933    -0.00416436    0.000753152     0.00556707     0.00544119
       0.119551      0.0240224       0.117147      0.0216077      0.0291452      0.0290345      0.0348354      0.0372557    -0.00349107     0.00273513      0.0053153    -0.00297442
       0.118248        0.02135       0.117147      0.0216077    0.000291452    0.000290345      0.0166626     -0.0179939     0.00205336     0.00512611     -0.0112643    -0.00462225
        0.12068      0.0244873       0.118373      0.0228296      0.0291492      0.0290345      0.0303303      0.0229202     0.00632164    9.86933e-05     0.00202084     0.00567055
       0.121818      0.0265168         0.1196      0.0240515      0.0294368      0.0293219      0.0224869      0.0332794     0.00589011     0.00216435     0.00932026     0.00835514
       0.120699      0.0243303         0.1196      0.0240515    0.000294368    0.000293219      0.0177993   -0.000632965     0.00169895      0.0069096     0.00738955     0.00908804
       0.119513       0.024129         0.1196      0.0240515    2.94368e-06    2.93219e-06    -0.00968381     0.00468133     0.00162074     0.00683187       0.010787     0.00753021
       0.122302      0.0259708       0.120827      0.0252733      0.0291454      0.0290316      0.0162311    -0.00312825    0.000695204     0.00677239     0.00427389       0.010839
       0.120981      0.0280704       0.120827      0.0264952    0.000291454      0.0293214     0.00186359       0.021161     0.00345096     0.00557207      0.0174036      0.0196695
       0.120916      0.0272307       0.120827      0.0264952    2.91454e-06    0.000293214     0.00842621      0.0171094      0.0113989     0.00805091      0.0219355      0.0142698
       0.119897      0.0289961       0.120827       0.027717    2.91454e-08      0.0290345     -0.0175803     0.00925655      0.0185644      0.0127058     0.00660324      0.0034852
       0.122376      0.0274154       0.122053       0.027717      0.0291462    0.000290345    -0.00258744     -0.0090819      0.0152405     0.00638603    0.000367165     0.00210571
       0.120867      0.0304081       0.122053      0.0289389    0.000291462      0.0290345     -0.0224244      0.0178036      0.0135482     0.00231789     0.00384474     0.00489473
       0.121483      0.0316379       0.122053      0.0301608    2.91462e-06      0.0293219    0.000845653      0.0109272      0.0141821     0.00334238     0.00594521      0.0123529
       0.118402      0.0302159       0.120827      0.0301608     -0.0291462    0.000293219       -0.02905     0.00149465      0.0193566     0.00497054      0.0187607      0.0220904
       0.119109      0.0291075       0.120827      0.0301608   -0.000291462    2.93219e-06     -0.0275533     -0.0193282      0.0195614      0.0096054      0.0254207      0.0312829
       0.119678      0.0263994       0.120827      0.0289389   -2.91462e-06     -0.0290315     -0.0175458      -0.025639      0.0104919      0.0152523      0.0371447      0.0337825
       0.120423      0.0272559       0.120827      0.0289389   -2.91462e-08   -0.000290315     -0.0033049     -0.0230047     0.00720081      0.0205519      0.0304213      0.0256901
        0.11705      0.0240867         0.1196       0.027717     -0.0291454     -0.0290345     -0.0387115     -0.0523346     0.00710556      0.0186269      0.0209589      0.0211477
       0.115963      0.0260588       0.118373       0.027717     -0.0294368   -0.000290345     -0.0239366     -0.0182955     0.00634012      0.0132787      0.0213366      0.0174727
       0.116854      0.0233744       0.118373      0.0264952   -0.000294368     -0.0290345     -0.0262567     -0.0438883     0.00796447      0.0114624      0.0136089      0.0136251
       0.114761      0.0251585       0.117147      0.0264952     -0.0291492   -0.000290345     -0.0244448      -0.015227      0.0099518     0.00877272      0.0136414      0.0112557
       0.115942      0.0258722       0.117147      0.0264952   -0.000291492   -2.90345e-06     -0.0160282    -0.00730427       0.014022     0.00808977     0.00887012     0.00518322
       0.116197      0.0259471       0.117147      0.0264952   -2.91492e-06   -2.90345e-08     -0.0134089    -0.00954275      0.0140899     0.00623463     0.00149584    0.000274181
       0.115884      0.0260178       0.117147      0.0264952   -2.91492e-08   -2.90345e-10      -0.022911    -0.00863399      0.0124367     0.00244473   -0.000948157    0.000586033
       0.116151      0.0264398       0.117147      0.0264952   -2.91492e-10   -2.90345e-12     -0.0133812     0.00135923     0.00993965     0.00109266     0.00212002     0.00154591
       0.116703      0.0266721       0.117147      0.0264952   -2.91492e-12   -2.90345e-14     -0.0010922     0.00430981       0.010717     0.00122153    0.000971794    -0.00169198
        0.11657      0.0262608       0.117147      0.0264952   -2.91492e-14   -2.90345e-16    -0.00821941    -0.00736438      0.0137542     0.00149761    -0.00435562    -0.00234106
       0.116701      0.0268947       0.117147      0.0264952   -2.91492e-16   -2.90345e-18    -0.00555776      0.0109923      0.0117415    4.96983e-05   -0.000326483    -0.00385707
       0.116224      0.0263036       0.117147      0.0264952   -2.91492e-18   -2.90345e-20     -0.0205941    -0.00889072      0.0069128    0.000552762    -0.00738737    -0.00385752
       0.117034      0.0260441       0.117147      0.0264952   -2.91492e-20   -2.90345e-22     0.00290301    -0.00932985     0.00184033    -0.00143744   -0.000327348     0.00676918
       0.117237      0.0263112       0.117147      0.0264952   -2.91492e-22   -2.90345e-24     0.00221429    0.000263114     0.00465951    0.000528085      0.0138659      0.0169353
       0.117269      0.0260197       0.117147      0.0264952   -2.91492e-24   -2.90345e-26     0.00279591    -0.00657781     0.00540266     0.00766419      0.0200047      0.0212731
       0.117098      0.0259746       0.117147      0.0264952   -2.91492e-26   -2.90345e-28    -0.00262983    -0.00442801     0.00520513      0.0128349      0.0225415      0.0191488
        0.11735      0.0256457       0.117147      0.0264952   -2.91492e-28   -2.90345e-30     0.00420166      -0.013547     0.00263295      0.0137614      0.0157557      0.0133328
       0.117315      0.0253201       0.117147      0.0264952   -2.91492e-30   -2.90345e-32     0.00103355     -0.0204277     0.00222037      0.0113866        0.01091      0.0127506
       0.116868      0.0254607       0.117147      0.0264952   -2.91492e-32   -2.90345e-34    -0.00887728     -0.0152283     0.00121841     0.00873183      0.0145912      0.0169439
       0.117443      0.0253327       0.117147      0.0264952   -2.91492e-34   -2.90345e-36     0.00999902     -0.0185139     0.00132737     0.00945197      0.0192971      0.0233588
       0.117109      0.0255303       0.117147      0.0264952   -2.91492e-36   -2.90345e-38    -0.00164404     -0.0110167     0.00704763      0.0118083       0.027421      0.0274072
       0.117044      0.0246153       0.117147      0.0264952   -2.91492e-38   -2.90345e-40    0.000126683     -0.0339788     0.00970778      0.0155018      0.0273933       0.034102
       0.116929      0.0253594       0.117147      0.0264952   -2.91491e-40   -2.90349e-42    -0.00382902    -0.00749005     0.00964663      0.0171052      0.0408101       0.036778
       0.116958      0.0252602       0.117147      0.0264952    -2.9147e-42   -2.94273e-44    -0.00300341      -0.016813     0.00739322      0.0226564      0.0327454      0.0262027
       0.116483      0.0252747       0.117147      0.0264952   -2.94273e-44              0     -0.0152779     -0.0168208     0.00585422      0.0205415        0.01966      0.0123172
       0.116896      0.0252032       0.117147      0.0264952              0              0   -0.000230268     -0.0226176     0.00515745      0.0134097     0.00497437     0.00340033
       0.116541      0.0257304       0.117147      0.0264952              0              0     -0.0108088     -0.0108201      0.0097439     0.00574993     0.00182629     0.00148201
       0.116906      0.0260237       0.117147      0.0264952              0              0     0.00262366    -0.00775406      0.0136348     0.00256513     0.00113821     0.00253201
       0.116016      0.0264605       0.117147      0.0264952              0              0     -0.0228605     0.00210406      0.0169756     0.00241803     0.00392628     0.00251579
       0.115748      0.0261672       0.117147      0.0264952              0              0     -0.0224905    -0.00774433      0.0144292     0.00308071     0.00110483     0.00296974
        0.11581      0.0265019       0.117147      0.0264952              0              0     -0.0189088     0.00331197      0.0153548     0.00273095     0.00483465      0.0031662
       0.116116       0.026361       0.117147      0.0264952              0              0    -0.00991819    -0.00325488      0.0202173     0.00358175     0.00149822     0.00111055
       0.116309      0.0259772       0.117147      0.0264952              0              0    -0.00749936     -0.0111801      0.0245415     0.00306641    0.000722408     0.00469112
       0.115543      0.0254231       0.117147      0.0264952              0              0     -0.0298683     -0.0212219       0.024903     0.00233828     0.00865936      0.0189414
       0.116777      0.0256536       0.117147      0.0264952              0              0     0.00329841    -0.00848623      0.0153326     0.00493597      0.0292234      0.0346117
       0.116676      0.0251477       0.117147      0.0264952              0              0     -0.0117192     -0.0199272      0.0135994      0.0151582      0.0399995      0.0432954
       0.115232      0.0244005       0.117147      0.0264952              0              0     -0.0456158     -0.0319419     0.00515208      0.0211733      0.0465913      0.0486689
       0.115477      0.0245725       0.117147      0.0264952              0              0     -0.0243056     -0.0223829     0.00170741      0.0238651      0.0507464      0.0457554
       0.117045      0.0247912       0.117147      0.0264952              0              0      0.0189682     -0.0211259      0.0139963      0.0259677      0.0407643      0.0327001
       0.115896      0.0239507       0.117147      0.0264952              0              0     -0.0178396     -0.0453538       0.035583      0.0240879      0.0246358      0.0263801
       0.115716      0.0240013       0.117147      0.0264952              0              0     -0.0148898     -0.0389532       0.036815      0.0144936      0.0281243      0.0344653
       0.115257      0.0250697       0.117147      0.0264952              0              0     -0.0339181      -0.012895      0.0266398      0.0147289      0.0408063      0.0380092
       0.115483      0.0244901       0.117147      0.0264952              0              0     -0.0294033     -0.0333535      0.0112402       0.021286      0.0352125       0.035707
       0.116332      0.0249234       0.117147      0.0264952              0              0     -0.0119323     -0.0176275     0.00437484      0.0203738       0.036201       0.030838
       0.116429      0.0246889       0.117147      0.0264952              0              0     -0.0128558     -0.0293121     0.00340328      0.0188234      0.0254745      0.0235085
       0.116515      0.0254546       0.117147      0.0264952              0              0    -0.00724792    -0.00963015     0.00758264      0.0156859      0.0215425      0.0143318
       0.115904      0.0255606       0.117147      0.0264952              0              0     -0.0203384     -0.0155229       0.015946      0.0117384     0.00712156     0.00281096
       0.115447      0.0252534       0.117147      0.0264952              0              0     -0.0248629     -0.0245131       0.020306      0.0051484    -0.00150009     0.00292063
       0.115333      0.0256067       0.117147      0.0264952              0              0     -0.0237411     -0.0132935      0.0249612    0.000534403     0.00734138      0.0131693
       0.115292      0.0259102       0.117147      0.0264952              0              0     -0.0240437    -0.00630784      0.0286581     0.00385593      0.0189977      0.0218973
       0.115118      0.0260047       0.117147      0.0264952              0              0     -0.0294782    -0.00360366      0.0289203       0.010407       0.024797       0.022563
        0.11507       0.025462       0.117147      0.0264952              0              0     -0.0316557     -0.0172169       0.025801      0.0142931       0.020329      0.0196815
       0.115398      0.0254382       0.117147      0.0264952              0              0     -0.0252263     -0.0146652      0.0195731      0.0135465      0.0190339      0.0176744
       0.115601      0.0251994       0.117147      0.0264952              0              0      -0.023465     -0.0217296      0.0169792      0.0124665       0.016315      0.0183091
       0.116409      0.0253788       0.117147      0.0264952              0              0    -0.00510286     -0.0151775      0.0153002       0.011266      0.0203028      0.0214105
       0.116022      0.0252583       0.117147      0.0264952              0              0     -0.0214222     -0.0191187      0.0151744       0.011937      0.0225177       0.024364
       0.116151      0.0249984       0.117147      0.0264952              0              0      -0.015287     -0.0233098      0.0100815       0.013119      0.0262103      0.0293655
       0.116221      0.0250398       0.117147      0.0264952              0              0     -0.0147547     -0.0196171     0.00791166      0.0148719      0.0325212       0.033309
       0.116653      0.0248566       0.117147      0.0264952              0              0    -0.00286402     -0.0239448     0.00965175      0.0185902      0.0340967      0.0345063
       0.116444      0.0246997       0.117147      0.0264952              0              0     -0.0107519     -0.0261489      0.0135329      0.0196049      0.0349159      0.0349154
       0.116848      0.0247076       0.117147      0.0264952              0              0    0.000291458     -0.0251972      0.0133334      0.0197889       0.034915      0.0339699
       0.116407      0.0249344       0.117147      0.0264952              0              0     -0.0159412     -0.0203219      0.0114294      0.0198543      0.0330248      0.0289655
       0.116517      0.0248339       0.117147      0.0264952              0              0     -0.0106761     -0.0255863     0.00458441      0.0197397      0.0249062      0.0225573
       0.117026      0.0249477       0.117147      0.0264952              0              0    0.000609367     -0.0231874     0.00181136      0.0168906      0.0202084      0.0194144
        0.11723       0.025712       0.117147      0.0264952              0              0      0.0030045    -0.00646175     0.00369856      0.0129104      0.0186205      0.0128102
       0.116851      0.0252983       0.117147      0.0264952              0              0     -0.0073519     -0.0231357     0.00420973      0.0120782     0.00699949     0.00814962
       0.117446      0.0260783       0.117147      0.0264952              0              0     0.00962556   -0.000955518      0.0035176     0.00674795     0.00929976     0.00563622
       0.116873      0.0260297       0.117147      0.0264952              0              0    -0.00993585    -0.00926488      0.0035927      0.0063368     0.00197268     0.00136852
       0.117125      0.0264133       0.117147      0.0264952              0              0     0.00113755     0.00111132    0.000303005     0.00421797     0.00076437    -0.00184534
       0.117228       0.026433       0.117147      0.0264952              0              0     0.00154381    -0.00235094   -0.000491406     0.00259601    -0.00445501    -0.00502187
       0.117449      0.0261257       0.117147      0.0264952              0              0     0.00735224    -0.00964886     0.00160847    0.000325668     -0.0055887   -0.000705467
       0.117765      0.0264997       0.117147      0.0264952              0              0      0.0125765     0.00264804     0.00243697   -0.000619304     0.00417757     0.00619268
       0.117121      0.0265094       0.117147      0.0264952              0              0    -0.00732327     0.00132014    0.000833248     0.00307678     0.00820732     0.00802755
       0.117446      0.0261074       0.117147      0.0264952              0              0     0.00460548     -0.0073444    -0.00618925     0.00573145     0.00784779     0.00906038
        0.11791      0.0259823       0.117147      0.0264952              0              0       0.013566    -0.00753572    -0.00571695     0.00578879       0.010273      0.0114064
       0.117052      0.0258281       0.117147      0.0264952              0              0     -0.0088856     -0.0105234    -0.00360718     0.00614034      0.0125399      0.0141678
       0.117995       0.025901       0.117147      0.0264952              0              0      0.0226659    -0.00703029    -0.00230458     0.00787483      0.0157962      0.0154786
       0.116618      0.0259257       0.117147      0.0264952              0              0     -0.0182921    -0.00716452     0.00507543     0.00952564       0.015161      0.0129476
       0.116635      0.0261702       0.117147      0.0264952              0              0    -0.00510382    -0.00196027     0.00310836     0.00958072      0.0107336     0.00540495
       0.116691       0.025961       0.117147      0.0264952              0              0      -0.004266     -0.0107057     0.00817559     0.00804256    7.62939e-05     -0.0014043
       0.115757      0.0263435       0.117147      0.0264952              0              0     -0.0255843    -0.00095983       0.012631     0.00257956    -0.00288416    -0.00474357
       0.115586      0.0268546       0.117147      0.0264952              0              0     -0.0218018     0.00752049      0.0142982   -0.000416768    -0.00660297     -0.0104949
       0.115667       0.026761       0.117147      0.0264952              0              0     -0.0182856     0.00112382      0.0189852    -0.00214089     -0.0143867     -0.0146643
       0.115914      0.0266578       0.117147      0.0264952              0              0     -0.0126324   -0.000685302       0.022977    -0.00586547     -0.0149417     -0.0110608
       0.115722       0.026934       0.117147      0.0264952              0              0     -0.0213635     0.00744339      0.0228423    -0.00650371    -0.00717993    -0.00426153
       0.115786      0.0261146       0.117147      0.0264952              0              0     -0.0215687     -0.0125919      0.0151231    -0.00361563    -0.00134316     0.00900507
       0.116896       0.026123       0.117147      0.0264952              0              0     0.00195414    -0.00269742     0.00792858   -0.000152838      0.0193534      0.0257411
       0.116753      0.0250416       0.117147      0.0264952              0              0     -0.0117276     -0.0267383     0.00310168     0.00773786      0.0321288      0.0423784
       0.117924      0.0255559       0.117147      0.0264952              0              0      0.0178058    -0.00236896    -0.00523474      0.0175248      0.0526271       0.048615
       0.117689      0.0238632       0.117147      0.0264952              0              0     0.00191454     -0.0483968    -0.00616338      0.0268799      0.0446033      0.0493822
       0.118068       0.023701       0.117147      0.0264952              0              0      0.0144149     -0.0385268     -0.0107515      0.0246363      0.0541611      0.0564251
       0.117908      0.0236711       0.117147      0.0264952              0              0     0.00804979     -0.0401072     -0.0101841      0.0268881      0.0586896      0.0587125
       0.118129      0.0241212       0.117147      0.0264952              0              0       0.017389     -0.0281788    -0.00848487      0.0301503      0.0587354      0.0513301
       0.118024      0.0245077       0.117147      0.0264952              0              0      0.0140554     -0.0246492    -0.00599661      0.0308088      0.0439239      0.0317125
       0.116721      0.0248374       0.117147      0.0264952              0              0     -0.0161784     -0.0234057    -0.00599661      0.0308088      0.0195017     0.00757885
       0.117672      0.0254741       0.117147      0.0264952              0              0      0.0181296     -0.0156208    -0.00599661      0.0308088     -0.0043449     -0.0127248
       0.116213      0.0251682       0.117147      0.0264952              0              0     -0.0248148     -0.0308841    -0.00599661      0.0308088     -0.0211047     -0.0129602
       0.117122      0.0264492       0.117147      0.0264952              0              0      0.0114508     0.00426461    -0.00599661      0.0308088    -0.00481446   -0.000514227
       0.116944       0.026837       0.117147      0.0264952              0              0    -0.00209163     0.00674237    -0.00599661      0.0308088     0.00378656     0.00526381
       0.116857      0.0256338       0.117147      0.0264952              0              0    -0.00354015     -0.0211432    -0.00599661      0.0308088     0.00674057      0.0171027
       0.116676      0.0260855       0.117147      0.0264952              0              0     -0.0116787     0.00117575    -0.00599661      0.0308088      0.0274649      0.0285974
       0.117214      0.0253487       0.117147      0.0264952              0              0     0.00150526     -0.0195748    -0.00599661      0.0308088      0.0297289      0.0321641
       0.117503      0.0253342       0.117147      0.0264952              0              0     0.00478839     -0.0128379    -0.00599661      0.0308088      0.0345993      0.0314984
       0.117234      0.0252723       0.117147      0.0264952              0              0    -0.00179872        -0.0165    -0.00599661      0.0308088      0.0283976      0.0230942
       0.117453      0.0256703       0.117147      0.0264952              0              0      0.0074634    -0.00834818    -0.00599661      0.0308088      0.0177908     0.00886154
       0.117147      0.0257338       0.117147      0.0264952              0              0   -0.000640089     -0.0133006    -0.00599661      0.0308088   -6.84286e-05    -0.00523996
       0.116715      0.0261619       0.117147      0.0264952              0              0    -0.00795753     -0.0056699    -0.00599661      0.0308088     -0.0104124     -0.0126864
       0.115986      0.0260784       0.117147      0.0264952              0              0     -0.0223177     -0.0120525    -0.00599661      0.0308088     -0.0149607    -0.00877116
       0.117104      0.0252389       0.117147      0.0264952              0              0      0.0117959     -0.0290641    -0.00599661      0.0308088    -0.00258144      0.0163383
       0.116218      0.0261213       0.117147      0.0264952              0              0     -0.0189845     0.00426666    -0.00599661      0.0308088      0.0352583         0.0418
       0.116218       0.025655       0.117147      0.0264952              0              0     -0.0122981    -0.00935329    -0.00599661      0.0308088      0.0483403      0.0481644
       0.117495      0.0234721       0.117147      0.0264952              0              0      0.0152536     -0.0558828    -0.00599661      0.0308088      0.0479884      0.0596132
       0.116438      0.0243349       0.117147      0.0264952              0              0     -0.0229585     -0.0181154    -0.00599661      0.0308088       0.071239      0.0660443
       0.117581      0.0247343       0.117147      0.0264952              0              0       0.012661     -0.0179359    -0.00599661      0.0308088      0.0608497      0.0455108
       0.117146      0.0228951       0.117147      0.0264952              0              0     -0.0086332     -0.0679572    -0.00599661      0.0308088      0.0301704      0.0324006
       0.117618      0.0235167       0.117147      0.0264952              0              0       0.010227     -0.0420398    -0.00599661      0.0308088      0.0346317      0.0381079
       0.117691      0.0246146       0.117147      0.0264952              0              0     0.00974478     -0.0217336    -0.00599661      0.0308088       0.041584      0.0391731
       0.116724      0.0249402       0.117147      0.0264952              0              0     -0.0118836     -0.0196527    -0.00599661      0.0308088      0.0367618      0.0302396
       0.116988      0.0246882       0.117147      0.0264952              0              0     0.00293137     -0.0289337    -0.00599661      0.0308088      0.0237174      0.0207605
       0.116252      0.0252378       0.117147      0.0264952              0              0     -0.0173597     -0.0157607    -0.00599661      0.0308088      0.0178032      0.0130434
       0.115999       0.025563       0.117147      0.0264952              0              0     -0.0165311     -0.0140468    -0.00599661      0.0308088     0.00828314      0.0050025
       0.115757      0.0259271       0.117147      0.0264952              0              0     -0.0207463    -0.00812962    -0.00599661      0.0308088     0.00172186   -0.000615725
       0.115762      0.0256981       0.117147      0.0264952              0              0      -0.017828     -0.0169696    -0.00599661      0.0308088    -0.00295305     0.00168562
       0.116367      0.0251434       0.117147      0.0264952              0              0    -0.00366502     -0.0270349    -0.00599661      0.0308088     0.00632381      0.0198603
       0.115767       0.026127       0.117147      0.0264952              0              0     -0.0253051     0.00470209    -0.00599661      0.0308088      0.0333972      0.0344553
        0.11569      0.0254125       0.117147      0.0264952              0              0     -0.0247963     -0.0174177    -0.00599661      0.0308088      0.0355129       0.035675
       0.115935      0.0252608       0.117147      0.0264952              0              0     -0.0196962     -0.0141998    -0.00599661      0.0308088      0.0358377       0.030674
       0.115656      0.0247474       0.117147      0.0264952              0              0     -0.0257175     -0.0289586    -0.00599661      0.0308088      0.0255103      0.0239921
       0.116513      0.0249936       0.117147      0.0264952              0              0      0.0010268     -0.0206369    -0.00599661      0.0308088      0.0224738      0.0207367
       0.116016      0.0253553       0.117147      0.0264952              0              0     -0.0168842     -0.0153757    -0.00599661      0.0308088      0.0189996      0.0163541
       0.115532       0.025426       0.117147      0.0264952              0              0      -0.025211     -0.0164727    -0.00599661      0.0308088      0.0137081      0.0124903
       0.115547       0.025205       0.117147      0.0264952              0              0     -0.0242946     -0.0225795    -0.00599661      0.0308088      0.0112729      0.0149016
       0.115313      0.0258909       0.117147      0.0264952              0              0      -0.031011    -0.00362958    -0.00599661      0.0308088      0.0185299       0.016407
       0.115291      0.0255557       0.117147      0.0264952              0              0     -0.0282389     -0.0167337    -0.00599661      0.0308088      0.0142841      0.0151348
       0.116383      0.0252478       0.117147      0.0264952              0              0    0.000444043     -0.0206384    -0.00599661      0.0308088       0.015986      0.0200639
       0.115208      0.0256902       0.117147      0.0264952              0              0     -0.0364376    -0.00758715    -0.00599661      0.0308088      0.0241423      0.0230746
       0.115112      0.0254706       0.117147      0.0264952              0              0     -0.0299084     -0.0156929    -0.00599661      0.0308088      0.0220065      0.0210829
       0.115596      0.0253517       0.117147      0.0264952              0              0     -0.0194679     -0.0167669    -0.00599661      0.0308088      0.0201588       0.019424
       0.116433      0.0256192       0.117147      0.0264952              0              0    -0.00239208     -0.0105379    -0.00599661      0.0308088      0.0186887      0.0157933
       0.115004      0.0252002       0.117147      0.0264952              0              0     -0.0451403     -0.0234545    -0.00599661      0.0308088      0.0128984      0.0151296
       0.115274      0.0255449       0.117147      0.0264952              0              0     -0.0278401     -0.0115539    -0.00599661      0.0308088      0.0173602      0.0174065
       0.115905      0.0258257       0.117147      0.0264952              0              0     -0.0138234    -0.00762072    -0.00599661      0.0308088      0.0174527      0.0149927
       0.115612      0.0255022       0.117147      0.0264952              0              0     -0.0220249     -0.0172819    -0.00599661      0.0308088      0.0125332      0.0132375
       0.115527      0.0258639       0.117147      0.0264952              0              0     -0.0208203    -0.00629486    -0.00599661      0.0308088      0.0139413      0.0117927
       0.115399      0.0257148       0.117147      0.0264952              0              0      -0.025011     -0.0135041    -0.00599661      0.0308088     0.00964403     0.00993443
       0.114935      0.0253008       0.117147      0.0264952              0              0     -0.0370547     -0.0218899    -0.00599661      0.0308088      0.0102243      0.0158525
        0.11632      0.0253196       0.117147      0.0264952              0              0    -0.00101659     -0.0171901    -0.00599661      0.0308088       0.021481      0.0273948
        0.11561      0.0255352       0.117147      0.0264952              0              0     -0.0308348     -0.0101981    -0.00599661      0.0308088      0.0333085      0.0334215
       0.115914      0.0252472       0.117147      0.0264952              0              0     -0.0176989     -0.0172991    -0.00599661      0.0308088      0.0335345      0.0313301
       0.116733      0.0243975       0.117147      0.0264952              0              0     -0.0015038     -0.0362394    -0.00599661      0.0308088      0.0291247      0.0331631
       0.116379       0.024722       0.117147      0.0264952              0              0     -0.0153742     -0.0224323    -0.00599661      0.0308088      0.0372019      0.0372643
       0.116291      0.0244205       0.117147      0.0264952              0              0     -0.0140461     -0.0324701    -0.00599661      0.0308088      0.0373273      0.0391831
       0.117157      0.0243025       0.117147      0.0264952              0              0     0.00781369     -0.0317748    -0.00599661      0.0308088       0.041039      0.0429058
        0.11687      0.0248326       0.117147      0.0264952              0              0    -0.00592712     -0.0182519    -0.00599661      0.0308088      0.0447721      0.0393319
       0.116437      0.0244791       0.117147      0.0264952              0              0     -0.0147933     -0.0316866    -0.00599661      0.0308088      0.0338917      0.0304623
       0.116623      0.0242397       0.117147      0.0264952              0              0    -0.00808601     -0.0361029    -0.00599661      0.0308088      0.0270329      0.0281034
       0.117322      0.0247131       0.117147      0.0264952              0              0     0.00845233      -0.024112    -0.00599661      0.0308088      0.0291739      0.0291448
       0.116857      0.0251694       0.117147      0.0264952              0              0    -0.00745096     -0.0164012    -0.00599661      0.0308088      0.0291157      0.0256381
       0.116618      0.0245589       0.117147      0.0264952              0              0    -0.00960491     -0.0342913    -0.00599661      0.0308088      0.0221605      0.0256195
       0.116418      0.0250788       0.117147      0.0264952              0              0     -0.0132066     -0.0165864    -0.00599661      0.0308088       0.029079      0.0282793
       0.117211      0.0254236       0.117147      0.0264952              0              0     0.00915584     -0.0126901    -0.00599661      0.0308088      0.0274792      0.0233116
       0.116715      0.0251729       0.117147      0.0264952              0              0     -0.0089604     -0.0212971    -0.00599661      0.0308088      0.0191445      0.0172791
       0.116813      0.0255691       0.117147      0.0264952              0              0    -0.00329068      -0.011061    -0.00599661      0.0308088      0.0154138      0.0115094
       0.116494      0.0256252       0.117147      0.0264952              0              0     -0.0142861     -0.0143457    -0.00599661      0.0308088     0.00760555      0.0061655
       0.117026      0.0255056       0.117147      0.0264952              0              0     0.00135026     -0.0178159    -0.00599661      0.0308088     0.00472593     0.00804758
       0.117506      0.0261762       0.117147      0.0264952              0              0     0.00897688   -0.000185766    -0.00599661      0.0308088      0.0113692     0.00997448
       0.117097      0.0262395       0.117147      0.0264952              0              0    -0.00451109    -0.00320395    -0.00599661      0.0308088     0.00858021     0.00613213
        0.11742      0.0260924       0.117147      0.0264952              0              0     0.00561854    -0.00696145    -0.00599661      0.0308088     0.00368404     0.00268602
       0.117256      0.0262034       0.117147      0.0264952              0              0    -0.00174185    -0.00422522    -0.00599661      0.0308088       0.001688     0.00111866
       0.117753      0.0261751       0.117147      0.0264952              0              0      0.0127651    -0.00613177    -0.00599661      0.0308088     0.00054884     0.00198555
       0.117398      0.0266448       0.117147      0.0264952              0              0    0.000461758     0.00592179    -0.00599661      0.0308088     0.00342226     0.00064373
       0.117327       0.026347       0.117147      0.0264952              0              0     0.00248467    -0.00507589    -0.00599661      0.0308088     -0.0021347    -0.00163216
       0.117369      0.0265773       0.117147      0.0264952              0              0     0.00407014     0.00297245    -0.00599661      0.0308088     -0.0011297    -0.00229031
        0.11706      0.0264135       0.117147      0.0264952              0              0     -0.0028971    -0.00348029    -0.00599661      0.0308088     -0.0034509    -0.00187925
       0.116777      0.0264653       0.117147      0.0264952              0              0    -0.00677466   -0.000241128    -0.00599661      0.0308088   -0.000307759     0.00119019
       0.116913      0.0265535       0.117147      0.0264952              0              0   -0.000700246     0.00184555    -0.00599661      0.0308088     0.00268793     0.00279808
       0.116929      0.0265191       0.117147      0.0264952              0              0    -0.00109639    0.000856108    -0.00599661      0.0308088     0.00290823      0.0021348
       0.116727      0.0264603       0.117147      0.0264952              0              0     -0.0067766   -0.000477259    -0.00599661      0.0308088     0.00136089    0.000464916
       0.116511      0.0258681       0.117147      0.0264952              0              0     -0.0120181     -0.0147885    -0.00599661      0.0308088   -0.000430806     0.00532532
       0.117012      0.0260596       0.117147      0.0264952              0              0     0.00104926    -0.00461289    -0.00599661      0.0308088      0.0110812      0.0148549
       0.117172      0.0257002       0.117147      0.0264952              0              0    0.000968962     -0.0134468    -0.00599661      0.0308088      0.0186286      0.0235004
       0.117384      0.0253261       0.117147      0.0264952              0              0     0.00483654     -0.0173572    -0.00599661      0.0308088      0.0283718       0.032578
       0.117381      0.0255543       0.117147      0.0264952              0              0      0.0018782    -0.00811674    -0.00599661      0.0308088      0.0367842      0.0332689
       0.117703      0.0248544       0.117147      0.0264952              0              0     0.00907572     -0.0273803    -0.00599661      0.0308088      0.0297527      0.0292621
       0.117567      0.0249715       0.117147      0.0264952              0              0     0.00286208     -0.0201579    -0.00599661      0.0308088      0.0287714      0.0260491
       0.117286       0.024993       0.117147      0.0264952              0              0    -0.00170622      -0.022671    -0.00599661      0.0308088      0.0233264      0.0215855
       0.117415      0.0249558       0.117147      0.0264952              0              0     0.00572355     -0.0241014    -0.00599661      0.0308088      0.0198455      0.0206122
       0.117385      0.0256009       0.117147      0.0264952              0              0     0.00635105    -0.00847099    -0.00599661      0.0308088      0.0213795      0.0174642
       0.116714      0.0260236       0.117147      0.0264952              0              0    -0.00854499    -0.00380606    -0.00599661      0.0308088      0.0135484      0.0061717
        0.11588      0.0254568       0.117147      0.0264952              0              0     -0.0237906     -0.0220449    -0.00599661      0.0308088     -0.0012053    0.000207424
       0.116107      0.0263262       0.117147      0.0264952              0              0     -0.0115104     0.00243023    -0.00599661      0.0308088     0.00161886    -0.00117882
       0.115724      0.0264772       0.117147      0.0264952              0              0     -0.0215549    -0.00148986    -0.00599661      0.0308088    -0.00397653    -0.00512457
       0.115603      0.0265448       0.117147      0.0264952              0              0     -0.0202687    0.000131789    -0.00599661      0.0308088    -0.00627266    -0.00622555
       0.115341      0.0264548       0.117147      0.0264952              0              0     -0.0267792    -0.00282365    -0.00599661      0.0308088    -0.00617852    -0.00323607
       0.115335      0.0265043       0.117147      0.0264952              0              0     -0.0258149    9.84315e-05    -0.00599661      0.0308088   -0.000293662     0.00270748
       0.115553      0.0255638       0.117147      0.0264952              0              0     -0.0218626     -0.0215977    -0.00599661      0.0308088     0.00570869      0.0172868
       0.115993      0.0254616       0.117147      0.0264952              0              0     -0.0140208     -0.0134647    -0.00599661      0.0308088      0.0288653      0.0377994
       0.115794      0.0251187       0.117147      0.0264952              0              0     -0.0237101     -0.0181816    -0.00599661      0.0308088      0.0467329      0.0509138
       0.116054      0.0247006       0.117147      0.0264952              0              0     -0.0165349     -0.0229913    -0.00599661      0.0308088      0.0550942      0.0534396
        0.11694      0.0240176       0.117147      0.0264952              0              0     0.00285725     -0.0372786    -0.00599661      0.0308088       0.051785      0.0505595
       0.116677        0.02369       0.117147      0.0264952              0              0     -0.0101902     -0.0418192    -0.00599661      0.0308088      0.0493336      0.0487542
       0.115764      0.0247127       0.117147      0.0264952              0              0     -0.0300441     -0.0164536    -0.00599661      0.0308088      0.0481749      0.0363793
       0.116617      0.0241861       0.117147      0.0264952              0              0   -0.000591854     -0.0403064    -0.00599661      0.0308088      0.0245838      0.0209951
        0.11685      0.0249816       0.117147      0.0264952              0              0    0.000221233     -0.0184528    -0.00599661      0.0308088      0.0174069      0.0119772
       0.116103      0.0248129       0.117147      0.0264952              0              0     -0.0180217     -0.0315262    -0.00599661      0.0308088     0.00654745      0.0103436
       0.115402      0.0258074       0.117147      0.0264952              0              0     -0.0310752    -0.00438024    -0.00599661      0.0308088      0.0141401      0.0125303
       0.115391      0.0251612       0.117147      0.0264952              0              0     -0.0263911     -0.0271051    -0.00599661      0.0308088        0.01092      0.0177565
        0.11572      0.0261885       0.117147      0.0264952              0              0     -0.0165179     0.00584473    -0.00599661      0.0308088      0.0245924      0.0200491
       0.115695       0.025511       0.117147      0.0264952              0              0      -0.018002     -0.0195312    -0.00599661      0.0308088      0.0155048      0.0158772
       0.115981      0.0256459       0.117147      0.0264952              0              0     -0.0116535       -0.01013    -0.00599661      0.0308088      0.0162506      0.0146255
       0.115706      0.0253524       0.117147      0.0264952              0              0      -0.024186     -0.0202786    -0.00599661      0.0308088          0.013      0.0154772
       0.115927      0.0253969       0.117147      0.0264952              0              0     -0.0200377     -0.0160343    -0.00599661      0.0308088      0.0179539      0.0205722
       0.116758      0.0254254       0.117147      0.0264952              0              0    -0.00348327     -0.0150773    -0.00599661      0.0308088      0.0231905      0.0248256
       0.117076      0.0246333       0.117147      0.0264952              0              0    -0.00170952     -0.0331345    -0.00599661      0.0308088      0.0264611      0.0342889
       0.117304       0.025041       0.117147      0.0264952              0              0     0.00231061     -0.0152821    -0.00599661      0.0308088      0.0421166      0.0425401
       0.117892      0.0245289       0.117147      0.0264952              0              0      0.0150619     -0.0304228    -0.00599661      0.0308088      0.0429654      0.0441518
       0.117389      0.0248275       0.117147      0.0264952              0              0     -0.0021636     -0.0183936    -0.00599661      0.0308088      0.0453382      0.0388641
       0.117652      0.0244378       0.117147      0.0264952              0              0     0.00850661      -0.032806    -0.00599661      0.0308088      0.0323911      0.0289693
       0.117375      0.0246914       0.117147      0.0264952              0              0    -0.00017385     -0.0253684    -0.00599661      0.0308088       0.025548      0.0219979
       0.117262      0.0253272       0.117147      0.0264952              0              0     0.00174187     -0.0143054    -0.00599661      0.0308088      0.0184479      0.0127568
       0.117208      0.0262864       0.117147      0.0264952              0              0     0.00293233      0.0028124    -0.00599661      0.0308088     0.00706577    -0.00428498
       0.116756      0.0261601       0.117147      0.0264952              0              0    -0.00633862     -0.0101287    -0.00599661      0.0308088     -0.0156358     -0.0194422
        0.11659      0.0271543       0.117147      0.0264952              0              0    -0.00695414        0.01312    -0.00599661      0.0308088      -0.023249     -0.0287696
       0.116697      0.0275286       0.117147      0.0264952              0              0    -0.00415104      0.0126327    -0.00599661      0.0308088     -0.0342902     -0.0356469
       0.116486       0.028295       0.117147      0.0264952              0              0     -0.0114232      0.0291672    -0.00599661      0.0308088     -0.0370037     -0.0402338
       0.116471      0.0282337       0.117147      0.0264952              0              0      -0.011334      0.0215599    -0.00599661      0.0308088      -0.043464     -0.0414625
       0.116419       0.028239       0.117147      0.0264952              0              0     -0.0129274      0.0235896    -0.00599661      0.0308088     -0.0394617     -0.0345132
       0.117021      0.0282583       0.117147      0.0264952              0              0     0.00328446      0.0255397    -0.00599661      0.0308088     -0.0295649     -0.0249302
       0.116684      0.0283818       0.117147      0.0264952              0              0    -0.00903477      0.0306311    -0.00599661      0.0308088     -0.0202954     -0.0201377
       0.116501      0.0282511       0.117147      0.0264952              0              0     -0.0104487      0.0274316    -0.00599661      0.0308088       -0.01998     -0.0229116
       0.116592      0.0268098       0.117147      0.0264952              0              0    -0.00748051    -0.00703741    -0.00599661      0.0308088      -0.025843     -0.0156058
       0.115902      0.0278626       0.117147      0.0264952              0              0     -0.0244318      0.0303822    -0.00599661      0.0308088    -0.00536832    -0.00696721
       0.115802      0.0272407       0.117147      0.0264952              0              0     -0.0194318     0.00709166    -0.00599661      0.0308088    -0.00856611     -0.0074042
